1311877977.077520 0 0 0 0 0 0 1 
1311877977.113269 -4.769346e-05 1.516058e-06 -4.766788e-05 0.0001391149 -0.0001253165 3.47118e-05 1 
1311877977.145290 -7.251358e-05 0.0004091225 0.0001710526 -0.0002808673 1.159127e-05 2.545421e-05 1 
1311877977.177364 -0.0001403646 0.0004338769 0.0002411964 -0.0002938328 -2.05297e-05 -1.758804e-05 1 
1311877977.213305 -4.600273e-05 -4.115801e-05 0.0001989473 -0.0005663498 0.0001894301 -6.495391e-05 0.9999998 
1311877977.245777 -0.0003008249 -0.0002553738 0.0001975849 -0.0005086168 1.838919e-05 7.871527e-05 0.9999999 
1311877977.277663 -8.819435e-06 -0.0002303629 9.210872e-05 -0.0002463944 3.424554e-05 -0.000158214 1 
1311877977.313321 0.0002039369 -0.0002598524 3.469245e-05 -0.0002300983 0.0001315601 -2.254468e-05 1 
1311877977.345361 0.0001287751 0.0003650733 0.0001242384 -0.000108522 0.0002630616 -6.5934e-07 1 
1311877977.377279 -0.0001062412 -1.969716e-05 0.0001912444 -0.0003300958 0.0003518301 -1.402665e-05 0.9999999 
1311877977.413210 0.0006591273 0.0008252673 -1.879671e-05 -2.616501e-05 0.0005815447 -0.000358653 0.9999998 
1311877977.445420 -0.0002750462 0.001517207 0.0007358712 -0.0003671305 0.002365423 -0.0001961396 0.9999971 
1311877977.477360 0.0007220853 0.0004653393 -0.0001325273 -0.000544409 0.003460568 -0.0004235013 0.9999938 
1311877977.513388 0.006324849 0.002150115 0.001299922 -0.0004559577 0.003165493 0.0002023924 0.9999949 
1311877977.545546 0.005304484 -0.002991228 0.0005529617 -0.001164508 0.004979354 0.0003505079 0.9999869 
1311877977.577444 0.006398665 -0.006011837 -0.001153374 -0.001917526 0.005626224 0.0002335673 0.9999823 
1311877977.613330 0.01110917 -0.0002262018 0.0003258683 0.0006023153 0.005594912 0.0003239645 0.9999841 
1311877977.645432 0.01598981 -0.003581828 0.000178595 -0.001510011 0.005868914 0.0008828753 0.9999812 
1311877977.677420 0.01817102 -0.009049444 -0.001080458 -0.004592128 0.007946824 0.001276137 0.9999571 
1311877977.713395 0.02381568 -0.004555701 0.0008198312 -0.002785864 0.008399783 0.001603266 0.9999596 
1311877977.745353 0.02409922 -0.006369448 0.000623615 -0.003625383 0.01165109 0.001781719 0.999924 
1311877977.777481 0.02979615 -0.009234942 -0.0006087526 -0.004054527 0.01296986 0.001414661 0.9999067 
1311877977.813645 0.0256149 0.0005975531 0.001468957 -0.003076561 0.01981676 0.0028561 0.9997948 
1311877977.845495 0.04210241 -0.01243884 0.002819477 -0.005311484 0.01586706 0.003057993 0.9998553 
1311877977.877280 0.03215852 -0.005337899 -0.0001603604 -6.391065e-05 0.02516568 0.003936697 0.9996755 
1311877977.913522 0.01090299 0.000788089 -0.001244163 0.001797297 0.0377763 0.00469689 0.9943841 
1311877977.945435 0.03507385 -0.002777566 0.0004294919 -0.0009672769 0.02867139 0.004353159 0.9995789 
1311877977.977391 0.02930083 0.002483683 0.001227161 0.001286067 0.03642357 0.004663025 0.9944356 
1311877978.013400 0.03492518 0.00311246 0.001757376 0.001562141 0.03889395 0.005681094 0.9943363 
1311877978.045870 0.04234913 0.001395754 0.00239743 0.0003790162 0.04165192 0.006430973 0.9942212 
1311877978.077424 0.049524 0.002735611 0.002051103 0.001945685 0.04587881 0.006758823 0.9940311 
1311877978.113431 0.04751992 0.003975173 0.002026239 -0.003052209 0.05461257 0.008439746 0.9935739 
1311877978.145234 0.05366749 -0.005481289 0.004396791 -0.003838416 0.05745027 0.007549795 0.9934183 
1311877978.177364 0.05918741 -0.002046078 0.003487904 0.001908249 0.06307454 0.007906591 0.9930799 
1311877978.213320 0.02096897 0.0006331352 -0.004922802 0.002982529 0.08658239 0.009763839 0.9847052 
1311877978.245415 0.0476566 -0.006499305 -0.0007570732 -0.001110563 0.07801938 0.009592002 0.992004 
1311877978.277398 0.04007431 -0.002060609 -0.003271704 0.0007861592 0.08606475 0.01052231 0.9847469 
1311877978.313419 0.03247282 0.001153383 -0.004453392 0.002490268 0.09385071 0.01144705 0.9840222 
1311877978.345403 0.03692004 0.001480369 -0.003777226 0.001858727 0.09637258 0.01217673 0.9837711 
1311877978.377446 0.03981964 0.00167631 -0.003809371 0.002363942 0.1001699 0.01247222 0.9833869 
1311877978.413262 0.039585 0.003756936 -0.003395263 0.0004144805 0.106051 0.01359699 0.9827579 
1311877978.445369 0.03901977 -0.0002448731 -0.002896221 0.0001601579 0.1108264 0.01320391 0.9822363 
1311877978.477446 0.03208798 0.00587987 -0.003954648 0.00414837 0.1164804 0.01308914 0.9568702 
1311877978.513411 0.02174257 0.005299458 -0.005146967 0.002985256 0.1257435 0.01404415 0.9556879 
1311877978.545339 0.02572187 0.005731847 -0.004671813 0.002968498 0.1269156 0.014374 0.9555281 
1311877978.577394 0.0318506 0.006061003 -0.003845298 0.002623272 0.1289946 0.01512807 0.955239 
1311877978.613563 0.03137092 0.005531273 -0.003611576 0.002376949 0.1340419 0.01631015 0.954525 
1311877978.645387 0.03290103 0.005665569 -0.003202326 0.002654782 0.1383935 0.01677 0.9538951 
1311877978.677320 0.03130556 0.005721657 -0.003210488 0.002599704 0.144449 0.01708434 0.9529915 
1311877978.713395 0.02925503 0.005467973 -0.002897275 0.002442432 0.1466778 0.01668962 0.9278015 
1311877978.745378 0.02886506 0.005905527 -0.003106722 0.002237806 0.1556151 0.01738566 0.9512274 
1311877978.777537 0.02783181 0.005640687 -0.002768361 0.001731214 0.1564168 0.0172082 0.9262014 
1311877978.813507 0.02968188 0.005507891 -0.002146363 0.001818336 0.1601753 0.01769839 0.9255495 
1311877978.845315 0.03084206 0.005913859 -0.002134746 0.002041325 0.1644501 0.01841234 0.9247851 
1311877978.877520 0.0301814 0.006084729 -0.00190864 0.002116236 0.169601 0.01903857 0.9238414 
1311877978.913364 0.02844878 0.006425862 -0.002133196 0.001910899 0.1749875 0.01952181 0.9228267 
1311877978.945227 0.02859319 0.006720644 -0.001793365 0.001100173 0.1795943 0.01984104 0.9219357 
1311877978.977585 0.02871656 0.006316774 -0.001515457 0.0002675502 0.1839765 0.02040434 0.9210595 
1311877979.013398 0.03206146 0.006555548 -0.0009008856 9.322022e-05 0.1873944 0.02054902 0.920367 
1311877979.045532 0.03479984 0.006472983 -0.000634528 0.0007918913 0.1915251 0.02122208 0.9195007 
1311877979.077393 0.03736447 0.006501713 -0.0005850676 0.0006876918 0.1958632 0.02183642 0.9185721 
1311877979.113517 0.03178418 0.006397398 -0.0009392265 0.0007091441 0.2032993 0.02219775 0.9169463 
1311877979.145364 0.03005289 0.006577144 -0.001167326 0.001136065 0.2083794 0.02237852 0.9158004 
1311877979.178599 0.02920234 0.006501439 -0.001085557 0.000705213 0.212878 0.02305869 0.9147487 
1311877979.213224 0.02968952 0.006182869 -0.0009368374 0.0007164979 0.2164268 0.02361325 0.9139014 
1311877979.245455 0.02961929 0.006725372 -0.001033065 0.00122272 0.2204569 0.02407335 0.9129251 
1311877979.277758 0.02556419 0.007225258 -0.0007599762 0.001426708 0.2218519 0.02454911 0.8941264 
1311877979.313344 0.03112333 0.006607282 -0.0001817417 0.001839264 0.2281257 0.02543266 0.911001 
1311877979.345373 0.02777663 0.0080415 -0.0006857633 0.003041226 0.2295713 0.02517861 0.8921541 
1311877979.377648 0.028959 0.008556124 -0.0005541011 0.002990536 0.2341033 0.02584481 0.8909567 
1311877979.413486 0.0412414 0.007628637 0.000435548 0.002557217 0.2338407 0.02673427 0.8910007 
1311877979.445341 0.0271432 0.008051978 -0.0008285157 0.002687271 0.2446688 0.02665339 0.8880904 
1311877979.477270 0.02838588 0.007803848 -0.0006286797 0.002419421 0.2485789 0.02708546 0.8869916 
1311877979.513577 0.02815584 0.007923915 -0.0008034423 0.002559904 0.2530876 0.02763534 0.8856983 
1311877979.545722 0.02851339 0.008240199 -0.0008069658 0.002691602 0.2574229 0.02822049 0.8844291 
1311877979.577451 0.02907579 0.008227247 -0.000828029 0.002703215 0.2615921 0.02905232 0.883178 
1311877979.613566 0.02906906 0.008326907 -0.0007550256 0.002928441 0.2659981 0.02956012 0.8818434 
1311877979.645396 0.02879738 0.007851674 -0.0009527686 0.00277751 0.2704883 0.03027158 0.8804527 
1311877979.677434 0.030396 0.00780294 -0.0009004202 0.002658128 0.2746217 0.03085569 0.8791524 
1311877979.713433 0.03079859 0.007636335 -0.00116932 0.002497684 0.2794383 0.03159531 0.8776074 
1311877979.746035 0.0316051 0.009477151 -0.002615131 0.003219827 0.255892 0.03001199 0.7910763 
1311877979.777375 0.02806998 0.006911618 3.511929e-05 0.001973398 0.2908545 0.03256925 0.8738558 
1311877979.813375 0.02564072 0.005446024 -0.0006911387 0.00100928 0.2668574 0.03128644 0.7874013 
1311877979.848224 0.00858757 -0.00961459 0.001705359 -0.005700063 0.2778707 0.03218059 0.7835262 
1311877979.877368 0.009142473 -0.008571249 0.002130805 -0.005012795 0.2813801 0.03210435 0.7822806 
1311877979.913187 0.01010124 -0.007326458 0.002186238 -0.004328715 0.2847674 0.03255321 0.7810394 
1311877979.946690 0.01004099 -0.007019213 0.00226081 -0.003671422 0.2885025 0.03280277 0.7796604 
1311877979.977634 0.01012841 -0.006964673 0.002327533 -0.003640804 0.2925261 0.03316489 0.7781445 
1311877980.013291 0.01010644 -0.008082059 0.002086941 -0.003831883 0.2967666 0.03354261 0.77652 
1311877980.045516 0.009700693 -0.007965396 0.002306539 -0.003636327 0.3014387 0.03374529 0.7747105 
1311877980.077763 0.009436337 -0.007637931 0.002309795 -0.003342506 0.3059413 0.03395292 0.7729356 
1311877980.113328 0.00953198 -0.007780074 0.002025207 -0.00287324 0.3100263 0.03369226 0.7713195 
1311877980.146249 0.009207241 -0.007830982 0.002078962 -0.002690065 0.314144 0.03393663 0.7696416 
1311877980.177443 0.008524719 -0.008415928 0.002093494 -0.002932817 0.3179664 0.03422269 0.7680567 
1311877980.213514 0.02115043 0.002789435 0.0004274069 0.001664164 0.3005728 0.03472147 0.733325 
1311877980.246131 0.02182972 0.003291431 0.0004390514 0.001888 0.3034591 0.03503648 0.7321197 
1311877980.277535 0.02144144 0.003208521 0.0005307535 0.00171544 0.3071544 0.03559272 0.7305506 
1311877980.313298 0.02176243 0.003489124 0.0004237355 0.001601243 0.3104889 0.0360497 0.7291175 
1311877980.345370 0.02249886 0.003916805 0.000598906 0.001978561 0.3137777 0.03609464 0.727705 
1311877980.377497 0.02249085 0.0040479 0.0004702429 0.00215165 0.317814 0.03607417 0.7259519 
1311877980.413272 0.02181452 0.003730092 0.0006021618 0.001775363 0.3221202 0.03639264 0.7240365 
1311877980.445312 0.02209692 0.003612268 0.0007060749 0.001407871 0.3255984 0.0369365 0.7224523 
1311877980.477624 0.02190123 0.003563312 0.0007948862 0.001807654 0.3296033 0.03712333 0.7206234 
1311877980.513479 0.02179357 0.003535581 0.0007613623 0.001376794 0.333392 0.03787742 0.7188401 
1311877980.545327 0.02205301 0.003445362 0.0007850931 0.00166894 0.3366247 0.03838437 0.7173043 
1311877980.577403 0.02201781 0.003545291 0.0007797294 0.001734536 0.3398912 0.03861972 0.7157495 
1311877980.613366 0.02198101 0.003598687 0.0006848903 0.001892527 0.3431667 0.03887615 0.7141705 
1311877980.645777 0.02208518 0.003533527 0.0007152178 0.002243289 0.3462278 0.03916073 0.7126749 
1311877980.677479 0.02171 0.003354566 0.0008960971 0.002292651 0.349694 0.03935985 0.7109694 
1311877980.713417 0.02202138 0.003539354 0.0008123679 0.00235804 0.353076 0.0397547 0.7092737 
1311877980.745492 0.01338133 -0.0004451071 0.00353599 0.0007405123 0.3603492 0.04011343 0.7055896 
1311877980.777455 0.01449736 0.000307295 0.003553092 0.001066094 0.3635622 0.04085254 0.7038965 
1311877980.813297 0.01752222 0.002025195 0.002835055 0.00136241 0.3659683 0.04097296 0.702641 
1311877980.845366 0.0222473 0.00282509 0.001491947 0.001569022 0.3676383 0.04146097 0.7017396 
1311877980.877458 0.02193227 0.002908776 0.001491208 0.001659257 0.3717995 0.04201068 0.6995108 
1311877980.913450 0.02226487 0.00282673 0.001560804 0.001907059 0.3758962 0.04241316 0.6972929 
1311877980.945707 0.02261231 0.002740164 0.001697617 0.002247673 0.3794027 0.04251868 0.6953837 
1311877980.977574 0.0221233 0.002642932 0.002081925 0.002095971 0.3219427 0.03610683 0.5826359 
1311877981.013441 0.02237098 0.002616959 0.00212373 0.00193233 0.3249086 0.03659467 0.5809572 
1311877981.045375 0.02247154 0.002636828 0.002239253 0.002226194 0.3279435 0.03675327 0.5792383 
1311877981.078382 0.02232224 0.002586775 0.002187912 0.001998803 0.3311188 0.03716229 0.5774037 
1311877981.113325 0.02277515 0.002533221 0.002286394 0.001938017 0.3340826 0.03780689 0.5756522 
1311877981.145366 0.02282948 0.00255149 0.002396736 0.002220849 0.3370793 0.03789752 0.5738956 
1311877981.177325 0.02287534 0.002568061 0.002414806 0.002175047 0.3401312 0.03814907 0.5720755 
1311877981.213334 0.02312583 0.002555835 0.002492952 0.002382327 0.3431172 0.03842288 0.5702704 
1311877981.245775 0.02314706 0.002439812 0.002455111 0.00235435 0.3459377 0.03870935 0.5685445 
1311877981.277707 0.02340346 0.002393143 0.002501942 0.002241317 0.348554 0.03909379 0.5669184 
1311877981.313617 0.02355502 0.002402062 0.002602795 0.00221166 0.3511935 0.03941098 0.5652652 
1311877981.345350 0.02358235 0.002414944 0.002640413 0.002262108 0.3541076 0.03981092 0.5634159 
1311877981.377563 0.02372622 0.002377916 0.002652026 0.002189267 0.3571219 0.0402251 0.5614809 
1311877981.413966 0.02411097 0.002411659 0.002799917 0.002525572 0.3600893 0.04051427 0.5595602 
1311877981.445477 0.02407496 0.002311329 0.002722743 0.002642284 0.3631311 0.04049064 0.5575922 
1311877981.477399 0.02421329 0.002270925 0.002751245 0.002187546 0.3661741 0.0411252 0.5555539 
1311877981.513416 0.0246124 0.002304169 0.002880564 0.002547561 0.3692424 0.04160709 0.5534818 
1311877981.546139 0.02491488 0.00212198 0.003016965 0.002669747 0.372341 0.04197033 0.551374 
1311877981.577848 0.02503683 0.00208617 0.003498121 0.002424009 0.3484195 0.03989787 0.5098005 
1311877981.613536 0.0253393 0.001988239 0.003579216 0.002865782 0.3509015 0.04025466 0.5080649 
1311877981.645484 0.02530998 0.001980789 0.003570103 0.002818252 0.3535136 0.04050333 0.5062313 
1311877981.677425 0.02588547 0.001850866 0.003718542 0.003059387 0.3558552 0.04102148 0.5045448 
1311877981.713381 0.02633989 0.001835451 0.003874833 0.003619069 0.3584354 0.0410067 0.5027125 
1311877981.745381 0.02629166 0.001746618 0.003886165 0.003897442 0.3610889 0.04117026 0.5007944 
1311877981.777339 0.02659614 0.001666697 0.003924965 0.003676122 0.3636998 0.04163668 0.4988645 
1311877981.813531 0.02736785 0.001554463 0.004228249 0.003646019 0.3664574 0.04200548 0.4968115 
1311877981.846422 0.02786743 0.001461594 0.004401754 0.003595904 0.3695332 0.0425 0.4944861 
1311877981.877247 0.02866504 0.00134387 0.004534811 0.003865265 0.3725751 0.04309146 0.4921447 
1311877981.913490 0.02686416 0.001534285 0.001905932 0.004727497 0.3741498 0.04439243 0.489266 
1311877981.945417 0.03045151 0.001112539 0.005221459 0.003874783 0.3786266 0.04389816 0.4874323 
1311877981.977395 0.02822814 0.001440672 0.00220558 0.004979056 0.379803 0.04514044 0.4848191 
1311877982.013421 0.0284445 0.001289127 0.002437536 0.005111906 0.3828316 0.04556711 0.4823897 
1311877982.045404 0.02929481 0.001213859 0.002633049 0.005317128 0.3856936 0.04613071 0.4800484 
1311877982.077359 0.02979874 0.001075654 0.002728992 0.005447448 0.3883705 0.0467763 0.4778211 
1311877982.113438 0.03036714 0.001048638 0.00284527 0.005588647 0.3910104 0.04720507 0.4756193 
1311877982.145658 0.03096921 0.0009227119 0.002972191 0.005588256 0.3937125 0.04757479 0.4733479 
1311877982.177300 0.03130224 0.00115157 0.003159367 0.005593576 0.3964604 0.04783172 0.4710226 
1311877982.213407 0.03178121 0.0009092473 0.003151791 0.005513974 0.3991225 0.04828009 0.4687241 
1311877982.245296 0.03210091 0.0008596118 0.003140426 0.005439427 0.4019538 0.04831681 0.4662954 
1311877982.278902 0.03213111 0.0009516328 0.003137265 0.005249603 0.404828 0.04874158 0.46376 
1311877982.313369 0.032679 0.001095699 0.003103372 0.005000958 0.4073104 0.04920607 0.4615348 
1311877982.345368 0.03288858 0.0009792484 0.003107113 0.004945934 0.4098525 0.04956868 0.4592404 
1311877982.377456 0.03334525 0.0007974276 0.003095658 0.004807291 0.4123798 0.0499482 0.4569325 
1311877982.413359 0.03357125 0.0005552556 0.003096978 0.0047376 0.4150201 0.05036351 0.4544906 
1311877982.445168 0.03403023 0.0006062906 0.003070175 0.004629662 0.4174605 0.05087446 0.452194 
1311877982.477449 0.03430099 0.0007253008 0.003060051 0.00447127 0.4200178 0.0511035 0.4497953 
1311877982.513473 0.03454902 0.0005718471 0.003022127 0.002616953 0.2466848 0.03042353 0.2612881 
1311877982.545497 0.03479629 0.0005235183 0.00301447 0.002466313 0.2482156 0.03064634 0.2598096 
1311877982.577398 0.03492539 0.0005095747 0.003007673 0.002436819 0.2496674 0.03076262 0.2584013 
1311877982.613276 0.03519111 0.0004763707 0.002998135 0.00241395 0.2511088 0.03085606 0.2569898 
1311877982.645601 0.0352774 0.0004505948 0.002992976 0.002362511 0.2524874 0.03097585 0.2556215 
1311877982.677932 0.03565701 0.000693803 0.002968498 0.002292 0.253831 0.0312032 0.2542601 
1311877982.713233 0.03568305 0.0004331804 0.00297882 0.002261475 0.2551507 0.03137 0.2529154 
1311877982.745352 0.03586552 0.000351723 0.002972349 0.00210131 0.2564651 0.03149381 0.2515684 
1311877982.778255 0.03624297 0.0003870448 0.002954127 0.002085994 0.2577205 0.03167922 0.2502589 
1311877982.813403 0.03672233 0.0007372573 0.002915149 0.001777084 0.2264225 0.02787522 0.2176272 
1311877982.845560 0 0 0 0 0 0 1 
1311877982.878345 0 0 0 0 0 0 1 
1311877982.913721 0 0 0 0 0 0 1 
1311877982.945673 0 0 0 0 0 0 1 
1311877982.977289 0.003971778 0.0094235 -0.04026329 0.00367857 0.08965121 0.02483991 0.9841631 
1311877983.013268 0.1313671 0.1347469 -0.004247821 0.07559414 0.03154748 0.01021831 0.9851045 
1311877983.045729 0.1327614 0.1367841 -0.003383372 0.07669756 0.03406768 0.01075079 0.9849296 
1311877983.077698 0.1350749 0.1385754 -0.001002711 0.07763843 0.03700832 0.01138437 0.9847426 
1311877983.113503 0.1358699 0.1385653 -0.001148643 0.07766254 0.04047593 0.01218775 0.9845947 
1311877983.145334 0.1359514 0.1386549 8.14995e-07 0.07757068 0.04538516 0.01350669 0.9843706 
1311877983.177609 0.1383766 0.1402041 0.001673021 0.07809786 0.04948353 0.01420632 0.9841216 
1311877983.213195 0.137629 0.1385946 0.001987352 0.07683808 0.05484678 0.0155028 0.9839169 
1311877983.245184 0.1404086 0.1413266 0.003888753 0.07821411 0.05858052 0.01600176 0.9835852 
1311877983.277479 0.1412882 0.1411792 0.004806968 0.07780842 0.0634987 0.01710355 0.9832935 
1311877983.313178 0.1420661 0.1418443 0.006482751 0.07817353 0.06845783 0.01795849 0.9829165 
1311877983.347151 0.1431877 0.1421816 0.006777533 0.07850535 0.0732449 0.01887382 0.9825278 
1311877983.377328 0.1410071 0.1404655 0.005827801 0.0774109 0.07882904 0.02024105 0.9821552 
1311877983.413326 0.1414565 0.1409474 0.006731458 0.07742671 0.08365278 0.02123311 0.9817339 
1311877983.445329 0.1664306 0.1407626 0.005182807 0.07140985 0.07174098 0.03406742 0.9793549 
1311877983.477432 0.1428719 0.1409513 0.008718377 0.07781345 0.09231475 0.02273288 0.9808931 
1311877983.513316 0.1678553 0.1409122 0.006685709 0.07197843 0.08085129 0.03545743 0.9785538 
1311877983.545438 0.1678009 0.1407346 0.007148039 0.07200677 0.08611655 0.03637977 0.9780686 
1311877983.577246 0.1676287 0.1405824 0.007595924 0.07196912 0.09136407 0.03736994 0.9775578 
1311877983.613310 0.1682157 0.1407095 0.008524565 0.07232627 0.09651031 0.03813719 0.9770071 
1311877983.645310 0.1698085 0.1406988 0.009569071 0.07296346 0.1017398 0.03894461 0.9763971 
1311877983.677866 0.1703626 0.1413778 0.00977276 0.0739278 0.1078919 0.03971155 0.975633 
1311877983.713356 0.1698466 0.1414604 0.009810276 0.07395361 0.1135508 0.04080353 0.9749435 
1311877983.745341 0.1694658 0.1408795 0.009585961 0.07382411 0.1177091 0.04170847 0.9744217 
1311877983.777887 0.1711713 0.141524 0.01051178 0.07476464 0.121284 0.04204538 0.973897 
1311877983.813123 0.1711589 0.1410946 0.01111768 0.07474906 0.125874 0.04318678 0.9732656 
1311877983.845602 0.1713807 0.1409562 0.01137541 0.07462428 0.1303635 0.04453437 0.9726232 
1311877983.879316 0.1718223 0.1418734 0.01229898 0.07516461 0.1347243 0.04503826 0.9719639 
1311877983.913159 0.1722283 0.1410295 0.01225789 0.07449103 0.1390185 0.04593641 0.9713689 
1311877983.945294 0.1732256 0.1415962 0.01305075 0.07452473 0.1435533 0.04606317 0.9707004 
1311877983.977500 0.1737287 0.1415044 0.01342726 0.07440697 0.1486161 0.04700076 0.9699023 
1311877984.013561 0.1743682 0.1411111 0.01360383 0.07404458 0.153872 0.04773768 0.9690741 
1311877984.045280 0.1744439 0.1412359 0.01370249 0.07377812 0.1589786 0.0487264 0.9682205 
1311877984.078499 0.1745376 0.14114 0.01395466 0.07378663 0.1638196 0.04992698 0.9673514 
1311877984.113392 0.1749726 0.1408331 0.01414298 0.07338861 0.1683236 0.05081241 0.966562 
1311877984.145441 0.1755126 0.1407532 0.01450156 0.07315252 0.1727467 0.05163824 0.9657554 
1311877984.177837 0.1757199 0.1408156 0.01480292 0.0730036 0.1774527 0.05249536 0.9648668 
1311877984.213233 0.175965 0.1404206 0.01513655 0.07285098 0.1821855 0.0536069 0.9639347 
1311877984.245642 0.1753946 0.1417382 0.01389779 0.06693518 0.1699024 0.05036206 0.8757628 
1311877984.278912 0.1762096 0.1402594 0.01555057 0.07260746 0.1922887 0.05549676 0.9618815 
1311877984.313228 0.1756059 0.1416351 0.01449655 0.06665466 0.1789301 0.05225906 0.8738731 
1311877984.345627 0.1756212 0.1414998 0.01446305 0.06655788 0.1834921 0.05306957 0.8728851 
1311877984.377402 0.1757686 0.141252 0.01470405 0.06622572 0.1882029 0.05406807 0.8718454 
1311877984.413261 0.1756558 0.140953 0.01469587 0.06601009 0.1927642 0.05523422 0.8707915 
1311877984.445437 0.1755664 0.1402718 0.01448841 0.06547388 0.1969705 0.05655369 0.8698054 
1311877984.477451 0.1750755 0.1394724 0.0140446 0.06501789 0.2010533 0.05781323 0.8688221 
1311877984.513523 0.1744605 0.139466 0.01354778 0.06484952 0.2052713 0.05889143 0.8677753 
1311877984.545496 0.1739947 0.1389638 0.01329383 0.06438258 0.2093986 0.06041443 0.8667186 
1311877984.577702 0.1740665 0.1390174 0.01368781 0.06435363 0.2137227 0.06123361 0.8656071 
1311877984.613810 0.1735472 0.1389618 0.01377802 0.06430051 0.2185171 0.06231944 0.8643356 
1311877984.645470 0.173403 0.138491 0.01383857 0.06405995 0.2232379 0.0634917 0.8630608 
1311877984.677501 0.1726789 0.1378496 0.01350573 0.0636858 0.2279214 0.06487149 0.8617608 
1311877984.713706 0.1728811 0.1376848 0.01342168 0.06349279 0.2319668 0.06574056 0.860629 
1311877984.745368 0.172466 0.1376528 0.01336428 0.06342883 0.2364829 0.06667758 0.8593315 
1311877984.777303 0.1724039 0.1376073 0.01350422 0.06344773 0.2409725 0.06766007 0.8580051 
1311877984.813711 0.1715147 0.13703 0.01310645 0.06291821 0.245629 0.06913504 0.856605 
1311877984.845438 0.1712425 0.1366394 0.01319195 0.06273943 0.2500406 0.07020523 0.8552536 
1311877984.877241 0.1708661 0.1364357 0.01316005 0.06241375 0.2544633 0.07113575 0.853895 
1311877984.913449 0.1711441 0.1360232 0.0134468 0.06260095 0.2587236 0.07190791 0.8525353 
1311877984.945414 0.1708541 0.1359546 0.01356122 0.06318577 0.2633789 0.07270671 0.8509976 
1311877984.978741 0.1705201 0.1360243 0.01365921 0.06388053 0.2684128 0.07320704 0.8493283 
1311877985.013449 0.1701827 0.1361047 0.01358826 0.06382661 0.2737905 0.07435829 0.8475139 
1311877985.045490 0.1701379 0.1359859 0.01386112 0.06316224 0.2790285 0.0755328 0.8457496 
1311877985.077649 0.1699214 0.135917 0.01397585 0.06197811 0.2841017 0.07660348 0.8440503 
1311877985.113410 0.1668747 0.1332014 0.01290965 0.06055581 0.2891868 0.07995997 0.842113 
1311877985.145256 0.1674958 0.1334695 0.01336929 0.06073356 0.2935632 0.08038642 0.8405439 
1311877985.177269 0.1689972 0.134303 0.01439382 0.06145797 0.2978181 0.08037165 0.8389945 
1311877985.214570 0.169229 0.1343489 0.01477145 0.06170657 0.3022846 0.0813308 0.8372847 
1311877985.245446 0.169262 0.1341393 0.01512699 0.061645 0.3063975 0.08238876 0.8356893 
1311877985.277601 0.1692427 0.1341341 0.01550371 0.06185348 0.3106537 0.08321992 0.8340185 
1311877985.313452 0.1691935 0.1344328 0.01560734 0.06193144 0.3148966 0.08365547 0.8323764 
1311877985.345304 0.1694315 0.1343242 0.01590056 0.06210349 0.3191483 0.08401141 0.8307067 
1311877985.381356 0.1693194 0.1344146 0.01609145 0.06145631 0.3236062 0.08466144 0.8289624 
1311877985.413186 0.1694085 0.134302 0.0162768 0.06139804 0.3280684 0.08519963 0.8271556 
1311877985.445532 0.1695483 0.1341703 0.01657783 0.06124617 0.3327723 0.08590533 0.8252126 
1311877985.481272 0.1679738 0.1336057 0.01464442 0.04900553 0.2734141 0.07109797 0.6675811 
1311877985.513868 0.169963 0.1342166 0.01714533 0.06090186 0.3417495 0.08713479 0.8214315 
1311877985.546341 0.1684622 0.1335682 0.01512188 0.04863976 0.2801693 0.07222444 0.6646798 
1311877985.581495 0.1691048 0.1331968 0.01545861 0.04870056 0.2829141 0.07297308 0.6634298 
1311877985.613478 0.1688577 0.1336662 0.01549978 0.04942235 0.2860402 0.07313041 0.6620171 
1311877985.645554 0.1689666 0.1337724 0.01570177 0.04978754 0.2890672 0.07389262 0.6605887 
1311877985.681205 0.169181 0.1340577 0.01617118 0.0498517 0.2923125 0.07430401 0.659108 
1311877985.713358 0.169181 0.1340563 0.01619919 0.04987948 0.2956894 0.07475227 0.6575471 
1311877985.745681 0.1693381 0.1343194 0.01637857 0.0498789 0.2990828 0.07533011 0.6559445 
1311877985.781341 0.1694662 0.1346087 0.01658456 0.04971455 0.3027398 0.07534454 0.6542756 
1311877985.814727 0.1704432 0.1341185 0.01741758 0.04975055 0.3064362 0.07596884 0.6524774 
1311877985.845391 0.1704202 0.1350438 0.01773886 0.05077638 0.3108846 0.07592771 0.6502951 
1311877985.881341 0.1697857 0.1354859 0.0175006 0.05077271 0.3152611 0.07671327 0.6480925 
1311877985.913466 0.1700404 0.1352281 0.01749705 0.0504449 0.3184935 0.07804475 0.6463764 
1311877985.945428 0.1701127 0.1351939 0.01771281 0.05039141 0.3216783 0.07838628 0.6447601 
1311877985.981434 0.16953 0.1356556 0.01834156 0.04319196 0.2767239 0.06661638 0.5465531 
1311877986.013642 0.1702241 0.1356429 0.0182055 0.05052195 0.3285766 0.07921242 0.6411603 
1311877986.045483 0.1699734 0.135764 0.01845528 0.0424704 0.2824416 0.06786826 0.5435224 
1311877986.081429 0.1700928 0.1358861 0.01856946 0.04232609 0.2852206 0.06820441 0.5420383 
1311877986.113360 0.1704707 0.1357748 0.0187515 0.04234435 0.2879152 0.06885972 0.5405274 
1311877986.146199 0.170881 0.135764 0.01876336 0.04297648 0.2907497 0.06887068 0.5389566 
1311877986.181425 0.1706868 0.1359694 0.0189871 0.04373692 0.293985 0.06903592 0.537116 
1311877986.213525 0.1712607 0.1355447 0.01911799 0.0443149 0.2969487 0.06929251 0.5354026 
1311877986.245560 0.1707947 0.1360664 0.01964185 0.0453235 0.3010825 0.06892161 0.5330522 
1311877986.281452 0.1703489 0.136693 0.02017179 0.04581699 0.3051214 0.069246 0.530666 
1311877986.313346 0.1703871 0.1366589 0.02051104 0.04520817 0.3085475 0.06978835 0.5286624 
1311877986.346074 0.1696876 0.1371944 0.02123563 0.04437361 0.3122829 0.07031134 0.5264659 
1311877986.381461 0.1694906 0.137236 0.02166789 0.04253726 0.3152598 0.07177105 0.5246432 
1311877986.413806 0.1695469 0.1358704 0.02152467 0.03737276 0.28969 0.0671975 0.4771873 
1311877986.445394 0.1707353 0.1364046 0.0217515 0.04113252 0.3207034 0.07404747 0.5211277 
1311877986.481316 0.169529 0.1356647 0.0219726 0.0367219 0.2956279 0.06904297 0.473317 
1311877986.513161 0.1690678 0.1360058 0.02232183 0.03730004 0.2982784 0.06880037 0.4716413 
1311877986.545422 0.1704523 0.1351968 0.02211973 0.03767549 0.3008048 0.06928724 0.4699325 
1311877986.581499 0.1702525 0.1354304 0.02244075 0.03936677 0.3045384 0.06811507 0.4675545 
1311877986.613341 0.1701833 0.1351651 0.02250798 0.03909251 0.3078679 0.06866746 0.4653108 
1311877986.645335 0.1678072 0.1369532 0.02359808 0.04005543 0.3116352 0.0673435 0.4629084 
1311877986.681432 0.1684861 0.1358551 0.02344749 0.0371028 0.3138177 0.07021827 0.4612499 
1311877986.713397 0.1693781 0.1360324 0.02383949 0.03451736 0.2961824 0.06597328 0.4299768 
1311877986.745415 0.1701277 0.1351692 0.02349584 0.03616211 0.3192972 0.0722892 0.4572265 
1311877986.781325 0.1717058 0.1350088 0.0238265 0.03480976 0.3011638 0.06751998 0.4262367 
1311877986.813337 0.1703133 0.1357729 0.02424782 0.03591205 0.3045375 0.0666406 0.42388 
1311877986.845775 0.1709037 0.1355433 0.02432102 0.03497945 0.3071365 0.06795386 0.4218695 
1311877986.881402 0.1717492 0.1354734 0.02450365 0.03472457 0.3099308 0.06843321 0.4197642 
1311877986.913399 0.1713045 0.1353419 0.0247295 0.03447954 0.3134098 0.06896933 0.4171051 
1311877986.945330 0.166863 0.1368261 0.02573873 0.03365658 0.3173051 0.06940674 0.4141441 
1311877986.981339 0.1736994 0.135106 0.02535013 0.0272976 0.2858351 0.06411201 0.3714802 
1311877987.013439 0.1756605 0.1345924 0.0252338 0.02712102 0.287631 0.06423949 0.3700823 
1311877987.045078 0.1774155 0.1343361 0.02518705 0.02750569 0.2905022 0.06483649 0.3676995 
1311877987.081284 0.1784786 0.1341193 0.02512182 0.02780645 0.2925716 0.06518372 0.3659706 
1311877987.113420 0.1803062 0.1343489 0.02498291 0.02761953 0.2947866 0.06593864 0.3640671 
1311877987.145819 0.1805731 0.1353902 0.0252245 0.02851737 0.2977127 0.06572835 0.3616468 
1311877987.181758 0.183313 0.1345555 0.02537264 0.0282086 0.2996828 0.06655184 0.359889 
1311877987.214129 0.1821323 0.1352072 0.0252169 0.02873048 0.3022909 0.06543379 0.3578658 
1311877987.245947 0.1845153 0.1346822 0.02551725 0.02857758 0.3049282 0.06557746 0.3556072 
1311877987.281171 0.1840248 0.1346424 0.02565615 0.02674396 0.3074365 0.0666452 0.3533847 
1311877987.313198 0.1856723 0.1351024 0.02548381 0.02854635 0.3097194 0.06496204 0.3515589 
1311877987.345129 0.1864294 0.1349537 0.02558204 0.02681321 0.3123975 0.06720963 0.3488932 
1311877987.381409 0.1888685 0.1346096 0.02566607 0.02689781 0.3145429 0.06669528 0.347053 
1311877987.413251 0.1864654 0.135331 0.02571217 0.0283937 0.3177793 0.06507977 0.3442811 
1311877987.445239 0.187567 0.1348308 0.02573977 0.02724374 0.3189051 0.06862206 0.3426413 
1311877987.481360 0.1916803 0.1349456 0.02591176 0.02656384 0.3205089 0.06675705 0.341565 
1311877987.513445 0.1873741 0.135307 0.02553622 0.02863001 0.3240549 0.06600613 0.3381814 
1311877987.545257 0.1873506 0.1350551 0.02558094 0.02669653 0.3256747 0.06867573 0.3362464 
1311877987.581147 0.1814421 0.135203 0.02533989 0.02462235 0.3276098 0.07055723 0.3341287 
1311877987.613286 0.1357695 0.1441547 0.02430569 0.02167899 0.2726673 0.05949419 0.2754307 
1311877987.645999 0.1361515 0.1442725 0.02323872 0.0269008 0.3305006 0.07377507 0.3303902 
1311877987.681758 0.1359779 0.1442246 0.02394612 0.02096833 0.2763545 0.05953494 0.2717778 
1311877987.713370 0.1371644 0.143993 0.023856 0.02122 0.278232 0.05999688 0.2697334 
1311877987.746043 0.1356907 0.1442364 0.0234884 0.02104451 0.2801562 0.05993335 0.2677624 
1311877987.781300 0.1351268 0.1444049 0.02330424 0.02128638 0.2818125 0.06044841 0.2658828 
1311877987.813757 0.1354142 0.1442774 0.02321991 0.02061628 0.2832105 0.06139018 0.2642293 
1311877987.845189 0.1361246 0.1440582 0.02342961 0.02150816 0.2850217 0.0608606 0.2623263 
1311877987.881560 0.1345919 0.1442967 0.02407027 0.02087626 0.2872907 0.06184199 0.2596591 
1311877987.913317 0.1343657 0.1443689 0.02430904 0.02050265 0.2887904 0.06227552 0.2579158 
1311877987.945829 0.1353105 0.1442064 0.02421488 0.01828922 0.2652744 0.05765248 0.2343055 
