1341836537.655662 0 0 0 0 0 0 1 
1341836537.687415 -0.0003199377 -0.002777603 -0.0002560735 -0.002849375 -4.044744e-05 0.0004168888 0.9999959 
1341836537.723576 -0.001461571 -0.002756519 -0.000583918 -0.00376632 0.001105158 -0.0009796601 0.9999918 
1341836537.755501 -0.005038956 -0.005045235 -0.001751833 -0.006143782 0.004084493 -0.002093841 0.9999706 
1341836537.787367 -0.003854548 -0.005304165 -0.003088619 -0.007617179 0.004674686 -0.001207146 0.9999593 
1341836537.823375 -0.002104002 -0.002543975 -0.004419311 -0.007122045 0.004025089 -0.0008686243 0.9999662 
1341836537.855421 -0.005526121 -0.005839116 -0.00364503 -0.009634291 0.006189302 -0.003594593 0.999928 
1341836537.887593 -0.01370217 -0.002735394 -0.003605818 -0.008110293 0.01180163 -0.007074883 0.9998724 
1341836537.923463 -0.01400078 -0.005950648 -0.003893703 -0.007642231 0.0141902 -0.006086598 0.9998516 
1341836537.955620 -0.01211002 -0.005995555 -0.006054958 -0.006653171 0.01519701 -0.002370999 0.9998596 
1341836537.987525 -0.01267619 -0.007793091 -0.00485798 -0.008082543 0.01755105 -0.001963194 0.9998114 
1341836538.023300 -0.01342261 -0.008142558 -0.005291045 -0.008388027 0.02098101 -0.00430587 0.9997354 
1341836538.055509 -0.005574375 -0.001098149 -0.009694974 -0.004242546 0.01869352 -0.004726851 0.9998051 
1341836538.087628 -0.004693531 0.003041901 -0.01212587 -0.002008106 0.01570625 -0.005083319 0.9998617 
1341836538.123334 -0.01175507 -0.00493453 -0.009221751 -0.006338638 0.0179624 -0.008287355 0.9997842 
1341836538.155344 -0.01467711 -0.003403611 -0.01085927 -0.004952231 0.02015581 -0.01071114 0.9997272 
1341836538.191519 -0.01693384 -0.003473068 -0.01293842 -0.004116427 0.01999403 -0.009123048 0.99975 
1341836538.223356 -0.02038078 -0.007026478 -0.01194478 -0.006147757 0.02089758 -0.007585459 0.9997339 
1341836538.255568 -0.02185207 -0.005488698 -0.01193873 -0.004450849 0.02212594 -0.007786628 0.999715 
1341836538.291700 -0.02575492 -0.006041378 -0.01507537 -0.003689721 0.02311757 -0.007394838 0.9996986 
1341836538.323323 -0.02995558 -0.008815992 -0.01406291 -0.00503752 0.02437618 -0.005419126 0.9996755 
1341836538.355402 -0.03227369 -0.008400893 -0.01530839 -0.003442867 0.02512965 -0.003840605 0.9996709 
1341836538.391298 -0.03677385 -0.01288781 -0.01554108 -0.005035612 0.02683605 -0.002476733 0.9996241 
1341836538.423501 -0.04089438 -0.01594064 -0.01586779 -0.007468306 0.02918183 -0.001044274 0.9995457 
1341836538.456232 -0.0427883 -0.0132245 -0.01773132 -0.006772928 0.02950943 0.001312941 0.9995407 
1341836538.491425 -0.04547542 -0.01486535 -0.01757079 -0.008126981 0.02973147 0.002498977 0.9995218 
1341836538.523417 -0.04971205 -0.01630811 -0.01652309 -0.009007566 0.03183212 0.002491703 0.9994495 
1341836538.556411 -0.05111639 -0.01069158 -0.02002548 -0.006391954 0.03084578 0.003025186 0.9994991 
1341836538.591453 -0.05495604 -0.01527493 -0.01661569 -0.008189588 0.03046794 0.002252949 0.9994997 
1341836538.623386 -0.06186983 -0.02238929 -0.0137393 -0.0109805 0.03421085 0.002141589 0.999352 
1341836538.659232 -0.06371571 -0.02108381 -0.0160795 -0.01057876 0.03514483 0.004808891 0.9993147 
1341836538.691411 -0.06749673 -0.02409586 -0.01416913 -0.01253805 0.0363725 0.007284774 0.9992331 
1341836538.723365 -0.07357728 -0.02899094 -0.01126851 -0.01558698 0.04062422 0.00991789 0.9990037 
1341836538.759383 -0.07595881 -0.02660629 -0.01227393 -0.01526404 0.04356391 0.01382882 0.9988383 
1341836538.791663 -0.07546376 -0.01937954 -0.01558848 -0.01113314 0.04239483 0.01675313 0.9988984 
1341836538.824233 -0.07964939 -0.02514847 -0.01319007 -0.01428396 0.04282637 0.01742013 0.9988285 
1341836538.859625 -0.0857092 -0.02880253 -0.01060756 -0.01734601 0.04635699 0.01840638 0.9986047 
1341836538.891338 -0.0883755 -0.01811224 -0.01434736 -0.01218112 0.04568581 0.02129711 0.9986545 
1341836538.924362 -0.09034578 -0.01745223 -0.01387762 -0.01138199 0.04053726 0.02087795 0.998895 
1341836538.959281 -0.10545 -0.0347812 0.0008047773 -0.02048836 0.05017381 0.01716049 1.028015 
1341836538.992295 -0.107471 -0.03614945 -0.0009705112 -0.01985254 0.05412936 0.01883987 0.9981588 
1341836539.028701 -0.1243887 -0.02310743 -0.004323565 -0.01191835 0.06325307 0.02339639 1.027306 
1341836539.059493 -0.1242271 -0.02443066 1.324997e-05 -0.01120935 0.06347997 0.02449692 1.027274 
1341836539.092314 -0.1306567 -0.02365673 0.002168493 -0.009171325 0.06832772 0.02138409 1.027053 
1341836539.127236 -0.1448581 -0.01199526 -0.001278302 -0.001297459 0.07319758 0.01986341 1.026788 
1341836539.159608 -0.1499674 -0.008409833 -0.000291896 0.000622282 0.07091807 0.01896451 1.026965 
1341836539.195388 -0.1457572 -0.01902882 0.004245404 -0.005983407 0.06693686 0.01516508 1.027278 
1341836539.227456 -0.1495886 -0.02803151 0.008169585 -0.01230489 0.06926474 0.01126691 1.027118 
1341836539.260399 -0.171233 -0.02336169 0.01139966 -0.01207286 0.0791486 0.01103145 1.026409 
1341836539.295519 -0.1777034 -0.01534082 0.01126368 -0.00934353 0.07951931 0.01280541 1.026388 
1341836539.327434 -0.1817067 -0.02084337 0.01804212 -0.01303213 0.0806728 0.01075146 1.026282 
1341836539.363371 -0.1928518 -0.02214253 0.0205691 -0.01381691 0.0858514 0.0082921 1.025874 
1341836539.395523 -0.203401 -0.01684708 0.02081328 -0.01209556 0.0888034 0.008752004 1.02564 
1341836539.427397 -0.2043729 -0.01953236 0.02504608 -0.0141336 0.08766443 0.008527201 1.025714 
1341836539.463424 -0.2079665 -0.02891369 0.0304949 -0.01984984 0.0907496 0.006547726 1.025366 
1341836539.495503 -0.2220831 -0.020172 0.03182761 -0.01525082 0.09788927 0.005252315 1.024795 
1341836539.531399 -0.2254837 -0.02032284 0.03095142 -0.01524249 0.09731374 0.006419469 1.024843 
1341836539.563358 -0.2287705 -0.02601508 0.03809064 -0.01909533 0.09947656 0.007319656 1.024565 
1341836539.595489 -0.2374661 -0.02162778 0.04027763 -0.0156244 0.1046058 0.005508628 1.024124 
1341836539.628437 -0.2444721 -0.02137296 0.04061641 -0.01441233 0.1072678 0.005128128 1.023869 
1341836539.660431 -0.2502548 -0.01817116 0.04219342 -0.01257297 0.1086957 0.006523724 1.023734 
1341836539.692462 -0.2482681 -0.01946308 0.04338401 -0.01280311 0.1066655 0.005608301 1.02395 
1341836539.728498 -0.2507206 -0.02680422 0.04663004 -0.01706119 0.1089599 0.002507822 1.023659 
1341836539.760370 -0.2526089 -0.02355135 0.04483115 -0.01532348 0.1082029 0.001432953 1.004547 
1341836539.796542 -0.2542561 -0.02539392 0.0456625 -0.0165579 0.1084867 0.001685369 1.004496 
1341836539.828612 -0.2554459 -0.02524968 0.04777459 -0.01773677 0.1094343 0.001279639 1.004374 
1341836539.860428 -0.2590671 -0.02542518 0.05024636 -0.01766641 0.1120967 -0.001775778 1.004081 
1341836539.896538 -0.2641228 -0.02691345 0.05107686 -0.01803313 0.1147445 -0.002600452 1.003773 
1341836539.928277 -0.2710429 -0.02337059 0.05315763 -0.01622837 0.117475 -0.001124471 1.003491 
1341836539.967421 -0.2712055 -0.02478785 0.05390297 -0.01624942 0.1168067 0.0001693744 1.003569 
1341836539.996305 -0.2747014 -0.0240674 0.05573894 -0.0159711 0.118283 0.0004253527 1.003401 
1341836540.028550 -0.2776772 -0.0234027 0.05638545 -0.01572362 0.118654 0.0009753086 1.00336 
1341836540.064319 -0.2810924 -0.02528171 0.0586873 -0.01784663 0.1194405 0.001901312 1.00323 
1341836540.096659 -0.2840493 -0.02181349 0.05984028 -0.01673719 0.1198595 0.002453337 1.003198 
1341836540.128316 -0.2858036 -0.02159413 0.06114571 -0.01819294 0.1186578 0.002758218 1.003315 
1341836540.164722 -0.2895575 -0.0261704 0.06581366 -0.02233207 0.1197086 0.00231876 1.003108 
1341836540.196409 -0.2962499 -0.02926002 0.07080443 -0.02444382 0.1235153 0.003052639 1.002595 
1341836540.232442 -0.2996321 -0.02571353 0.07047951 -0.02318003 0.1245026 0.007274397 1.002481 
1341836540.264342 -0.3029244 -0.02190064 0.07324838 -0.02275814 0.1245357 0.009996641 1.002463 
1341836540.296462 -0.3075418 -0.02582424 0.0789881 -0.02326579 0.1273173 0.009161667 1.00211 
1341836540.332431 -0.3140471 -0.02227814 0.07805347 -0.01867757 0.1288255 0.01113412 1.001993 
1341836540.364486 -0.318377 -0.01672399 0.07880314 -0.01531198 0.1270001 0.01449867 1.00224 
1341836540.396559 -0.3195283 -0.01838081 0.08306604 -0.01654192 0.1258375 0.01335997 1.002383 
1341836540.432557 -0.3239894 -0.01588445 0.08394066 -0.01408321 0.1259016 0.01038717 1.002448 
1341836540.464302 -0.3281366 -0.0138735 0.08428981 -0.01270488 0.124031 0.009426088 1.002709 
1341836540.500473 -0.3286659 -0.01824336 0.0870632 -0.01619294 0.12158 0.007637895 1.002974 
1341836540.532753 -0.3290109 -0.02424347 0.08979844 -0.02128969 0.1214568 0.00437483 1.002913 
1341836540.564528 -0.3341946 -0.02364521 0.0921638 -0.02249754 0.1240607 0.0025374 1.002574 
1341836540.600372 -0.3363479 -0.02364941 0.09228103 -0.02285154 0.1243037 0.003657451 1.002533 
1341836540.632355 -0.335232 -0.02519982 0.09412094 -0.0249131 0.1243904 0.003411253 1.002474 
1341836540.664373 -0.3367459 -0.02639066 0.09502936 -0.0265047 0.1265987 0.0006142522 1.002162 
1341836540.700377 -0.3408592 -0.02211612 0.09358578 -0.02470516 0.128152 0.0003189325 1.002011 
1341836540.732431 -0.3427044 -0.01962735 0.09328554 -0.02376042 0.1269616 0.001468439 1.002184 
1341836540.768334 -0.3433062 -0.02859759 0.09691782 -0.02969875 0.1280184 0.0002517111 1.001892 
1341836540.800341 -0.3472757 -0.0239166 0.09551936 -0.02742787 0.1304773 0.0005810414 1.00164 
1341836540.832332 -0.3502704 -0.01536988 0.09355917 -0.02263011 0.1290027 0.001555273 1.00195 
1341836540.868402 -0.3510833 -0.02243793 0.09624007 -0.02685878 0.1280954 -0.001117092 1.001962 
1341836540.900301 -0.3543089 -0.02413662 0.0967428 -0.02901324 0.1295675 -0.003397929 1.001708 
1341836540.932326 -0.3580948 -0.02554427 0.09736883 -0.03098611 0.1308514 -0.003077599 1.001483 
1341836540.968285 -0.3613126 -0.02676306 0.09917872 -0.03244546 0.1326642 -0.001472363 1.001201 
1341836541.000321 -0.3650235 -0.02373981 0.09910811 -0.02970109 0.1343237 -0.001198225 1.001066 
1341836541.036246 -0.3689073 -0.02226228 0.09842195 -0.02783505 0.1351352 -0.001644743 1.00101 
1341836541.071359 -0.3719019 -0.0267672 0.1008322 -0.02935618 0.1364665 -0.002125988 1.000785 
1341836541.103403 -0.3764091 -0.03009651 0.1014551 -0.03029086 0.1392933 -0.001541584 1.000368 
1341836541.139243 -0.3794791 -0.02759256 0.1011943 -0.03023379 0.141278 -4.794241e-05 1.000093 
1341836541.171340 -0.3829586 -0.02870914 0.1030942 -0.03199817 0.1443807 -0.001637462 0.9995933 
1341836541.204384 -0.3885597 -0.02575332 0.100926 -0.02928916 0.1466369 -0.0007851923 0.9993489 
1341836541.239253 -0.391603 -0.02518335 0.1003872 -0.02911434 0.1468612 0.001083631 0.9993208 
1341836541.271362 -0.3945444 -0.02781905 0.1018459 -0.03170385 0.1486238 0.0006454762 0.9989817 
1341836541.304263 -0.3990195 -0.02524726 0.1017169 -0.03126804 0.1509345 -0.0007390473 0.9986489 
1341836541.339433 -0.4023477 -0.02635738 0.1020906 -0.03337272 0.1521277 -0.001502606 0.9983988 
1341836541.371310 -0.4062805 -0.03083706 0.1041755 -0.03711322 0.1550212 -0.001161475 0.997822 
1341836541.407187 -0.4107374 -0.02630565 0.1027499 -0.03662504 0.1574295 -0.000214439 0.9974636 
1341836541.439348 -0.4150614 -0.02300827 0.1017348 -0.03578496 0.1586023 -0.001731473 0.9973068 
1341836541.472293 -0.4195261 -0.02555186 0.1033687 -0.03780931 0.1603895 -0.00307273 0.996943 
1341836541.507546 -0.4240727 -0.02801447 0.1043208 -0.0402816 0.1625613 -0.00338046 0.9964933 
1341836541.536336 -0.429271 -0.030613 0.1059791 -0.04211259 0.1659668 -0.003076546 0.995857 
1341836541.572445 -0.434449 -0.02752462 0.1057411 -0.04164251 0.1686711 -0.001472594 0.995426 
1341836541.604378 -0.4389052 -0.02689856 0.10705 -0.04290618 0.1710559 -0.001533875 0.9949651 
1341836541.636347 -0.4440945 -0.02996202 0.1093778 -0.04764757 0.1846205 -0.001556643 1.052121 
1341836541.707556 -0.4540838 -0.02912236 0.1117689 -0.04618465 0.179687 0.0002754915 0.9932968 
1341836541.740630 -0.4606758 -0.02589436 0.1098025 -0.04922714 0.1930073 0.001994067 1.050541 
1341836541.772337 -0.4654831 -0.02032514 0.1115077 -0.04769689 0.1930472 0.003531396 1.0506 
1341836541.804378 -0.4703912 -0.02297544 0.1129795 -0.04875663 0.1934012 0.001885186 1.050491 
1341836541.840291 -0.4755443 -0.02374242 0.1137849 -0.05117388 0.1945883 -0.0003217403 1.050158 
1341836541.872463 -0.4792285 -0.02630578 0.1167143 -0.05462231 0.1973279 -0.00448828 1.049464 
1341836541.904436 -0.4853949 -0.02834329 0.1185753 -0.05238872 0.2007632 -0.006068619 1.048918 
1341836541.940356 -0.4906142 -0.02717187 0.1173662 -0.0479101 0.2022099 -0.005795418 1.048856 
1341836541.972296 -0.4957072 -0.02678405 0.1175965 -0.04570757 0.203711 -0.005027326 1.048667 
1341836542.008370 -0.5009691 -0.02123138 0.1180847 -0.04217059 0.2041092 -0.002846545 1.048746 
1341836542.040580 -0.5041837 -0.02335711 0.1211014 -0.0426266 0.2039942 -0.004177502 1.048746 
1341836542.072366 -0.508998 -0.02749957 0.1228461 -0.04291838 0.2062443 -0.006801852 1.04828 
1341836542.108713 -0.5153019 -0.02202006 0.122848 -0.03820337 0.207064 -0.005822279 1.048307 
1341836542.140542 -0.5188274 -0.02357935 0.1251356 -0.03828785 0.2063685 -0.005280058 1.048444 
1341836542.172392 -0.5233781 -0.02472314 0.1270612 -0.03806016 0.207481 -0.005244643 1.048233 
1341836542.208374 -0.5283079 -0.02162658 0.129002 -0.03586929 0.2077646 -0.004923784 1.048255 
1341836542.240350 -0.5323373 -0.02616422 0.1308339 -0.03812881 0.2080722 -0.005222066 1.048113 
1341836542.276490 -0.536875 -0.02484751 0.1328238 -0.03719446 0.2098086 -0.00425017 1.047805 
1341836542.308326 -0.5407855 -0.02135085 0.1353844 -0.03464306 0.2100944 -0.004978381 1.047832 
1341836542.340362 -0.5437521 -0.02816981 0.1388561 -0.03875118 0.2119277 -0.007530118 1.047303 
1341836542.376345 -0.5473156 -0.03018472 0.1427668 -0.0394356 0.2170248 -0.009079748 1.046221 
1341836542.408921 -0.5531281 -0.02515988 0.1415188 -0.03429429 0.2199585 -0.009200508 1.045788 
1341836542.444516 -0.5576862 -0.0211603 0.1424926 -0.03352525 0.2202275 -0.00779271 1.045768 
1341836542.476425 -0.559184 -0.02437954 0.1467042 -0.03867033 0.2216813 -0.01016887 1.045263 
1341836542.508460 -0.5643699 -0.0227678 0.1477399 -0.03954354 0.2245949 -0.01195019 1.044589 
1341836542.544563 -0.5680827 -0.02115074 0.1498448 -0.03990204 0.224813 -0.0106869 1.044542 
1341836542.576562 -0.5703966 -0.0286565 0.1544697 -0.04456844 0.2275024 -0.01070044 1.043771 
1341836542.608657 -0.574586 -0.02541689 0.1564845 -0.04213407 0.2314926 -0.007285667 1.043024 
1341836542.644314 -0.5780433 -0.01283669 0.1588792 -0.03452402 0.2308462 -0.00393211 1.043465 
1341836542.676494 -0.5804097 -0.0181781 0.1615223 -0.038239 0.2291956 -0.006397064 1.043687 
1341836542.712387 -0.5840679 -0.01753213 0.164696 -0.03873591 0.2299716 -0.007339468 1.043492 
1341836542.744408 -0.5876061 -0.01280869 0.1683212 -0.03670897 0.2287616 -0.006594714 1.043836 
1341836542.776383 -0.5893927 -0.0209669 0.1714299 -0.04161763 0.2278636 -0.008128987 1.043837 
1341836542.812247 -0.5935872 -0.02481523 0.1743823 -0.04296847 0.2306583 -0.007835395 1.043171 
1341836542.844426 -0.5969573 -0.01652678 0.1772929 -0.03788744 0.2311747 -0.003119021 1.043278 
1341836542.876340 -0.5987217 -0.01618113 0.1812456 -0.03802395 0.2301566 -0.002528777 1.0435 
1341836542.912372 -0.6021143 -0.01662657 0.1841451 -0.03866453 0.2305694 -0.003907268 1.043381 
1341836542.944447 -0.6059625 -0.01395392 0.187083 -0.03733404 0.2304263 -0.00386602 1.043461 
1341836542.980341 -0.6083374 -0.01611016 0.1909698 -0.03883987 0.2301647 -0.004843337 1.04346 
1341836543.012422 -0.612058 -0.01859919 0.1943618 -0.04145113 0.2318991 -0.005340931 1.042973 
1341836543.044312 -0.6155238 -0.01633241 0.1979009 -0.04122937 0.2338492 -0.003398649 1.042554 
1341836543.080484 -0.6192371 -0.01603879 0.2002131 -0.04219209 0.2348797 -0.001934581 1.042288 
1341836543.112482 -0.6221119 -0.01477888 0.2040952 -0.04368677 0.2369081 -0.001419411 1.041768 
1341836543.151803 -0.6252915 -0.01192621 0.2078873 -0.04340681 0.2384478 -0.002284428 1.041426 
1341836543.184964 -0.6290475 -0.016475 0.2110781 -0.04727702 0.2405857 -0.00392279 1.040761 
1341836543.212330 -0.6334518 -0.0186769 0.2148873 -0.04896087 0.2450743 -0.002529436 1.03964 
1341836543.248396 -0.638024 -0.009351922 0.2165663 -0.04355353 0.2468444 0.002687019 1.039461 
1341836543.280522 -0.6393503 -0.006402841 0.22125 -0.04337277 0.2460768 0.002753135 1.039651 
1341836543.312360 -0.6423618 -0.01094781 0.2246511 -0.0476833 0.2477544 -0.002838829 1.039063 
1341836543.348486 -0.6477537 -0.01172333 0.2267324 -0.04962829 0.2505268 -0.004259982 1.038302 
1341836543.380347 -0.6504397 -0.01387704 0.2310086 -0.05151564 0.2530691 -0.001934188 1.0376 
1341836543.416470 -0.6537142 -0.01211155 0.2349836 -0.05013769 0.2564296 0.001093662 1.036844 
1341836543.451421 -0.6565671 -0.004953338 0.2384802 -0.04554092 0.2572205 0.0019093 1.036859 
1341836543.483494 -0.6584522 -0.01137314 0.2435062 -0.05009655 0.2631341 -0.001430929 1.053463 
1341836543.519290 -0.6631754 -0.009997801 0.2462167 -0.04816477 0.2619381 0.0001397389 1.03556 
1341836543.551512 -0.6651668 -0.007111717 0.2498455 -0.04792204 0.2670935 0.002193076 1.052567 
1341836543.583524 -0.6671764 -0.01221724 0.2547555 -0.05207083 0.2708247 -0.0004948614 1.051418 
1341836543.619354 -0.6712597 -0.005847645 0.2564526 -0.04917064 0.2744265 0.001803363 1.050622 
1341836543.652624 -0.672974 -0.002507421 0.2603937 -0.04807747 0.2744561 0.003104627 1.050661 
1341836543.684407 -0.6744643 -0.007535799 0.2639683 -0.05254491 0.2763653 0.0003470995 1.049951 
1341836543.719296 -0.6780191 -0.00575944 0.2668078 -0.05283382 0.2800742 0.0004999033 1.048953 
1341836543.751406 -0.6807565 -0.003650998 0.2697997 -0.0517224 0.2814346 0.002960332 1.048641 
1341836543.787380 -0.6818539 -0.00272636 0.2739451 -0.05105413 0.2822077 0.004741661 1.048459 
1341836543.819690 -0.6834848 -0.00223935 0.2782879 -0.05129363 0.2839389 0.003913999 1.047983 
1341836543.851349 -0.6872266 0.0002160196 0.2813643 -0.05011419 0.2852847 0.004039836 1.047674 
1341836543.887421 -0.6896576 0.00315187 0.2856777 -0.04844055 0.2846258 0.005752514 1.047924 
1341836543.919383 -0.6904196 0.00137046 0.2897278 -0.05080199 0.2839724 0.004357975 1.047996 
1341836543.952337 -0.6923171 -0.001296717 0.2934218 -0.05346009 0.2859935 0.002305682 1.047321 
1341836543.987350 -0.6959807 -6.291631e-05 0.2956696 -0.05215488 0.2877932 0.004405489 1.046887 
1341836544.019495 -0.6970029 0.0002289587 0.2992036 -0.05210887 0.2886929 0.006626967 1.04663 
1341836544.052246 -0.6971729 0.0003106438 0.3036952 -0.05317162 0.2914564 0.006423646 1.045811 
1341836544.087492 -0.7004038 0.003248581 0.3055089 -0.05030664 0.2934719 0.006664175 1.045388 
1341836544.119369 -0.702824 0.007214217 0.3080451 -0.04730677 0.2925774 0.007800026 1.045771 
1341836544.155476 -0.7023284 0.004351401 0.311647 -0.05176564 0.2930155 0.004630776 1.045456 
1341836544.187341 -0.7049482 0.004009539 0.3143517 -0.05424218 0.296539 0.0008378986 1.044346 
1341836544.220394 -0.7090276 0.008003392 0.3150443 -0.05171674 0.2970862 0.002547681 1.044316 
1341836544.255287 -0.7095803 0.005810613 0.3173829 -0.05462594 0.2965794 0.003571602 1.044309 
1341836544.287478 -0.7103067 0.005806707 0.320675 -0.05690929 0.2990458 0.002944462 1.043485 
1341836544.323292 -0.7115888 0.008901936 0.3230529 -0.05561268 0.3006915 0.0009032288 1.043086 
1341836544.355325 -0.7148523 0.01128567 0.3245178 -0.05391253 0.3006742 -0.0001644057 1.04318 
1341836544.387392 -0.7153958 0.01060346 0.3276381 -0.05456999 0.2996824 -0.0008006472 1.043431 
1341836544.423303 -0.7168325 0.009327132 0.3300059 -0.05465927 0.3005098 -0.003803533 1.043182 
1341836544.455424 -0.7198984 0.01454231 0.3312853 -0.05100284 0.3002918 -0.004850602 1.043425 
1341836544.491390 -0.7210596 0.01346343 0.3338087 -0.05279979 0.2991256 -0.00747439 1.043655 
1341836544.523560 -0.7230678 0.01338788 0.335738 -0.05280112 0.2993985 -0.008858729 1.043566 
1341836544.555305 -0.7244222 0.01797332 0.3377501 -0.05016378 0.2982035 -0.009881146 1.044029 
1341836544.591370 -0.7259031 0.01585163 0.3406142 -0.05387871 0.2976498 -0.01496297 1.043942 
1341836544.623377 -0.7280827 0.01795826 0.3433674 -0.05488032 0.2979142 -0.01814801 1.043764 
1341836544.659348 -0.7303262 0.01650475 0.3455287 -0.05604351 0.2975492 -0.02016385 1.043769 
1341836544.691325 -0.7331192 0.01654023 0.3481198 -0.0563922 0.2992397 -0.0195028 1.043279 
1341836544.727518 -0.7344492 0.01859696 0.3483797 -0.05501792 0.2988422 -0.01798705 1.043494 
1341836544.759494 -0.7360562 0.01970008 0.3505889 -0.05463777 0.2982727 -0.01812591 1.043674 
1341836544.791668 -0.7384515 0.02092305 0.3533153 -0.05411847 0.2975292 -0.0193132 1.043892 
1341836544.827466 -0.7416735 0.02134337 0.3552735 -0.05451186 0.2974007 -0.02022552 1.043891 
1341836544.859305 -0.7428367 0.02250075 0.3574798 -0.05420239 0.2962134 -0.02100711 1.044229 
1341836544.895467 -0.7461512 0.02250628 0.3641387 -0.05548858 0.2980803 -0.02446176 1.043555 
1341836544.927304 -0.7510278 0.02271276 0.3703984 -0.05695296 0.3027896 -0.02580606 1.042087 
1341836544.959325 -0.7541665 0.02505566 0.3760187 -0.05514009 0.3061647 -0.02320701 1.041259 
1341836544.995539 -0.7560755 0.02629387 0.3785963 -0.05290793 0.3068643 -0.02189862 1.041197 
1341836545.027344 -0.7585928 0.02669583 0.3811851 -0.05327755 0.3085888 -0.02283931 1.040649 
1341836545.059375 -0.7626576 0.02926095 0.3839644 -0.05230692 0.3105229 -0.02294808 1.04012 
1341836545.095388 -0.7659878 0.02940728 0.3852427 -0.05230169 0.3104836 -0.0211889 1.040169 
1341836545.127468 -0.7672796 0.0282941 0.389797 -0.05358991 0.3130251 -0.01994924 1.039366 
1341836545.163386 -0.7716179 0.03091812 0.3891455 -0.05141653 0.3146227 -0.01758981 1.039036 
1341836545.195497 -0.7734648 0.032799 0.3906501 -0.05166743 0.3138699 -0.01509857 1.03929 
1341836545.227397 -0.7726252 0.03060566 0.3963546 -0.05621531 0.3157011 -0.01861983 1.038442 
1341836545.263290 -0.7773682 0.03240078 0.3988872 -0.05617721 0.3205218 -0.02099735 1.036921 
1341836545.295536 -0.7808406 0.03563929 0.4015406 -0.05299099 0.3223352 -0.0177414 1.036588 
1341836545.327474 -0.7819138 0.03572824 0.4056146 -0.05198471 0.3231451 -0.0164037 1.036408 
1341836545.363462 -0.7853198 0.03685337 0.4082514 -0.05169749 0.3259446 -0.01595489 1.035553 
1341836545.395566 -0.7893188 0.03798988 0.407318 -0.05100089 0.3258766 -0.0131217 1.035648 
1341836545.427508 -0.7916734 0.03684689 0.4095646 -0.05456367 0.3267315 -0.008964093 1.035242 
1341836545.463411 -0.769528 0.03655399 0.3270278 -0.04193832 0.2958692 0.01179502 1.045036 
1341836545.495417 -0.7775666 0.03952207 0.3408633 -0.04470251 0.3044444 0.01200163 1.042453 
1341836545.531468 -0.7786763 0.03962502 0.3393278 -0.04454053 0.3027231 0.01449439 1.042929 
1341836545.563294 -0.7801022 0.04069101 0.3340655 -0.04345636 0.3016426 0.01646974 1.043259 
1341836545.595508 -0.7867098 0.04365878 0.34355 -0.04472265 0.3061872 0.01631253 1.041883 
1341836545.631269 -0.787595 0.0434069 0.3410731 -0.04425006 0.3026645 0.0180096 1.042904 
1341836545.663475 -0.7927432 0.04543425 0.3433125 -0.04382514 0.3029148 0.01787531 1.042851 
1341836545.695896 -0.7953702 0.04671133 0.3450807 -0.04590334 0.3022366 0.01693721 1.042974 
1341836545.731477 -0.8036138 0.04956336 0.3671552 -0.05034977 0.3100064 0.01068627 1.040569 
1341836545.763607 -0.7690588 0.0471632 0.3588472 -0.04997611 0.2944274 0.02788152 1.044784 
1341836545.795383 -0.7500542 0.05769412 0.3482297 -0.03931096 0.2864095 0.04217875 1.046987 
1341836545.831377 -0.7444417 0.06163614 0.3519044 -0.03586697 0.2876494 0.04455365 1.046672 
1341836545.863348 -0.7429272 0.06434633 0.3438328 -0.03175082 0.2850914 0.04497827 1.047487 
1341836545.896341 -0.7373124 0.0705286 0.3440221 -0.02728441 0.2829522 0.04815557 1.048051 
1341836545.931585 -0.7352731 0.07243899 0.3436599 -0.02699343 0.2818078 0.04718015 1.048411 
1341836545.963501 -0.7349461 0.07506461 0.3417622 -0.02503202 0.2814986 0.04694782 1.048553 
1341836545.999215 -0.7322649 0.07828695 0.3426465 -0.02315346 0.2813808 0.04979061 1.048497 
1341836546.031467 -0.7319239 0.07732614 0.3419937 -0.02437525 0.282725 0.05056512 1.048071 
1341836546.063373 -0.7346365 0.07724059 0.343354 -0.02472158 0.2861929 0.05016283 1.04714 
1341836546.099306 -0.7517606 0.07016401 0.3358517 -0.03154235 0.2886759 0.04396157 1.046554 
1341836546.131834 -0.7490137 0.07335795 0.3383346 -0.02957696 0.2897124 0.0482468 1.046136 
1341836546.164355 -0.7496917 0.07474157 0.3415221 -0.02813614 0.2919981 0.05025995 1.045445 
1341836546.199264 -0.7520634 0.07383904 0.3385647 -0.02791577 0.2923115 0.05068906 1.045343 
1341836546.231493 -0.7570367 0.07307158 0.3370141 -0.02764005 0.2935702 0.05075408 1.044994 
1341836546.264287 -0.7555584 0.07553333 0.3366126 -0.02533127 0.2914121 0.05268867 1.045561 
1341836546.299427 -0.7495608 0.08177457 0.3429787 -0.02079604 0.2911633 0.05647896 1.045532 
1341836546.331292 -0.7430161 0.08830427 0.3508932 -0.01627044 0.2918062 0.05949181 1.045266 
1341836546.367416 -0.7429693 0.0908706 0.3647278 -0.01491119 0.2960309 0.05840892 1.044159 
1341836546.399555 -0.7382968 0.09508503 0.3673431 -0.01155116 0.2945027 0.06093049 1.04449 
1341836546.432297 -0.7398116 0.09460357 0.3637478 -0.01296162 0.2928251 0.05846392 1.045086 
1341836546.467482 -0.7391546 0.09626838 0.3691305 -0.01193099 0.2947111 0.05691611 1.044653 
1341836546.499225 -0.7441786 0.09369311 0.3643449 -0.01353624 0.2950801 0.05538546 1.044612 
1341836546.535507 -0.7487536 0.09173641 0.3663042 -0.01475727 0.2995705 0.05595145 1.043286 
1341836546.567385 -0.7465257 0.09510801 0.3737451 -0.01191352 0.3015615 0.05989759 1.042529 
1341836546.599295 -0.7433533 0.09700698 0.3734137 -0.009910332 0.298648 0.05850996 1.043467 
1341836546.635406 -0.7416682 0.1003079 0.3759999 -0.00763097 0.2997701 0.05729211 1.043232 
1341836546.668046 -0.7428029 0.1013994 0.3782266 -0.006031247 0.3010786 0.05807224 1.042823 
1341836546.703485 -0.746969 0.09893441 0.3787082 -0.007335311 0.3009848 0.05631314 1.042938 
1341836546.738692 -0.7408342 0.1031597 0.3797446 -0.00309594 0.2995831 0.05871162 1.04323 
1341836546.803475 -0.7421606 0.1056815 0.3843861 -0.0001403589 0.2999114 0.05753122 1.043206 
1341836546.832763 -0.7346308 0.1125321 0.3819362 0.006880096 0.2959462 0.0641387 1.043931 
1341836546.868495 -0.7312245 0.1142107 0.3832672 0.008661651 0.2960671 0.06715303 1.043694 
1341836546.900379 -0.7357758 0.1180327 0.3864327 0.01255805 0.2970479 0.07046524 1.043157 
1341836546.932517 -0.7335734 0.1187943 0.3897768 0.01382734 0.2941324 0.07356887 1.043752 
1341836546.971295 -0.7257331 0.1260991 0.3879409 0.0195843 0.2883736 0.07889434 1.044878 
1341836547.000286 -0.7225219 0.1309858 0.3904217 0.0220419 0.2872811 0.08238661 1.04486 
1341836547.032580 -0.7322299 0.1086297 0.3826625 0.006692273 0.1813131 0.05430251 0.6622517 
1341836547.068622 -0.719021 0.1336672 0.3903974 0.02394309 0.2826275 0.09000504 1.045459 
1341836547.100577 -0.7349053 0.1071606 0.3787391 0.006365934 0.1821828 0.0551775 0.6619438 
1341836547.136348 -0.7386029 0.108489 0.3781047 0.007259283 0.1843331 0.05769985 0.6611237 
1341836547.168609 -0.7405841 0.1087199 0.3769015 0.007127466 0.1850052 0.06131744 0.6606116 
1341836547.200315 -0.7419674 0.1082848 0.3759317 0.006200857 0.1870976 0.06433366 0.6597442 
1341836547.236411 -0.7441985 0.1060543 0.3767398 0.005001947 0.1879529 0.06521494 0.6594247 
1341836547.269507 -0.7467072 0.1061119 0.3752994 0.005055132 0.1866621 0.06497774 0.6598143 
1341836547.300389 -0.7485245 0.1058745 0.3748347 0.004361701 0.186342 0.06462951 0.6599439 
1341836547.336435 -0.7513271 0.1061882 0.3736992 0.00392493 0.1862315 0.06469544 0.6599714 
1341836547.368600 -0.7540231 0.1053133 0.3720748 0.002832004 0.1864927 0.06593887 0.6597801 
1341836547.404507 -0.7558841 0.1079315 0.3722267 0.003547639 0.1863456 0.06749714 0.6596606 
1341836547.436484 -0.6942381 0.1108982 0.3832162 0.004821421 0.1713363 0.08114386 0.6621794 
1341836547.475394 -0.6933622 0.1118838 0.3801399 0.00544264 0.169394 0.0815895 0.6626194 
1341836547.504355 -0.7004947 0.1112097 0.3752478 0.005477447 0.1680291 0.08029225 0.6631249 
1341836547.536533 -0.7222196 0.1058612 0.368833 0.003641754 0.1725198 0.07547205 0.6625503 
1341836547.568431 -0.7241503 0.1053986 0.3653194 0.004316617 0.171865 0.07601708 0.6626541 
1341836547.604254 -0.7213806 0.1051379 0.3665051 0.004071129 0.1691632 0.07711047 0.6632243 
1341836547.636420 -0.715106 0.1059011 0.3678552 0.004776241 0.166594 0.07844721 0.663713 
1341836547.672322 -0.7156582 0.1050695 0.3661874 0.005291743 0.165713 0.078963 0.6638684 
1341836547.704389 -0.7124283 0.1056867 0.3651631 0.006462205 0.1630482 0.08181932 0.664172 
1341836547.736516 -0.7162781 0.1042854 0.3632833 0.006598652 0.1630176 0.08221762 0.6641289 
1341836547.772413 -0.7156661 0.1041455 0.3628002 0.006892272 0.1614407 0.08279103 0.6644398 
1341836547.804409 -0.7117028 0.1038086 0.36575 0.006766362 0.1595404 0.0837986 0.6647737 
1341836547.840336 -0.7087347 0.1037629 0.3655335 0.007344788 0.1580487 0.08563471 0.6648899 
1341836547.872370 -0.7089061 0.1039987 0.3618558 0.008515531 0.1557202 0.08710185 0.6652347 
1341836547.904524 -0.7090171 0.1033149 0.3618247 0.008447684 0.1540178 0.08789529 0.6655275 
1341836547.940212 -0.7084719 0.1024816 0.3630721 0.008845225 0.1532338 0.08844282 0.6656307 
1341836547.972282 -0.7074284 0.101989 0.364635 0.009250163 0.1523534 0.09004817 0.6656121 
1341836548.004382 -0.7110268 0.1015091 0.3612124 0.009036921 0.1520499 0.09089866 0.6655688 
1341836548.040419 -0.709306 0.100466 0.363795 0.008436366 0.1516526 0.09220732 0.6654873 
1341836548.072298 -0.7081406 0.1003514 0.3636653 0.008934871 0.1500013 0.0924434 0.6658222 
1341836548.108439 -0.7078875 0.09978776 0.3656713 0.008919538 0.1488579 0.09171761 0.6661793 
1341836548.140411 -0.7090287 0.09914235 0.3647699 0.009192476 0.148298 0.09161178 0.666315 
1341836548.172332 -0.7087094 0.09913566 0.3644085 0.009539663 0.1468251 0.09196578 0.6665875 
1341836548.208477 -0.7078826 0.09903977 0.3650981 0.009588697 0.1454797 0.09153007 0.6669417 
1341836548.240362 -0.7085421 0.09864558 0.3655832 0.009444395 0.1453368 0.09049072 0.6671167 
1341836548.272973 -0.7081669 0.0982358 0.3663325 0.009192463 0.1451174 0.09060471 0.6671525 
1341836548.308412 -0.7090061 0.09773873 0.3651806 0.0091306 0.1447154 0.09075046 0.6672209 
1341836548.340462 -0.7091064 0.09788258 0.3661393 0.009246826 0.1449432 0.09178914 0.6670277 
1341836548.376493 -0.7099356 0.09687427 0.3673808 0.008697096 0.1468239 0.09375607 0.6663499 
1341836548.411379 -0.707296 0.09595729 0.3684796 0.008781515 0.1462458 0.09633811 0.6661076 
1341836548.443599 -0.7073784 0.09648323 0.3678421 0.009394985 0.1449005 0.0960086 0.6664407 
1341836548.479367 -0.7076631 0.09608829 0.3693666 0.009159284 0.1460504 0.09634316 0.6661446 
1341836548.511578 -0.7087159 0.09445565 0.3665759 0.009053636 0.1456721 0.09831635 0.6659406 
1341836548.543463 -0.7116936 0.09374505 0.3642772 0.0100736 0.1456151 0.09785419 0.6660064 
1341836548.579379 -0.7116715 0.09409268 0.3612464 0.01071774 0.1453912 0.09846591 0.6659551 
1341836548.611299 -0.7096841 0.09393102 0.3586927 0.01069004 0.1439122 0.1003374 0.6659975 
1341836548.644283 -0.7046334 0.09627233 0.3527272 0.01302981 0.1420902 0.1039994 0.6657852 
1341836548.679357 -0.7053609 0.09588258 0.3501782 0.01340739 0.1432645 0.1061347 0.6651888 
1341836548.711385 -0.7091965 0.09182409 0.3506894 0.01163753 0.1460062 0.1072966 0.6644392 
1341836548.744381 -0.7098292 0.09060246 0.3512584 0.01187476 0.1465845 0.1076862 0.6642446 
1341836548.779339 -0.7083381 0.09133948 0.3500958 0.01202847 0.1464443 0.1087194 0.6641045 
1341836548.811351 -0.7045799 0.09094409 0.3502707 0.01162954 0.1467829 0.1120414 0.6634844 
1341836548.847326 -0.7047746 0.08976058 0.3473079 0.01195338 0.1466494 0.114982 0.6630049 
1341836548.879497 -0.7055939 0.0892646 0.3448302 0.01247941 0.1470786 0.1153236 0.6628408 
1341836548.912408 -0.7088709 0.08702193 0.3410144 0.01228129 0.1478231 0.1147091 0.6627855 
1341836548.947401 -0.715985 0.08387316 0.3411418 0.01114157 0.1490877 0.1138997 0.6626619 
1341836549.015475 -0.7098954 0.08366026 0.340826 0.0103766 0.1497378 0.1154867 0.662253 
1341836549.044300 -0.708194 0.08318445 0.3388651 0.01027461 0.1495091 0.1174523 0.6619605 
1341836549.080349 -0.7100115 0.08192033 0.3353751 0.009904764 0.1494565 0.119672 0.6615803 
1341836549.115351 -0.7049234 0.08205446 0.3356579 0.009269871 0.1464042 0.1202059 0.662175 
1341836549.147492 -0.7037486 0.08020115 0.337312 0.007933939 0.1459019 0.1180675 0.6626877 
1341836549.183418 -0.6939419 0.08154721 0.3638427 0.006212875 0.1461198 0.118609 0.6625614 
1341836549.215378 -0.6937654 0.0805218 0.3643291 0.005700276 0.1454434 0.1210467 0.6622738 
1341836549.247531 -0.6934655 0.08008721 0.3624154 0.005447137 0.1451182 0.1205976 0.6624293 
1341836549.283330 -0.6978166 0.07719365 0.3622426 0.004682659 0.1461234 0.1181682 0.6626519 
1341836549.315584 -0.7021967 0.07478809 0.3619706 0.003968465 0.1458131 0.1175518 0.6628345 
1341836549.348171 -0.6995042 0.07443781 0.3616122 0.003407754 0.1442652 0.1185921 0.662991 
1341836549.383316 -0.7006033 0.07248047 0.3583741 0.002861085 0.1435258 0.1164393 0.6635355 
1341836549.415365 -0.700208 0.07183561 0.3578097 0.003336025 0.1420941 0.115447 0.6640146 
1341836549.451370 -0.6956015 0.07336865 0.357449 0.004434324 0.1397797 0.117042 0.6642201 
1341836549.483381 -0.6949249 0.07305007 0.3585398 0.004498488 0.1395676 0.1171715 0.6642415 
1341836549.515395 -0.6853501 0.07331181 0.363565 0.004921328 0.1374897 0.1191868 0.6643133 
1341836549.551462 -0.6877012 0.0719469 0.363121 0.00518227 0.1380613 0.1183572 0.6643411 
1341836549.583462 -0.6848944 0.0710952 0.3646441 0.005461871 0.1374213 0.1202173 0.6641375 
1341836549.619282 -0.6963641 0.06673631 0.3606071 0.00464893 0.1396203 0.1179866 0.6640851 
1341836549.651473 -0.6938283 0.06684663 0.3628681 0.005050343 0.1388567 0.1187386 0.6641082 
1341836549.683367 -0.6876553 0.06712798 0.3578222 0.006272505 0.1363012 0.1217972 0.6640733 
1341836549.719230 -0.6955276 0.06337833 0.3572768 0.005930376 0.1378742 0.1197884 0.6641171 
1341836549.751414 -0.7016435 0.06099038 0.3549326 0.006031647 0.138762 0.1186997 0.6641268 
1341836549.787507 -0.6958814 0.06114116 0.3519903 0.006766983 0.1359744 0.1215725 0.6641766 
1341836549.819340 -0.7067747 0.05714424 0.3475545 0.005657775 0.1363121 0.1178172 0.6647942 
1341836549.851680 -0.7033713 0.05539085 0.3488243 0.004687343 0.1348075 0.1186315 0.6649637 
1341836549.887374 -0.6839602 0.06311798 0.3516263 0.007492823 0.1266803 0.1234696 0.6656549 
1341836549.919465 -0.6792897 0.06313054 0.3571544 0.007361118 0.1240626 0.1245895 0.6659407 
1341836549.955410 -0.6828168 0.06110301 0.3591342 0.006730333 0.1248583 0.1236164 0.66598 
1341836549.987370 -0.6803283 0.06096938 0.3553684 0.007772903 0.1221703 0.124052 0.666386 
1341836550.019353 -0.6795844 0.06130225 0.3554864 0.007988264 0.1208925 0.1242797 0.6665741 
1341836550.055341 -0.6789726 0.06109086 0.3545574 0.007195143 0.1198393 0.1256579 0.6665149 
1341836550.087353 -0.6808793 0.05860345 0.3530524 0.006021022 0.1192331 0.1255226 0.6666607 
1341836550.119416 -0.6819206 0.05822176 0.3499984 0.006419143 0.1187356 0.1251613 0.6668137 
1341836550.155369 -0.6819903 0.0570435 0.3496707 0.006158283 0.1178473 0.1256581 0.6668803 
1341836550.187297 -0.6822891 0.05657728 0.3471252 0.006134079 0.1166754 0.1268492 0.6668611 
1341836550.223427 -0.678909 0.05762992 0.3514852 0.006052184 0.1162133 0.1286885 0.6665901 
1341836550.255383 -0.6801751 0.05550942 0.3494352 0.005928575 0.1155929 0.1292476 0.6665909 
1341836550.287593 -0.6841403 0.05313614 0.3404939 0.007938928 0.1356505 0.154929 0.7965577 
