1305031102.175304 0 0 0 0 0 0 1 
1305031102.211214 0.0001304304 0.006056139 0.007592097 -0.002049441 -0.003935432 -0.001441812 0.9999891 
1305031102.243211 -0.0006876591 0.01408859 0.01792541 -0.004255636 -0.006836344 -0.001207843 0.9999668 
1305031102.275326 -0.001661884 0.01700255 0.02751993 -0.007922971 -0.009413526 -0.0007955605 0.999924 
1305031102.311267 -0.0001629372 0.02165892 0.03813928 -0.009398338 -0.01233219 -0.0004185047 0.9998797 
1305031102.343233 0.0002619306 0.02497279 0.04749813 -0.009790022 -0.01469654 0.001451047 0.999843 
1305031102.375329 0.00645989 0.02405671 0.05863317 -0.01252971 -0.01998604 0.001908049 0.9997199 
1305031102.411258 0.002488994 0.03208042 0.06699089 -0.00983534 -0.01926381 0.000862752 0.9061315 
1305031102.443271 0.002547356 0.04391466 0.07458016 -0.01088586 -0.02508998 0.0007331 0.9996257 
1305031102.475318 0.005091227 0.0480373 0.08595021 -0.01436243 -0.02576069 -5.234342e-05 0.90591 
1305031102.511219 0.008080551 0.05245185 0.09694988 -0.01653061 -0.0263449 -0.001394299 0.9058552 
1305031102.543220 0.007762496 0.05542936 0.1075077 -0.01885252 -0.02519935 -0.003460939 0.9058369 
1305031102.575286 0.01592891 0.04969193 0.1227395 -0.02239035 -0.02832791 -0.004212939 0.9056607 
1305031102.611233 0.02096425 0.04643092 0.1346792 -0.02116682 -0.02886793 -0.002602742 0.9056791 
1305031102.643265 0.009112317 0.05764003 0.138214 -0.01438017 -0.02274102 -0.002126152 0.9059881 
1305031102.675285 0.009776007 0.06466845 0.1490075 -0.01271897 -0.02479895 -0.001562985 0.9059601 
1305031102.711263 0.007784421 0.06741846 0.159839 -0.0103165 -0.02155035 -0.0005881924 0.7985893 
1305031102.743234 0.009238109 0.07937583 0.1690577 -0.007411247 -0.0255683 0.0005168147 0.9059989 
1305031102.775472 0.01148939 0.08317035 0.1809749 -0.006365424 -0.02186801 -0.001173961 0.7986212 
1305031102.811232 0.009080935 0.08984281 0.1901361 -0.004543277 -0.01849759 -0.002162521 0.7987168 
1305031102.843290 0.01075819 0.0926222 0.2018914 -0.004364299 -0.01658443 -0.003016525 0.798757 
1305031102.875363 0.006635571 0.09653706 0.2111722 -0.00212017 -0.01279873 -0.004892737 0.7988265 
1305031102.911185 0.004871856 0.1008455 0.2201306 -8.298543e-05 -0.01110012 -0.005994175 0.7988472 
1305031102.943229 0.0003646514 0.1009921 0.2299833 -0.0002871294 -0.01008992 -0.00714707 0.7988511 
1305031102.975203 -0.004008376 0.1043223 0.2382641 0.0002143909 -0.0128502 -0.006634542 0.7114577 
1305031103.011215 -0.004319453 0.1099379 0.2473694 0.001590648 -0.01963816 -0.005582732 0.7986843 
1305031103.043227 -0.004663291 0.1149342 0.2559876 0.00199857 -0.02188646 -0.00353325 0.7112565 
1305031103.075319 0.001175923 0.1164311 0.2659361 0.002922609 -0.02636413 -0.001964344 0.7111075 
1305031103.111240 -0.003085146 0.1284633 0.271471 0.00847301 -0.02420718 -0.002047754 0.7111394 
1305031103.143318 -0.001889504 0.1313958 0.2799806 0.008382758 -0.02489194 -0.001088742 0.711119 
1305031103.175452 -0.003529229 0.139744 0.2860701 0.01107813 -0.0231913 -0.001315136 0.7111392 
1305031103.211220 -0.005940104 0.1471762 0.2923643 0.01017427 -0.02237146 -0.0009389967 0.7111796 
1305031103.243216 -0.005000515 0.1508274 0.2990887 0.006375845 -0.0229746 0.001439352 0.7112037 
1305031103.275370 -0.008483568 0.1468769 0.3046143 -0.002516953 -0.02456584 0.00391945 0.7111653 
1305031103.311210 -0.008167988 0.1430848 0.3097026 -0.008014656 -0.03149213 0.00390434 0.7108516 
1305031103.343223 -0.002580571 0.1489299 0.3117488 -0.005807596 -0.03613185 0.003473588 0.7106546 
1305031103.375327 -0.0007486547 0.1486226 0.3127993 -0.008216903 -0.03577162 0.004645095 0.7106424 
1305031103.411260 -0.0005710477 0.1404271 0.3126877 -0.01264088 -0.03589489 0.005924453 0.7105617 
1305031103.443280 -0.001684862 0.1373295 0.3092782 -0.01365586 -0.03725888 0.005610066 0.7104753 
1305031103.475274 0.0007363498 0.131868 0.3063515 -0.01536985 -0.04024585 0.004528568 0.710285 
1305031103.511333 0.002795367 0.1250246 0.3020683 -0.01594376 -0.04223212 0.003127842 0.7101646 
1305031103.543444 0.004847115 0.117879 0.2964263 -0.01539422 -0.04401655 0.002072463 0.7100722 
1305031103.575474 0.001045803 0.1134262 0.2860236 -0.01385517 -0.04308026 0.002582655 0.7101597 
1305031103.611223 0.001285698 0.1055708 0.2781597 -0.0151275 -0.04559373 0.004032443 0.70997 
1305031103.643445 0.002675924 0.09923879 0.2697611 -0.0151976 -0.04897232 0.004575268 0.7097402 
1305031103.675523 0.005266817 0.09381783 0.2612845 -0.01495043 -0.05145475 0.00485456 0.7095679 
1305031103.711610 0.007791962 0.08757733 0.252232 -0.01532314 -0.0527659 0.004881474 0.7094635 
1305031103.743326 0.0112805 0.07815262 0.2441215 -0.01660166 -0.05366613 0.004670468 0.7093686 
1305031103.775342 0.01175373 0.07445287 0.2316543 -0.01550565 -0.05290583 0.002684615 0.7094608 
1305031103.811242 0.01171181 0.07254332 0.2197529 -0.01616352 -0.05149912 0.0003218783 0.7095546 
1305031103.843251 0.007519975 0.068719 0.2037581 -0.02008616 -0.04916652 -0.00141715 0.7096185 
1305031103.875361 0.008927844 0.0530034 0.1975336 -0.02953873 -0.05210458 -0.002452012 0.7090753 
1305031103.911221 0.01155609 0.04066528 0.1888332 -0.03259052 -0.05570846 -0.003241912 0.7086644 
1305031103.943211 0.01361487 0.03606274 0.1773704 -0.03235037 -0.05796711 -0.003773522 0.7084916 
1305031103.975373 0.01812149 0.02828388 0.1673759 -0.03743223 -0.06835981 -0.004552602 0.8005558 
1305031104.011232 0.02243578 0.02057144 0.1614069 -0.0319673 -0.06176875 -0.00473489 0.7081819 
1305031104.043249 0.02681294 0.01510704 0.1458312 -0.03202098 -0.06768498 -0.006386508 0.8008353 
1305031104.075425 0.02851753 0.01265514 0.1332109 -0.02983013 -0.06378691 -0.008143345 0.8012238 
1305031104.111235 0.0330562 0.003807843 0.1248777 -0.029909 -0.06011807 -0.009007224 0.8014953 
1305031104.143230 0.03441786 -0.00588391 0.1146159 -0.02928728 -0.05585945 -0.009268713 0.8018233 
1305031104.175424 0.03377325 -0.01126398 0.1034323 -0.02762176 -0.05273831 -0.009620565 0.8020896 
1305031104.211283 0.03557288 -0.02031473 0.09449401 -0.02718543 -0.05102881 -0.009110579 0.802221 
1305031104.243196 0.03553593 -0.02413085 0.08394375 -0.02436561 -0.04870634 -0.008921299 0.8024581 
1305031104.275546 0.03565172 -0.02755148 0.07360966 -0.02162551 -0.04617759 -0.009589321 0.8026784 
1305031104.311219 0.0342574 -0.03113635 0.06391869 -0.01973398 -0.04267181 -0.009563584 0.8029214 
1305031104.343342 0.03525365 -0.03292834 0.05414375 -0.01763967 -0.03915004 -0.009843678 0.8031462 
1305031104.375837 0.03496294 -0.03668987 0.04552663 -0.02037694 -0.04068802 -0.01098698 0.9388189 
1305031104.411509 0.03258665 -0.04049878 0.03729179 -0.01762054 -0.03095714 -0.008943986 0.8035146 
1305031104.443288 0.02621732 -0.04205859 0.02766699 -0.02076273 -0.03220834 -0.00976499 0.9391531 
1305031104.475456 0.02284116 -0.04612438 0.02099592 -0.02263095 -0.03242892 -0.008782696 0.939112 
1305031104.511329 0.02189072 -0.04982848 0.01525847 -0.02282474 -0.03462971 -0.007386 0.9390408 
1305031104.543368 0.02576136 -0.05571024 0.009279878 -0.02193967 -0.03791213 -0.006130756 0.9389441 
1305031104.575343 0.03291224 -0.06041353 0.004853103 -0.01905552 -0.04004374 -0.00512147 0.9389246 
1305031104.611336 0.04244663 -0.06573584 0.002531374 -0.01109638 -0.03907377 -0.002947679 0.9391026 
1305031104.643243 0.04355476 -0.066703 -0.007512595 -7.613912e-05 -0.03152023 -0.003053778 0.9394517 
1305031104.675525 0.04499888 -0.07525881 -0.01434145 0.007534066 -0.02403511 -0.002138381 0.9396453 
1305031104.711277 0.04468372 -0.07951673 -0.02200375 0.01908006 -0.01658479 6.217239e-05 0.9396452 
1305031104.743280 0.04360175 -0.07822984 -0.03095153 0.0317257 -0.008913616 0.001621564 0.939406 
1305031104.775327 0.03872257 -0.0772861 -0.04055836 0.04860995 3.70803e-05 0.002058994 1.045234 
1305031104.811465 0.04182453 -0.07640351 -0.04657772 0.05319162 0.005702666 0.005434326 0.938446 
1305031104.843258 0.03983144 -0.07226573 -0.05215897 0.06976242 0.01425882 0.007118523 1.043916 
1305031104.875350 0.03745178 -0.06913522 -0.05598502 0.07607372 0.01835386 0.009569294 1.043391 
1305031104.911534 0.0386525 -0.06722226 -0.05741358 0.07855875 0.01913002 0.01200963 1.043168 
1305031104.943262 0.03851588 -0.06653487 -0.05718621 0.07937304 0.02007905 0.01263583 1.043081 
1305031104.975202 0.03781224 -0.06310943 -0.05709967 0.07877802 0.01950991 0.01269603 1.043136 
1305031105.011290 0.03879023 -0.06127442 -0.05428481 0.07380677 0.01872269 0.01304112 1.04351 
1305031105.043373 0.03744455 -0.06005129 -0.04932798 0.06769406 0.0184988 0.01128241 1.043949 
1305031105.075320 0.03698673 -0.05912825 -0.04267629 0.06025661 0.01757033 0.008970741 1.044443 
1305031105.111299 0.03458378 -0.06139285 -0.03522738 0.05286748 0.01713749 0.007282634 1.044863 
1305031105.143106 0.03138332 -0.05740815 -0.03180383 0.04705343 0.01533535 0.003898311 1.045187 
1305031105.175159 0.02874965 -0.05175591 -0.02453797 0.03495943 0.0126045 -0.0005416967 1.045705 
1305031105.211268 0.02465063 -0.05289578 -0.01335319 0.02171721 0.00924932 -0.002176921 1.046097 
1305031105.243270 0.01874108 -0.04689926 -0.004525488 0.01523286 0.005229699 -0.004199362 1.046233 
1305031105.275288 0.01249696 -0.03805938 0.005842161 0.007941092 0.0003377296 -0.005718168 1.04632 
1305031105.311290 0.009801117 -0.03343154 0.01974447 -0.0003326386 -0.007369757 -0.005171769 1.046327 
1305031105.343302 0.008971574 -0.02894405 0.03280605 -0.006631122 -0.01478191 -0.004856968 1.046229 
1305031105.375338 0.008977568 -0.02231844 0.04711108 -0.006552138 -0.02069036 -0.00382112 1.046133 
1305031105.411286 0.007640676 -0.01500392 0.05563662 -0.009331534 -0.02544893 -0.005714286 1.045999 
1305031105.443316 0.007559501 -0.01100863 0.06907756 -0.01404685 -0.03058725 -0.006369933 1.045805 
1305031105.475280 0.005228053 -0.006544866 0.08021057 -0.01544047 -0.03361789 -0.006919553 1.045688 
1305031105.511332 0.00690142 0.0003910287 0.08900844 -0.01596147 -0.03423375 -0.005976918 0.939207 
1305031105.543282 0.008485011 0.001207333 0.1033749 -0.01937585 -0.03644315 -0.005030128 0.9390652 
1305031105.575449 0.006604224 0.006156444 0.1139324 -0.01987233 -0.0372949 -0.005161138 0.9390207 
1305031105.611378 0.009993264 0.008920825 0.1285744 -0.02087253 -0.04030749 -0.004394025 0.9388784 
1305031105.643273 0.008260533 0.01270883 0.1393178 -0.01980161 -0.04044324 -0.001997335 0.9389039 
1305031105.675166 0.01074017 0.02050921 0.1516723 -0.0178579 -0.04259637 -0.001397201 0.9388488 
1305031105.711309 0.01633778 0.02087884 0.1664717 -0.01659228 -0.04316108 -0.001563659 0.9388459 
1305031105.743312 0.01481693 0.02261947 0.1740065 -0.01295893 -0.03230677 -0.001011839 0.7911287 
1305031105.775339 0.01878019 0.03394823 0.1895205 -0.009247274 -0.03620626 -0.002048785 0.93924 
1305031105.811283 0.01724562 0.03966649 0.200476 -0.004884913 -0.03086636 -0.001418898 0.9394646 
1305031105.843271 0.02062928 0.03435521 0.2102625 -0.006248494 -0.02422232 0.0001532497 0.7914995 
1305031105.875337 0.01869315 0.04511258 0.2186528 -0.001759822 -0.01896146 0.001473146 0.7916644 
1305031105.911262 0.01837647 0.05147694 0.2296644 -0.001556265 -0.01570506 0.004722453 0.7917234 
1305031105.943272 0.01815688 0.05980088 0.2393837 -0.0005654538 -0.01307453 0.006323871 0.7917613 
1305031105.975329 0.01699166 0.06646134 0.2492872 -0.001628228 -0.01099623 0.007158601 0.7917844 
1305031106.011285 0.01749814 0.07290807 0.2590879 -0.002619401 -0.009486482 0.008124703 0.7917919 
1305031106.043355 0.01592174 0.07842027 0.2691817 -0.004159535 -0.007409292 0.008664234 0.7918017 
1305031106.075330 0.0176302 0.07695988 0.2793507 -0.008117996 -0.007089734 0.009495079 0.6681275 
1305031106.111327 0.01190844 0.09240844 0.2868662 -0.006183366 -0.005756551 0.01010215 0.7917852 
1305031106.143355 0.01413678 0.08736371 0.2970391 -0.01318625 -0.007845225 0.01096609 0.6680157 
1305031106.175534 0.01405446 0.09064703 0.3054435 -0.0147403 -0.009398269 0.0115158 0.667954 
1305031106.211275 0.01311622 0.09091239 0.3137827 -0.0169054 -0.01048989 0.01191226 0.6678795 
1305031106.243267 0.01124616 0.09482687 0.3193599 -0.01576354 -0.01111082 0.01417124 0.6678532 
1305031106.276385 0.007943579 0.1043887 0.3231677 -0.01311158 -0.01102883 0.01438491 0.6679074 
1305031106.311238 0.007364369 0.1078898 0.3272857 -0.01467479 -0.01181921 0.01619995 0.6678198 
1305031106.343258 0.008328989 0.1136326 0.3305195 -0.01704759 -0.01352431 0.01592176 0.6677377 
1305031106.375388 0.01093253 0.117844 0.3334045 -0.02117873 -0.01395105 0.01102503 0.6677095 
1305031106.411320 0.01317489 0.1106398 0.3361056 -0.02768834 -0.01126843 0.007721152 0.6675683 
1305031106.443278 0.01069174 0.1032201 0.3347465 -0.03118441 -0.008220334 0.005165935 0.6674833 
1305031106.475345 0.008961301 0.0978921 0.3313516 -0.03314882 -0.008453795 0.004582862 0.66739 
1305031106.511129 0.008876254 0.08980741 0.3270361 -0.03510875 -0.01107124 0.004894286 0.6672493 
1305031106.543302 0.009409603 0.08728958 0.3193894 -0.033386 -0.01377475 0.003946172 0.6672936 
1305031106.575282 0.009130119 0.0834383 0.3108947 -0.03263783 -0.01471376 0.003465149 0.6673133 
1305031106.611151 0.00850068 0.08070993 0.3017381 -0.03348925 -0.01661633 0.001570667 0.6672336 
1305031106.643207 0.008479895 0.0710686 0.2927127 -0.03659742 -0.01821388 0.000343744 0.6670303 
1305031106.675279 0.005469773 0.068375 0.2812677 -0.0359375 -0.01923868 0.0004990162 0.6670374 
1305031106.711508 0.00583394 0.05964603 0.2715533 -0.04024153 -0.02358771 0.0002837304 0.666652 
1305031106.743341 0.005259709 0.05379941 0.2597289 -0.04098336 -0.02766919 0.0007135633 0.6664495 
1305031106.775390 0.008125916 0.04771712 0.2476957 -0.04229372 -0.0324765 0.0009011004 0.6661504 
1305031106.811289 0.008835908 0.04624201 0.2344014 -0.04270399 -0.03506168 0.0006351851 0.6659935 
1305031106.843416 0.01279374 0.03014301 0.2251719 -0.04841482 -0.03927842 0.0004017053 0.6653674 
1305031106.875905 0.01540017 0.02395214 0.2112846 -0.0458366 -0.04114346 -0.001834462 0.6654349 
1305031106.911243 0.01630639 0.02577771 0.1950764 -0.04223508 -0.04060874 -0.004722668 0.6656918 
1305031106.943439 0.01813564 0.01246744 0.1838359 -0.04506043 -0.0402538 -0.007070388 0.6655073 
1305031106.975547 0.01890558 -0.0008035476 0.1713814 -0.04467429 -0.03873007 -0.009024355 0.6656001 
1305031107.011576 0.01777026 0.00400981 0.1527788 -0.03835903 -0.03603229 -0.01118565 0.6661125 
1305031107.043281 0.01981631 -0.007132773 0.1427283 -0.04161829 -0.03501243 -0.01224588 0.6659525 
1305031107.075432 0.018297 -0.02166042 0.1318216 -0.04264703 -0.03406566 -0.01215916 0.6659382 
1305031107.111229 0.0124461 -0.01050014 0.1159937 -0.0412344 -0.03771396 -0.01642303 0.7897499 
1305031107.143260 0.01399885 -0.01388115 0.1024925 -0.04104761 -0.03691586 -0.01648897 0.789796 
1305031107.175399 0.0177898 -0.02749967 0.09532756 -0.04381688 -0.03700183 -0.01669596 0.7896388 
1305031107.211358 0.02067546 -0.03599131 0.08576127 -0.04112005 -0.03587926 -0.01767242 0.7898144 
1305031107.243378 0.02116125 -0.03696375 0.0735505 -0.03614436 -0.03289575 -0.01772804 0.7901863 
1305031107.275398 0.02434356 -0.04483803 0.0653329 -0.03406028 -0.03091151 -0.01754801 0.790363 
1305031107.311226 0.02658047 -0.0545154 0.05865289 -0.03100863 -0.02857224 -0.01811394 0.7905639 
1305031107.343509 0.02945835 -0.06201725 0.05006051 -0.02439566 -0.02610183 -0.01784062 0.7908872 
1305031107.375413 0.03074272 -0.05729639 0.03904131 -0.01537118 -0.0216964 -0.01759703 0.7912526 
1305031107.411271 0.03384182 -0.05989954 0.03372838 -0.01093751 -0.01843368 -0.01808082 0.7913981 
1305031107.443419 0.03522379 -0.05777952 0.02740895 -0.00604384 -0.01444904 -0.01780278 0.7915397 
1305031107.475377 0.03840299 -0.05896439 0.02497133 -0.00400269 -0.01130244 -0.01689995 0.7916236 
1305031107.511352 0.03776514 -0.05192928 0.01975966 -0.0006526336 -0.007418199 -0.01660496 0.7916856 
1305031107.543605 0.0423528 -0.05303486 0.02113682 -0.003194941 -0.006356179 -0.01480324 0.7917244 
1305031107.575454 0.04324513 -0.04729103 0.02367707 -0.0002496204 -0.005566132 -0.0160477 0.9398318 
1305031107.611271 0.04324847 -0.03951049 0.0202942 0.002821619 -0.003330724 -0.01464437 0.939861 
1305031107.643323 0.04449758 -0.04115666 0.02006251 -0.001380867 -0.002115917 -0.01390609 0.939879 
1305031107.675568 0.04430737 -0.03995012 0.02230574 -0.002113206 -0.001635265 -0.01342419 0.9398856 
1305031107.711307 0.04234345 -0.03467266 0.02275875 -0.001604863 -0.001025191 -0.01255368 0.9398995 
1305031107.743538 0.03867164 -0.03010178 0.02243776 -0.00339111 -0.0009218861 -0.01218841 0.9398997 
1305031107.775802 0.03976121 -0.03026984 0.02558447 -0.006251077 -0.004199746 -0.01315915 0.939863 
1305031107.811596 0.04064016 -0.02485306 0.02751257 -0.00631989 -0.006198983 -0.01312307 0.939852 
1305031107.843332 0.04443084 -0.02313877 0.03009416 -0.008245799 -0.008001196 -0.01358994 0.9398168 
1305031107.875358 0.05144889 -0.02540569 0.03405164 -0.009543996 -0.00934098 -0.01689741 0.9397385 
1305031107.911541 0.05476569 -0.0239729 0.03621356 -0.007907281 -0.006992364 -0.0193217 0.9397274 
1305031107.943122 0.06091013 -0.02434777 0.03889496 -0.006042546 -0.005034458 -0.01987545 0.9397422 
1305031107.975807 0.06945029 -0.02406199 0.04224862 -0.003256504 -0.002696696 -0.01991987 0.9397647 
1305031108.011320 0.07924457 -0.02322858 0.04383027 0.0008083446 0.0001938369 -0.02183208 0.9397313 
1305031108.043418 0.09057189 -0.02048965 0.04624705 0.004115053 0.005046566 -0.02064849 0.9397359 
1305031108.075352 0.102153 -0.02059078 0.05048668 0.005377388 0.01183308 -0.01598254 0.9397595 
1305031108.111378 0.1070676 -0.01707331 0.05437849 0.009616351 0.01785966 -0.01524074 0.9108874 
1305031108.143334 0.1193444 -0.01941652 0.05283823 0.01023476 0.0194891 -0.01553326 0.9395991 
1305031108.176058 0.1289002 -0.01533834 0.04944496 0.009481902 0.02201288 -0.01312808 0.9395879 
1305031108.211475 0.1434229 -0.00882826 0.05970077 0.00843531 0.02088763 -0.01331439 0.9108649 
1305031108.243347 0.1571512 -0.01265653 0.06686823 0.006718705 0.02188108 -0.01504921 0.9108288 
1305031108.275358 0.1674495 -0.007590909 0.06578551 0.008638032 0.02491335 -0.01484539 0.9107381 
1305031108.311332 0.1763254 -0.003855799 0.06718236 0.006167117 0.02546762 -0.01380126 0.9107593 
1305031108.343278 0.1861844 4.627049e-05 0.07093549 0.002344556 0.02309163 -0.0120065 0.9108659 
1305031108.375410 0.1937119 0.001468237 0.07382637 -0.00235034 0.02040949 -0.007489754 0.9109783 
1305031108.411361 0.2078995 0.003517469 0.07851868 -0.006142503 0.01466147 -0.002008325 0.9110998 
1305031108.443610 0.219874 0.005647022 0.08110978 -0.009676318 0.01214418 0.003887738 0.9111001 
1305031108.475471 0.2307329 0.003667346 0.08666312 -0.01313112 0.01105488 0.01013485 0.9110226 
1305031108.511378 0.2486047 0.001870691 0.09313769 -0.01315279 0.01098801 0.01440203 0.9109656 
1305031108.543737 0.259275 0.002144651 0.0969248 -0.008303994 0.01656316 0.01319355 0.8767981 
1305031108.575414 0.2725849 0.005332868 0.09281229 -0.004727802 0.01938675 0.01173068 0.9109466 
1305031108.611407 0.2833561 0.01002672 0.09877001 -0.002562128 0.02354418 0.01208813 0.8766899 
1305031108.643303 0.292172 0.01342611 0.09831305 -0.001436138 0.02809379 0.01337646 0.8765398 
1305031108.675375 0.3071874 0.01826607 0.1004402 -0.002305949 0.03026617 0.0165925 0.8764106 
1305031108.711411 0.314319 0.01558043 0.1022187 -0.007131127 0.03717584 0.01979232 0.8760523 
1305031108.743502 0.3202009 0.01428105 0.1043351 -0.008868033 0.04173498 0.0207703 0.8758084 
1305031108.775493 0.3279169 0.01609121 0.1047224 -0.009225355 0.04435792 0.02271875 0.8756274 
1305031108.811244 0.3290565 0.01489135 0.1065812 -0.01129046 0.04824026 0.02670686 0.8752853 
1305031108.843264 0.3284138 0.01278537 0.1077805 -0.01144427 0.04952988 0.03170208 0.8750446 
1305031108.876515 0.3295246 0.01285499 0.1070003 -0.009897122 0.04724193 0.03714116 0.874976 
1305031108.911364 0.3311456 0.009746103 0.1065395 -0.008448626 0.04373765 0.04142861 0.8749809 
1305031108.943243 0.3296639 0.008248232 0.1039257 -0.004389415 0.04077032 0.04287218 0.8750844 
1305031108.975268 0.3281662 0.01316816 0.09751604 0.0005692913 0.03475534 0.04178891 0.8754071 
1305031109.011269 0.3289235 0.01325432 0.09550808 0.000168777 0.03037942 0.04051489 0.87563 
1305031109.043277 0.3225918 0.01166503 0.09326044 0.0004232518 0.03042082 0.0385326 0.8757179 
1305031109.075410 0.3183248 0.01822935 0.08768086 0.001408778 0.0272208 0.03467449 0.8759834 
1305031109.111282 0.310538 0.01643347 0.08913115 -0.002527279 0.02674091 0.03192451 0.8761002 
1305031109.143334 0.2946474 0.01428214 0.08838251 -0.003785296 0.02716029 0.02957343 0.8761653 
1305031109.175464 0.286696 0.01968023 0.08516824 -0.002087202 0.02119556 0.02739734 0.8764063 
1305031109.211379 0.2835426 0.0336052 0.08575628 -0.001756212 0.01473789 0.03084494 0.8764249 
1305031109.243290 0.2735051 0.03134093 0.0859929 -0.01040349 0.01281963 0.0358058 0.8762064 
1305031109.275308 0.2498795 0.01599101 0.08788584 -0.01825005 0.01485033 0.03734441 0.8759817 
1305031109.311329 0.2350245 0.01715931 0.08185663 -0.0160378 0.008894289 0.03828445 0.8760652 
1305031109.343248 0.222837 0.02038251 0.07644105 -0.01741665 0.001123776 0.03721365 0.8761294 
1305031109.375397 0.2109584 0.01625649 0.079941 -0.02133303 -0.005142803 0.03710647 0.876033 
1305031109.411329 0.2019177 0.01683489 0.07636329 -0.02166008 -0.01180724 0.03428607 0.8760754 
1305031109.443302 0.1913423 0.01835057 0.07356587 -0.02407837 -0.01614824 0.02897812 0.8761347 
1305031109.475363 0.1791229 0.01700352 0.07534913 -0.02685484 -0.01727796 0.02626316 0.876118 
1305031109.511273 0.1649241 0.01491108 0.07650979 -0.02713793 -0.01744538 0.0231879 0.8761928 
1305031109.543294 0.1543908 0.01519655 0.07318495 -0.02468132 -0.01857466 0.02078012 0.8763026 
1305031109.575362 0.1365435 0.01677063 0.06580136 -0.02550781 -0.0170605 0.02172678 0.9104646 
1305031109.611310 0.1238269 0.01643209 0.06287455 -0.02593217 -0.0172314 0.0203919 0.9104803 
1305031109.643229 0.1126577 0.01915964 0.06175237 -0.025461 -0.01759108 0.01941668 0.910508 
1305031109.675263 0.09668545 0.02205816 0.06098816 -0.02654099 -0.01564422 0.02166208 0.9104621 
1305031109.711312 0.08198336 0.02507458 0.05982019 -0.02808115 -0.01677688 0.02136411 0.9104027 
1305031109.743274 0.06784807 0.02698613 0.06034286 -0.03134316 -0.01766657 0.02051006 0.9102991 
1305031109.775277 0.05629093 0.02632346 0.06190336 -0.0343665 -0.01839301 0.02082539 0.9101684 
1305031109.811371 0.04150187 0.02788539 0.06218801 -0.03581181 -0.01741543 0.0200688 0.9101489 
1305031109.843296 0.02679344 0.03081686 0.06386491 -0.03759022 -0.01772104 0.01948289 0.910084 
1305031109.875306 0.006308455 0.02403805 0.05365559 -0.04589602 -0.01699029 0.01857898 0.9385265 
1305031109.911265 -0.006186755 0.02077791 0.05549834 -0.04854518 -0.02161719 0.01426105 0.9383736 
1305031109.943299 -0.02127564 0.03211102 0.05544347 -0.04537486 -0.0222128 0.0108054 0.9385645 
1305031109.975258 -0.03658895 0.03225731 0.05831555 -0.04934509 -0.02196443 0.006334934 0.9384108 
1305031110.011256 -0.0505785 0.03474364 0.06068167 -0.05037072 -0.02245668 -4.40344e-05 0.938366 
1305031110.043299 -0.06414825 0.03732179 0.06403958 -0.05145099 -0.02169662 -0.006563997 0.9383023 
1305031110.075319 -0.07798622 0.04193341 0.06779687 -0.0486283 -0.01973583 -0.01240151 0.8921051 
1305031110.111325 -0.09514163 0.04204938 0.06847021 -0.05595168 -0.01867039 -0.01560192 0.938003 
1305031110.143432 -0.1072658 0.03794471 0.0747209 -0.05546721 -0.02055714 -0.01920497 0.8915669 
1305031110.175641 -0.1198758 0.0470953 0.0742176 -0.05334826 -0.02174789 -0.02045385 0.8916402 
1305031110.211637 -0.1332848 0.04542151 0.07773324 -0.05730903 -0.02265044 -0.02188256 0.891338 
1305031110.243323 -0.1449476 0.04327547 0.08013743 -0.05838745 -0.02502595 -0.02134973 0.8912174 
1305031110.279321 -0.1525928 0.04326353 0.08177776 -0.05684635 -0.02839001 -0.02172366 0.8912071 
1305031110.311404 -0.1664622 0.04539489 0.0818774 -0.05360541 -0.02905876 -0.023223 0.8913486 
1305031110.343355 -0.1782306 0.04969494 0.08199057 -0.05116292 -0.03175476 -0.02405988 0.891378 
1305031110.379281 -0.1932005 0.05096266 0.08266237 -0.04992628 -0.03384111 -0.02678343 0.8912937 
1305031110.411469 -0.2057855 0.05748807 0.08070152 -0.04756341 -0.03787969 -0.02903824 0.8911898 
1305031110.443260 -0.2161724 0.06339069 0.08272555 -0.04934129 -0.04215153 -0.03160305 0.890814 
1305031110.479331 -0.2310382 0.06296953 0.08623467 -0.05178055 -0.04560377 -0.03662513 0.890313 
1305031110.511429 -0.2423796 0.06479843 0.08813136 -0.05159912 -0.05106762 -0.0398732 0.8898873 
1305031110.543408 -0.2469961 0.06901793 0.08657328 -0.04941388 -0.05584438 -0.04043004 0.8445457 
1305031110.579426 -0.2578316 0.07751121 0.08856612 -0.0527443 -0.06180891 -0.04582075 0.8888519 
1305031110.611307 -0.2616336 0.06787406 0.09252516 -0.05767678 -0.0639564 -0.04724065 0.8430917 
1305031110.643418 -0.271667 0.06807891 0.09445844 -0.05614471 -0.06426627 -0.0499084 0.8430179 
1305031110.679606 -0.2773781 0.07669894 0.09209711 -0.0532071 -0.0660339 -0.05153384 0.842974 
1305031110.711412 -0.2829651 0.07474451 0.09514283 -0.05699633 -0.06739543 -0.05245024 0.8425619 
1305031110.743249 -0.2885033 0.07440379 0.09630958 -0.05741378 -0.06819986 -0.05372776 0.8423883 
1305031110.779193 -0.2903893 0.0761252 0.09590574 -0.05683733 -0.06994907 -0.05413307 0.842258 
1305031110.811386 -0.2930951 0.07770681 0.09613967 -0.05688666 -0.06996887 -0.05566182 0.8421534 
1305031110.843218 -0.296485 0.07707995 0.09678179 -0.05855977 -0.071028 -0.05739285 0.8418338 
1305031110.879313 -0.2946675 0.0770802 0.09740783 -0.05849202 -0.07362631 -0.05716526 0.8416308 
1305031110.911333 -0.2938279 0.07779284 0.09712406 -0.05887877 -0.07479305 -0.05757657 0.8414729 
1305031110.943862 -0.2895932 0.07756002 0.09789369 -0.05889942 -0.07751639 -0.05834672 0.8411719 
1305031110.979345 -0.2811128 0.08134107 0.09885932 -0.0575319 -0.07851748 -0.05866574 0.8411515 
1305031111.011431 -0.271822 0.07752836 0.1004579 -0.06034674 -0.07665338 -0.05775756 0.841189 
1305031111.043327 -0.2658889 0.07661757 0.0986063 -0.05987226 -0.07237396 -0.05598459 0.8417217 
1305031111.079283 -0.2607281 0.07839432 0.09657973 -0.06098211 -0.0699375 -0.05409256 0.8419717 
1305031111.111508 -0.2491712 0.07249335 0.09745412 -0.06432984 -0.07062983 -0.05145583 0.84183 
1305031111.143257 -0.2381652 0.06872881 0.09696312 -0.06409492 -0.07041688 -0.05095316 0.8418963 
1305031111.179326 -0.221685 0.06838866 0.0968766 -0.06187937 -0.07079609 -0.0514698 0.8419989 
1305031111.211433 -0.213264 0.06896425 0.09507364 -0.06020053 -0.06381777 -0.04853389 0.8428523 
1305031111.243236 -0.2106715 0.06288834 0.09267528 -0.06200205 -0.05947426 -0.04859421 0.8430359 
1305031111.279308 -0.1903897 0.05786015 0.0930125 -0.05993375 -0.06316249 -0.04781201 0.8429619 
1305031111.311547 -0.1887247 0.06607886 0.08852708 -0.05376326 -0.05578315 -0.04419478 0.8440953 
1305031111.343397 -0.1823571 0.06706263 0.08747516 -0.05663877 -0.05793631 -0.04393348 0.8437758 
1305031111.379134 -0.1593999 0.05207747 0.09061089 -0.06153575 -0.06594382 -0.04163899 0.842961 
1305031111.411296 -0.1561749 0.05722414 0.08686424 -0.05543544 -0.06421691 -0.04100016 0.8435487 
1305031111.443386 -0.1328693 0.05808477 0.08987893 -0.05497226 -0.07422288 -0.04565677 0.8425182 
1305031111.479259 -0.1059307 0.05206054 0.09803274 -0.05372987 -0.07569859 -0.04645455 0.8424234 
1305031111.511264 -0.09628006 0.04988973 0.09300994 -0.05085622 -0.0660763 -0.04615135 0.8434275 
1305031111.543250 -0.08096907 0.04391874 0.09570223 -0.04944628 -0.0629749 -0.04516705 0.8438018 
1305031111.579237 -0.06717737 0.04823452 0.09158153 -0.04456831 -0.05607882 -0.04055022 0.844794 
1305031111.611271 -0.06287024 0.04492918 0.08665684 -0.04677649 -0.05013853 -0.03461015 0.8453121 
1305031111.643395 -0.03655044 0.03286002 0.09665921 -0.04799331 -0.0581655 -0.02885289 0.8449457 
1305031111.679320 -0.02062591 0.0455831 0.09738592 -0.03852522 -0.05356408 -0.0226368 0.8459235 
1305031111.711760 -0.005076056 0.04553526 0.1009112 -0.03797621 -0.04895463 -0.02135954 0.8462608 
1305031111.743386 0.01910992 0.04087898 0.1113574 -0.0356932 -0.04536923 -0.01884471 0.8466197 
1305031111.779423 0.03271777 0.04969587 0.1111082 -0.02927453 -0.03105201 -0.01538583 0.8475815 
1305031111.811406 0.04485373 0.04180022 0.1022284 -0.03266446 -0.02005631 -0.01384806 0.8928038 
1305031111.843299 0.05660123 0.04210288 0.09879398 -0.02940301 -0.01175273 -0.01230365 0.8930876 
1305031111.879442 0.06062807 0.04505743 0.09556008 -0.02869259 -0.003052369 -0.008649704 0.8932257 
1305031111.911354 0.06764912 0.03861341 0.0982642 -0.03066164 -0.002850763 -0.003174715 0.8931972 
1305031111.943300 0.08052973 0.03981228 0.09801396 -0.02859773 -0.007133184 0.004579966 0.8932356 
1305031111.979449 0.1025469 0.04141857 0.1007209 -0.02535324 -0.009472926 0.01024245 0.8375234 
1305031112.011433 0.1165838 0.04584184 0.1055542 -0.0229878 -0.005030708 0.01120106 0.8933534 
1305031112.043270 0.1319793 0.04239177 0.1044093 -0.01990474 0.0003435764 0.008392328 0.8377447 
1305031112.079339 0.1466111 0.04223302 0.1051998 -0.01825381 0.008418382 0.008108351 0.8377429 
1305031112.111423 0.152351 0.0422698 0.1039772 -0.01591686 0.01646401 0.004504037 0.8376982 
1305031112.144342 0.1678421 0.04581073 0.105211 -0.01412611 0.01893303 -0.0003650468 0.8376901 
1305031112.179390 0.1810899 0.04473467 0.1055822 -0.01640771 0.02857651 -0.002779231 0.8373705 
1305031112.211254 0.1871772 0.0377912 0.1094203 -0.01835069 0.03815627 -0.00701984 0.8369235 
1305031112.243369 0.1985466 0.0356167 0.1135953 -0.01370415 0.04564706 -0.009992231 0.8366072 
1305031112.279353 0.2032692 0.03547433 0.1125478 -0.008821414 0.05244267 -0.01323749 0.8362294 
1305031112.311312 0.232493 0.01902926 0.1102406 -0.01111446 0.046848 -0.01539726 0.8756351 
1305031112.343323 0.2445864 0.02061033 0.1108995 -0.004227189 0.04550392 -0.0137282 0.8757941 
1305031112.379360 0.2561719 0.02207176 0.1110311 0.0001629942 0.042789 -0.009871978 0.8759931 
1305031112.411442 0.2678973 0.02252236 0.1101052 0.00245069 0.03935853 -0.006399976 0.8761827 
1305031112.443391 0.2782443 0.01849486 0.1117204 0.002900325 0.03785238 -0.001505159 0.8762698 
1305031112.479418 0.2852003 0.02035848 0.1118319 0.006292034 0.03662813 0.006719617 0.8762796 
1305031112.511504 0.2933726 0.01909772 0.1108278 0.007606093 0.03290907 0.01320127 0.876343 
1305031112.543212 0.3027042 0.01724813 0.1106425 0.009106573 0.02925469 0.01633252 0.8764056 
1305031112.579252 0.310871 0.01917319 0.110629 0.01153703 0.02585945 0.02121579 0.8763791 
1305031112.611261 0.3274459 0.0218664 0.1090717 0.012408 0.02226384 0.0266982 0.876316 
1305031112.643246 0.3362675 0.0215128 0.1092653 0.009523562 0.02655743 0.03269 0.8760294 
1305031112.679952 0.3393136 0.02112924 0.1097208 0.007515896 0.03199849 0.03549165 0.8757581 
1305031112.711251 0.342389 0.02413215 0.1096173 0.006697646 0.035333 0.03722222 0.8755646 
1305031112.743245 0.3463097 0.03225633 0.1076159 0.004887787 0.03710404 0.04089233 0.8753396 
1305031112.779310 0.3450238 0.02835321 0.1106358 -0.003238331 0.04122929 0.04303888 0.8750597 
1305031112.811310 0.3344431 0.02579858 0.1129255 -0.005770248 0.04455063 0.04218296 0.8749256 
1305031112.843286 0.3331492 0.03310367 0.1125151 -0.005209072 0.03913374 0.04098518 0.875245 
1305031112.879421 0.331789 0.03271123 0.1147235 -0.008802631 0.0362273 0.04246908 0.8752706 
1305031112.911411 0.3240946 0.03302953 0.1151633 -0.01127103 0.03490251 0.04475022 0.8751825 
1305031112.943321 0.3168543 0.03215457 0.1152924 -0.01302754 0.03103342 0.04375758 0.875354 
1305031112.979278 0.3130845 0.03230588 0.1154108 -0.01348879 0.02570528 0.04166578 0.8756218 
1305031113.011353 0.3105715 0.03671765 0.1124889 -0.01331805 0.02171752 0.04198951 0.8757169 
1305031113.043231 0.3027798 0.03607928 0.1112452 -0.01717028 0.02096991 0.0402212 0.8757511 
1305031113.079251 0.2896843 0.02762945 0.1124649 -0.0204317 0.02127796 0.03561906 0.8758729 
1305031113.111316 0.2804608 0.03347021 0.1089865 -0.01588479 0.01694119 0.03187915 0.8762058 
1305031113.143306 0.2747368 0.03815233 0.1063133 -0.01626763 0.01355484 0.03063278 0.8763022 
1305031113.179343 0.261067 0.0311558 0.107346 -0.02125544 0.01434059 0.03190179 0.8761376 
1305031113.211259 0.2430816 0.02828138 0.103923 -0.02085928 0.01295677 0.03243758 0.876149 
1305031113.243227 0.2322557 0.03148137 0.09846881 -0.02145599 0.007245405 0.03326883 0.8761693 
1305031113.279312 0.2159699 0.02305426 0.1017898 -0.02637438 0.004805847 0.03397096 0.8760248 
1305031113.311452 0.195529 0.01580886 0.1025175 -0.02462094 0.00244127 0.03678448 0.875972 
1305031113.343252 0.1842177 0.01956124 0.09384219 -0.01900424 -0.00637695 0.03689 0.8760876 
1305031113.379312 0.1684015 0.02179819 0.09194067 -0.02054553 -0.01294098 0.03430701 0.8760854 
1305031113.411625 0.1521038 0.01501124 0.09797588 -0.02246694 -0.01706637 0.03494453 0.8759424 
1305031113.443266 0.1370348 0.01536505 0.09133038 -0.02072869 -0.02219161 0.03096559 0.8760201 
1305031113.479311 0.1157222 0.01921201 0.08714732 -0.02184083 -0.02297389 0.02435834 0.8370691 
1305031113.511523 0.09590543 0.01520453 0.08730091 -0.02597269 -0.02494387 0.02273608 0.8369404 
1305031113.543242 0.07994219 0.01020091 0.08698033 -0.02907251 -0.02836544 0.02019685 0.8367946 
1305031113.579301 0.0659479 0.01116853 0.0834583 -0.0285887 -0.03155077 0.01574947 0.8367927 
1305031113.611268 0.0519575 0.01147218 0.0827602 -0.03045401 -0.03294139 0.01130881 0.8367451 
1305031113.643222 0.03875986 0.01126779 0.08224292 -0.03264125 -0.03218615 0.008372531 0.8367266 
1305031113.679288 0.02057402 0.01285446 0.08367974 -0.03217804 -0.02912941 0.0046599 0.8368854 
1305031113.711931 0.008208512 0.0109237 0.08326981 -0.03301285 -0.02784912 0.001014127 0.8369089 
1305031113.743590 -0.003505202 0.01300398 0.08315875 -0.03153697 -0.02516629 -0.00322365 0.8370452 
1305031113.779320 -0.02006966 0.01129986 0.08368373 -0.03113363 -0.02079607 -0.006856033 0.8371584 
1305031113.811237 -0.03424509 0.01395219 0.08198936 -0.02922 -0.01826315 -0.008587185 0.8372705 
1305031113.843295 -0.04877876 0.01890666 0.08237872 -0.02787227 -0.01467421 -0.0114844 0.8373523 
1305031113.879281 -0.0669202 0.01214976 0.08653257 -0.02902311 -0.01173742 -0.01498637 0.8373041 
1305031113.911290 -0.08057491 0.01878009 0.08431556 -0.02390072 -0.01104305 -0.01548022 0.8374665 
1305031113.943291 -0.08973505 0.01788421 0.08611277 -0.02225841 -0.009685422 -0.01713714 0.8374963 
1305031113.979293 -0.1089575 0.02196744 0.08709922 -0.01764317 -0.004529958 -0.02164656 0.8375455 
1305031114.011257 -0.1266044 0.02559352 0.08711587 -0.01362992 -0.001157335 -0.02598212 0.8375086 
1305031114.043301 -0.1527592 0.02552118 0.08794379 -0.01333584 0.002543089 -0.02922196 0.8931525 
1305031114.079285 -0.1686377 0.02655301 0.08975289 -0.01063635 -0.0002148012 -0.0296394 0.8931785 
1305031114.111263 -0.1836147 0.0327152 0.09079491 -0.006301849 -0.002942062 -0.03257317 0.8931127 
1305031114.143284 -0.1956277 0.03532945 0.09357019 -0.005174478 -0.006489555 -0.03549922 0.8929896 
1305031114.179337 -0.205841 0.03168686 0.09675952 -0.004234887 -0.00806112 -0.0374796 0.8929009 
1305031114.211303 -0.2200992 0.04427459 0.09694619 0.002062245 -0.006189076 -0.03948727 0.8928369 
1305031114.243337 -0.2390574 0.04788081 0.1020381 0.001701422 -0.004704979 -0.04291007 0.8926888 
1305031114.279390 -0.2569147 0.04899021 0.1048596 0.002136115 -0.006972104 -0.0441475 0.8926127 
1305031114.311429 -0.2583474 0.05043586 0.1047628 0.001276594 -0.01702256 -0.04181284 0.8497336 
1305031114.343331 -0.2707942 0.05258619 0.1102964 0.001494766 -0.02044189 -0.04658826 0.892283 
1305031114.379320 -0.2718423 0.04963961 0.1107169 0.0002813911 -0.02431945 -0.04751223 0.8492573 
1305031114.411397 -0.284365 0.05136225 0.1125637 0.001746697 -0.02391187 -0.05113009 0.849057 
1305031114.443345 -0.2983443 0.05508997 0.115264 0.002957772 -0.02506191 -0.05249263 0.8489373 
1305031114.479332 -0.3109885 0.05453756 0.1190012 0.002557761 -0.0291689 -0.05349634 0.8487447 
1305031114.511266 -0.3142268 0.05702752 0.1189574 0.002881537 -0.03711453 -0.05477263 0.8483519 
1305031114.543236 -0.3151845 0.05444035 0.1207489 -0.0005568875 -0.04230402 -0.0539723 0.848165 
1305031114.579237 -0.3196459 0.05242441 0.1223157 -0.002247364 -0.0428779 -0.05098745 0.8483181 
1305031114.611391 -0.3255215 0.05595567 0.1230758 -0.002920159 -0.0426136 -0.04870366 0.8484635 
1305031114.644136 -0.3343221 0.05744615 0.1274842 -0.006159315 -0.04266826 -0.0478216 0.8484936 
1305031114.679251 -0.3390023 0.05395654 0.1296615 -0.0097527 -0.04755068 -0.04840321 0.8481673 
1305031114.711306 -0.3373541 0.05038573 0.1303725 -0.01145932 -0.05311367 -0.04747277 0.8478684 
1305031114.743200 -0.337725 0.04866142 0.13139 -0.01123269 -0.05600074 -0.0501748 0.84753 
1305031114.779289 -0.3358034 0.04846809 0.1291557 -0.009604534 -0.05823056 -0.05310695 0.847221 
1305031114.811303 -0.3347983 0.05176442 0.1273412 -0.008515743 -0.05816706 -0.05385294 0.8471899 
1305031114.843208 -0.3334079 0.05037354 0.1268616 -0.009227176 -0.05900179 -0.05582804 0.8469969 
1305031114.879281 -0.3293154 0.05371043 0.1253734 -0.008542494 -0.06000964 -0.05585396 0.8469316 
1305031114.912879 -0.3258644 0.05575805 0.1248065 -0.008896194 -0.06059007 -0.05594509 0.8468806 
1305031114.943234 -0.3154451 0.05880879 0.1245598 -0.01004907 -0.06313036 -0.05731671 0.8465903 
1305031114.979280 -0.3100903 0.06076459 0.1242024 -0.01148642 -0.06145555 -0.0580564 0.8466449 
1305031115.011300 -0.300866 0.06581261 0.1241191 -0.01340149 -0.06222734 -0.05882514 0.8465073 
1305031115.043508 -0.2878922 0.060312 0.1257339 -0.01864344 -0.06326209 -0.05870721 0.8463396 
1305031115.079238 -0.2788831 0.06400996 0.1250486 -0.01864451 -0.06134161 -0.05949428 0.8464259 
1305031115.111230 -0.2589861 0.06355872 0.1277207 -0.02145445 -0.06265167 -0.05802406 0.8463655 
1305031115.143275 -0.2478944 0.05853677 0.1264734 -0.02460439 -0.05638601 -0.05667772 0.8468115 
1305031115.179440 -0.2445177 0.06016317 0.1260224 -0.02534687 -0.05134899 -0.05607475 0.8471501 
1305031115.211374 -0.224251 0.05204348 0.1305224 -0.02850411 -0.05449087 -0.05363958 0.8470112 
1305031115.243297 -0.2098967 0.04681511 0.1316671 -0.02640528 -0.05197703 -0.05122936 0.8473863 
1305031115.279966 -0.1966661 0.05490631 0.1312616 -0.02217322 -0.05091126 -0.04778645 0.8477734 
1305031115.311704 -0.1722459 0.04718508 0.1395966 -0.02459581 -0.05264671 -0.04285892 0.847864 
1305031115.343235 -0.1559405 0.04989412 0.1371395 -0.02015257 -0.04674355 -0.04049083 0.8484434 
1305031115.379166 -0.1540391 0.05594649 0.1307027 -0.02241746 -0.04044783 -0.03572649 0.848924 
1305031115.411237 -0.1366799 0.05120412 0.1354423 -0.02932828 -0.04900184 -0.03372519 0.8483443 
1305031115.443159 -0.1095171 0.05015291 0.1413244 -0.03233639 -0.05729631 -0.02952324 0.8478719 
1305031115.479241 -0.09245229 0.0504727 0.1433561 -0.03594707 -0.05934178 -0.0247485 0.8477386 
1305031115.511253 -0.0632254 0.05085664 0.1545502 -0.03747846 -0.06476228 -0.02170888 0.8473587 
1305031115.543604 -0.03995471 0.04865338 0.1592472 -0.03781826 -0.05794689 -0.01643286 0.8479556 
1305031115.579315 -0.02567779 0.04520113 0.1553563 -0.03854592 -0.04837794 -0.01220441 0.8485939 
1305031115.611424 -0.006934736 0.04312224 0.1561386 -0.03864278 -0.04607911 -0.007764689 0.8487697 
1305031115.643254 0.01266607 0.04087992 0.1583316 -0.03814074 -0.0436245 -0.001766819 0.8489558 
1305031115.679241 0.01383529 0.03854894 0.1429548 -0.03588722 -0.03160746 0.008116414 0.7904078 
1305031115.711320 0.0338935 0.04735396 0.1457027 -0.03183899 -0.03465401 0.01471884 0.7903582 
1305031115.743250 0.05637381 0.05199006 0.1511666 -0.02941493 -0.0329492 0.01940992 0.7904237 
1305031115.779425 0.07351069 0.05324882 0.1530313 -0.02711503 -0.02746657 0.02446809 0.7905751 
1305031115.811277 0.09063045 0.05924719 0.1555611 -0.02452285 -0.02258722 0.03017873 0.7906168 
1305031115.843224 0.107957 0.05989873 0.1581855 -0.02599004 -0.01700813 0.03519399 0.7905023 
1305031115.879198 0.1206767 0.05493561 0.1616942 -0.0271811 -0.01361577 0.040874 0.7902546 
1305031115.911118 0.1293387 0.05933493 0.1597692 -0.02421665 -0.009202361 0.04565049 0.7901533 
1305031115.943311 0.1475212 0.04829927 0.1592705 -0.03310159 -0.0069114 0.0553601 0.8355086 
1305031115.980740 0.1622692 0.0524783 0.1591767 -0.03035725 -0.003576829 0.05538486 0.7677988 
1305031116.011379 0.1778629 0.05470852 0.1645833 -0.03507144 0.001154186 0.06271843 0.8349359 
1305031116.043164 0.1866127 0.05946293 0.1672241 -0.0322612 0.01158579 0.05883035 0.7673857 
1305031116.080030 0.1939172 0.06390294 0.1692742 -0.0346395 0.02029785 0.06177791 0.7668692 
1305031116.111300 0.2027609 0.06326732 0.1736361 -0.04047065 0.02820519 0.06429577 0.7661262 
1305031116.143441 0.2070085 0.06016008 0.1779737 -0.04509929 0.0367078 0.06658942 0.7653112 
1305031116.179572 0.2094902 0.06132288 0.1807551 -0.0465253 0.04348338 0.06857312 0.7646954 
1305031116.211299 0.21551 0.06256916 0.1840156 -0.04943817 0.04884823 0.07089543 0.7639767 
1305031116.243320 0.2255977 0.06363581 0.1878853 -0.05057818 0.05292693 0.07379863 0.7633552 
1305031116.279385 0.2363753 0.05859622 0.1862192 -0.04884359 0.05332629 0.0695161 0.690329 
1305031116.311336 0.2353975 0.06419933 0.1883162 -0.05306214 0.06874137 0.0788901 0.7614146 
1305031116.343292 0.2445018 0.05379722 0.1896762 -0.05344281 0.0655572 0.07542807 0.6883115 
1305031116.379384 0.2468073 0.05295999 0.1892377 -0.04971967 0.06850344 0.07583955 0.6882583 
1305031116.411333 0.2445489 0.05653343 0.1867137 -0.04580972 0.0712518 0.07737163 0.6880801 
1305031116.443369 0.2449456 0.05666659 0.1859242 -0.04783368 0.07289264 0.0838567 0.6870099 
1305031116.479850 0.2481975 0.05221792 0.1857155 -0.04978029 0.0727859 0.08753671 0.6864236 
1305031116.511205 0.2482477 0.04995701 0.1830989 -0.04937844 0.07141145 0.08548542 0.6868554 
1305031116.543262 0.2448378 0.04916609 0.1796474 -0.04800217 0.07109279 0.08239496 0.6873635 
1305031116.579313 0.2426009 0.04274054 0.1746749 -0.051587 0.06815916 0.0815164 0.6875057 
1305031116.611261 0.239682 0.03507795 0.1703051 -0.05436541 0.06250506 0.07877038 0.6881487 
1305031116.643355 0.2369657 0.03366635 0.1669474 -0.05377108 0.05461789 0.07308238 0.6894929 
1305031116.679281 0.2341412 0.03118961 0.1632363 -0.05449688 0.04677715 0.06785091 0.6905463 
1305031116.711634 0.2181156 0.0315775 0.1631143 -0.05360499 0.04543587 0.05857185 0.6915543 
1305031116.743291 0.2093978 0.03085116 0.160442 -0.05468095 0.04101224 0.05019892 0.6924045 
1305031116.779298 0.1998019 0.02840754 0.1577263 -0.05697623 0.03701694 0.04257824 0.6929549 
1305031116.811318 0.1882651 0.02246821 0.1547414 -0.05858711 0.03409698 0.03702562 0.6932893 
1305031116.846089 0.1768299 0.02175949 0.1502276 -0.05723166 0.02677491 0.03152641 0.6939954 
1305031116.880165 0.1679705 0.02360773 0.1490824 -0.05724018 0.01742591 0.02704516 0.6944814 
1305031116.912044 0.1540535 0.02305261 0.1467397 -0.05676448 0.009487215 0.02355062 0.6948015 
1305031116.943296 0.09701809 0.05054025 0.1305871 -0.05025792 0.01822323 0.0192832 0.7683014 
1305031116.979351 0.08069358 0.04868543 0.1285767 -0.05044238 0.00991336 0.01117516 0.7686021 
1305031117.011382 0.06091555 0.05697521 0.12753 -0.04570163 0.003397716 0.004559261 0.7690226 
1305031117.043261 0.04264003 0.06389263 0.1278584 -0.04349691 -0.00240073 0.0001667926 0.7691677 
1305031117.079520 0.02934349 0.07268437 0.1373291 -0.04113691 -0.009515029 -0.004853714 0.7692272 
1305031117.111238 0.01144857 0.07601917 0.1378318 -0.04167145 -0.01509742 -0.006282193 0.7690987 
1305031117.143218 0.004575939 0.07616338 0.1367175 -0.044418 -0.02431906 -0.006270716 0.7687087 
1305031117.179264 -0.02328932 0.07537106 0.1011903 -0.04957379 -0.02006548 -0.009195431 0.7900333 
1305031117.211361 -0.02168332 0.08104438 0.1153754 -0.04848677 -0.02977029 -0.01209835 0.7897554 
1305031117.243277 -0.02394973 0.08858217 0.1168861 -0.04848898 -0.03201023 -0.01342993 0.7896462 
1305031117.279299 -0.0198847 0.08479258 0.1227031 -0.05361462 -0.03450737 -0.01718168 0.7891367 
1305031117.311200 -0.0222283 0.08280051 0.1256644 -0.05679503 -0.0332753 -0.01851628 0.7889369 
1305031117.343243 -0.02192677 0.07583135 0.1276388 -0.0603962 -0.03458783 -0.01912393 0.7885985 
1305031117.379454 -0.02232072 0.06943948 0.1282953 -0.06171926 -0.03501482 -0.01934408 0.7884718 
1305031117.411221 -0.02388337 0.06009833 0.128683 -0.06346336 -0.03625048 -0.01856806 0.7882961 
1305031117.443274 -0.02314602 0.05694247 0.1281143 -0.06144996 -0.03794832 -0.01748474 0.7884005 
1305031117.479403 -0.02267222 0.04691084 0.1284677 -0.06284303 -0.03924483 -0.01609745 0.7882568 
1305031117.511325 -0.02127022 0.03245053 0.1296815 -0.06466316 -0.04152809 -0.01424039 0.7880283 
1305031117.544285 -0.02208704 0.03258383 0.1299424 -0.05877397 -0.04195674 -0.01409959 0.7884692 
1305031117.579155 -0.02465529 0.02934328 0.1303458 -0.05574092 -0.04245213 -0.01561577 0.7886344 
1305031117.611159 -0.024731 0.02279675 0.1326764 -0.05564063 -0.04408346 -0.01495502 0.7885648 
1305031117.643252 -0.02492398 0.008276517 0.1353619 -0.05831909 -0.04618259 -0.0134238 0.7882786 
1305031117.679262 -0.02530189 0.002989488 0.1381903 -0.05830011 -0.04855764 -0.01303546 0.7881438 
1305031117.711184 -0.02206432 -0.01331865 0.1427022 -0.06345825 -0.05231969 -0.01025081 0.7875455 
1305031117.743184 -0.01935917 -0.02862341 0.147707 -0.06739337 -0.05554079 -0.006849014 0.7870348 
1305031117.779467 -0.0192361 -0.03653187 0.1508091 -0.06817095 -0.05771875 -0.005110226 0.7868243 
1305031117.811320 -0.01484074 -0.05120865 0.157853 -0.07223848 -0.06124167 -0.002924474 0.7862059 
1305031117.843291 -0.008458436 -0.06139951 0.1636066 -0.07193353 -0.06355462 -0.002025345 0.7860531 
1305031117.879451 -0.008445924 -0.0685025 0.1672525 -0.07124205 -0.06127505 -0.002130611 0.7862968 
1305031117.911407 -0.00616186 -0.08276225 0.1752155 -0.07414913 -0.06152791 -0.001777808 0.7860091 
1305031117.943253 -0.005543564 -0.08975605 0.1796071 -0.07361444 -0.06049708 -0.00195937 0.786139 
1305031117.979228 -0.009634313 -0.09893409 0.1834767 -0.07618744 -0.05793178 -0.002584744 0.7860852 
1305031118.011228 -0.001683201 -0.1142675 0.1954422 -0.0814727 -0.06192208 -0.002015939 0.7852522 
1305031118.043521 4.879482e-06 -0.1256654 0.2020282 -0.08294711 -0.06198888 -0.001642939 0.7850935 
1305031118.079334 0.003621614 -0.1347774 0.2084867 -0.08418534 -0.06271362 -0.002724853 0.7849011 
1305031118.111217 0.0129989 -0.1441039 0.2260526 -0.08647066 -0.06472094 -0.001058296 0.7844936 
1305031118.143256 0.009984191 -0.1526182 0.2302372 -0.08637491 -0.06037813 -0.001949083 0.7848486 
1305031118.179323 0.01498845 -0.1648359 0.2415699 -0.08925472 -0.06108952 -0.001795465 0.7844716 
1305031118.211202 0.01171894 -0.1775073 0.2401353 -0.08811203 -0.0574471 -0.003234447 0.7795055 
1305031118.243173 0.01410726 -0.1913701 0.2529574 -0.0909095 -0.06068209 -0.0002991429 0.7843152 
1305031118.279194 0.01893058 -0.1981014 0.2560959 -0.08714807 -0.06267648 -0.001845796 0.7792154 
1305031118.311299 0.02022456 -0.2074334 0.261623 -0.08417052 -0.06382564 -0.001183241 0.7794507 
1305031118.343324 0.02257545 -0.2111868 0.2651698 -0.08031546 -0.06407886 -0.00188653 0.7798352 
1305031118.379208 0.02352752 -0.2208586 0.2717357 -0.07986367 -0.06399118 -0.002052244 0.7798884 
1305031118.411296 0.0199584 -0.2246153 0.2711997 -0.07784326 -0.06391352 -0.002325273 0.7800982 
1305031118.445692 0.022167 -0.2254072 0.2739181 -0.07713811 -0.0648271 -0.0001777814 0.7800963 
1305031118.479285 0.02409229 -0.2290231 0.2781416 -0.07807401 -0.06611513 0.002264765 0.7798918 
1305031118.511255 0.02409547 -0.2264286 0.2758818 -0.07526983 -0.06571389 0.002574762 0.7802004 
1305031118.544414 0.02194839 -0.2224773 0.2721575 -0.07485118 -0.06378229 0.001079288 0.7804045 
1305031118.579285 0.023118 -0.2195966 0.2720559 -0.07565503 -0.06331127 0.000583386 0.7803658 
1305031118.616142 0.02268815 -0.2129713 0.2688015 -0.07393225 -0.06113716 -0.00171369 0.7807026 
1305031118.645325 0.01822051 -0.2067249 0.2619974 -0.07346358 -0.05714731 -0.004595216 0.7810374 
1305031118.679295 0.01694672 -0.1994504 0.2585742 -0.07435948 -0.05568321 -0.006289548 0.7810465 
1305031118.711421 0.01560586 -0.1946992 0.2568025 -0.07439618 -0.05564624 -0.008375117 0.7810261 
1305031118.746770 0.009288235 -0.1881318 0.2466083 -0.07203008 -0.05439831 -0.008518257 0.7813342 
1305031118.779277 0.003393565 -0.1655919 0.2326225 -0.06669804 -0.05372524 -0.009905971 0.7818376 
1305031118.811221 0.007160622 -0.1634796 0.2349395 -0.07121015 -0.05720236 -0.01064883 0.7811829 
1305031118.846753 0.007395233 -0.1513509 0.2276737 -0.06544275 -0.05640699 -0.01005617 0.7817529 
1305031118.879208 -0.001796292 -0.1276677 0.2095796 -0.05760836 -0.04927053 -0.01345157 0.7828001 
1305031118.911177 -0.002241488 -0.1230105 0.2048477 -0.06011426 -0.04808252 -0.01563969 0.7826448 
1305031118.946974 -0.005224268 -0.1077501 0.19517 -0.05596643 -0.04520565 -0.01730341 0.7830887 
1305031118.979374 -0.01269358 -0.09127418 0.1824212 -0.05309312 -0.04063594 -0.02100712 0.7834486 
1305031119.011363 -0.01591821 -0.07832672 0.1753694 -0.05358977 -0.03939925 -0.02279084 0.7834281 
1305031119.047172 -0.0176347 -0.06805453 0.1701428 -0.0538066 -0.03932837 -0.02315477 0.7834061 
1305031119.079223 -0.02281192 -0.05719382 0.1616681 -0.05258172 -0.03894491 -0.02337382 0.7835019 
1305031119.111328 -0.02596463 -0.04395057 0.1549082 -0.05020232 -0.04034472 -0.02298527 0.7835987 
1305031119.147616 -0.0295767 -0.02864457 0.1462849 -0.04728697 -0.04128362 -0.02185294 0.7837635 
1305031119.179226 -0.02868584 -0.02103993 0.1424542 -0.04693901 -0.04497962 -0.02171441 0.7835849 
1305031119.211364 -0.0294393 -0.005924365 0.1357604 -0.04172718 -0.04569975 -0.02069768 0.7838655 
1305031119.247399 -0.03252011 0.006955625 0.1294137 -0.03904823 -0.04520491 -0.01993279 0.7840521 
1305031119.279212 -0.03280003 0.01961235 0.124159 -0.03677489 -0.04560225 -0.02006689 0.7841355 
1305031119.311212 -0.03567292 0.03233894 0.119135 -0.03435795 -0.04458466 -0.0184433 0.7843435 
1305031119.347741 -0.03687839 0.04276803 0.1209527 -0.03180665 -0.04646523 -0.01756458 0.7896949 
1305031119.379239 -0.04150609 0.05753761 0.1109536 -0.02885483 -0.04556477 -0.01674444 0.7898786 
1305031119.411484 -0.03915836 0.07012926 0.1087439 -0.02710076 -0.04593806 -0.01678586 0.7899182 
1305031119.447706 -0.04097451 0.08238493 0.1056441 -0.02528867 -0.04296965 -0.01723367 0.7901357 
1305031119.479267 -0.04600073 0.0964866 0.09949854 -0.02167855 -0.03903879 -0.01763091 0.7904381 
1305031119.511240 -0.05371978 0.1109442 0.09409347 -0.02014013 -0.03472097 -0.01718541 0.7906901 
1305031119.547382 -0.05854306 0.124006 0.08720272 -0.01933311 -0.03242746 -0.01621161 0.7908281 
1305031119.579559 -0.05920672 0.1412711 0.08443654 -0.01771809 -0.03096938 -0.01617189 0.7909252 
1305031119.615017 -0.06388719 0.1542703 0.08280665 -0.01825208 -0.02747175 -0.01589811 0.7910478 
1305031119.647903 -0.06931929 0.1703704 0.07791582 -0.01761638 -0.02473594 -0.01484547 0.791173 
1305031119.679208 -0.03865355 0.1638475 0.09745572 -0.03059574 -0.04252371 -0.01693076 0.8920362 
1305031119.715232 -0.03811301 0.1697064 0.09598968 -0.03688346 -0.03889041 -0.01388546 0.8920168 
1305031119.747193 -0.04133211 0.1768302 0.09437218 -0.04032817 -0.03670572 -0.008758166 0.8920253 
1305031119.779169 -0.042286 0.1854232 0.09378175 -0.04235753 -0.03801261 -0.006520639 0.8918957 
1305031119.814537 -0.04161474 0.1961359 0.09320746 -0.04252272 -0.03917589 -0.003240698 0.8918555 
1305031119.847429 -0.04020729 0.2058446 0.09249822 -0.04383572 -0.03898994 0.000802548 0.8918056 
1305031119.879214 -0.03842506 0.2089533 0.09191176 -0.04552871 -0.03826464 0.001042599 0.8917519 
1305031119.911401 -0.04224016 0.2254366 0.08971564 -0.04106386 -0.03497284 0.001968182 0.8921022 
1305031119.947392 -0.04170696 0.2324704 0.08957335 -0.04445703 -0.03384062 0.002117071 0.8919829 
1305031119.979537 -0.04024462 0.2368145 0.0884933 -0.04670616 -0.03158444 0.00115885 0.8919525 
1305031120.015264 -0.04471931 0.2514781 0.08705639 -0.04631458 -0.02682527 0.003103433 0.892124 
1305031120.047290 -0.05080062 0.2544406 0.08812704 -0.04696901 -0.02124366 0.003274375 0.7975753 
1305031120.079418 -0.05008845 0.2472727 0.08496795 -0.05804198 -0.0260367 0.005981058 0.8914466 
1305031120.115232 -0.05268818 0.2587771 0.08697029 -0.04849363 -0.02445264 0.00642961 0.7973729 
1305031120.148157 -0.0505055 0.2541604 0.08901234 -0.05157237 -0.02600997 0.007030877 0.7971254 
1305031120.179246 -0.04698643 0.2461437 0.08940751 -0.05328575 -0.02705064 0.009119031 0.7969569 
1305031120.215249 -0.04624521 0.2380112 0.08923104 -0.05191676 -0.02729279 0.009038205 0.7970399 
1305031120.248003 -0.04610428 0.2366236 0.08923257 -0.04774948 -0.02716543 0.00714787 0.7973239 
1305031120.279430 -0.04526958 0.2284564 0.08948169 -0.04672581 -0.02666322 0.005556623 0.7974142 
1305031120.315196 -0.04453398 0.2194359 0.09100648 -0.04598026 -0.02655556 0.003705359 0.7974719 
1305031120.347787 -0.04437432 0.2122933 0.09204652 -0.04337001 -0.02608343 0.002124712 0.7976394 
1305031120.379437 -0.04282903 0.1985535 0.09561636 -0.04479836 -0.02694246 0.001477518 0.7975334 
1305031120.415445 -0.04075102 0.1824859 0.09909787 -0.04275281 -0.02812594 0.0009535811 0.7976056 
1305031120.447417 -0.04173726 0.1805974 0.100319 -0.03505833 -0.02818967 0.001093653 0.7979784 
1305031120.479432 -0.0391237 0.1638077 0.1056598 -0.0362706 -0.02996505 0.00139725 0.7978591 
1305031120.514819 -0.04023664 0.1532921 0.1084821 -0.03171153 -0.03106821 0.002740599 0.7980076 
1305031120.547736 -0.04098751 0.1458034 0.1110856 -0.02656125 -0.03325536 0.004631205 0.7980988 
1305031120.579551 -0.04195655 0.1378182 0.1138843 -0.02433596 -0.03613784 0.007256114 0.7980249 
1305031120.615236 -0.03822975 0.1259582 0.1193348 -0.02340364 -0.04118716 0.008959537 0.7977908 
1305031120.647354 -0.03627806 0.1190495 0.12254 -0.0192708 -0.04409247 0.009264958 0.7977425 
1305031120.679318 -0.0345213 0.1115676 0.1262484 -0.01766868 -0.04581329 0.01004699 0.7976732 
1305031120.714522 -0.03193735 0.1001812 0.1268044 -0.02011985 -0.05294868 0.0111927 0.8918665 
1305031120.747369 -0.03167173 0.08924597 0.1303127 -0.02086059 -0.05524949 0.01119175 0.89171 
1305031120.779894 -0.0270553 0.07863456 0.1348813 -0.02028855 -0.05918008 0.01107538 0.8914724 
1305031120.814944 -0.02672877 0.07249013 0.1367881 -0.01781155 -0.05950251 0.01057521 0.8915099 
1305031120.847921 -0.02525206 0.06210892 0.1406293 -0.0199954 -0.06111883 0.008746986 0.8913741 
1305031120.883435 -0.02146942 0.05131099 0.144537 -0.01946791 -0.06241539 0.007354698 0.8913085 
1305031120.915444 -0.02343526 0.04528598 0.1451655 -0.01818972 -0.06018826 0.0054828 0.8915021 
1305031120.947488 -0.02307339 0.03387502 0.1489856 -0.0204031 -0.06030273 0.004186201 0.8914535 
1305031120.983366 -0.02350881 0.02248552 0.1517405 -0.02193972 -0.06032509 0.001878319 0.8914234 
1305031121.015019 -0.02282129 0.01021549 0.1550071 -0.02296717 -0.06141899 0.000785062 0.8913244 
1305031121.047498 -0.02399548 0.003296448 0.1559169 -0.02279396 -0.06080712 -0.0002945883 0.8913711 
1305031121.083099 -0.02338783 -0.01354716 0.1609827 -0.02630717 -0.0627406 -0.001107006 0.8911397 
1305031121.114696 -0.02261274 -0.02164435 0.162759 -0.0247715 -0.06444186 -0.001028008 0.8910624 
1305031121.147331 -0.02273474 -0.03212332 0.1654421 -0.02507781 -0.06527683 -0.001670479 0.8909921 
1305031121.183271 -0.02232756 -0.0434688 0.1685944 -0.02557873 -0.06701791 -0.002418777 0.8908468 
1305031121.211420 -0.01805393 -0.05497282 0.1741334 -0.02538355 -0.06898147 -0.002887512 0.8907011 
1305031121.247194 -0.0182765 -0.07535341 0.1753092 -0.02853403 -0.05959569 0.0008394369 0.7891329 
1305031121.282876 -0.01431236 -0.09083979 0.1829365 -0.03278622 -0.06281828 0.002912235 0.7887127 
1305031121.313568 -0.007920118 -0.105411 0.1901844 -0.03409794 -0.06581181 0.004220386 0.788407 
1305031121.347517 -0.01224925 -0.1058269 0.1889512 -0.03006883 -0.06462139 0.004455811 0.7833283 
1305031121.383226 -0.003314082 -0.1195982 0.2000978 -0.03199555 -0.06992373 0.006014478 0.782786 
1305031121.414318 -0.002119585 -0.129688 0.2033741 -0.03029409 -0.06980968 0.005384043 0.7828685 
1305031121.447319 -0.00147805 -0.1394487 0.2064388 -0.03131344 -0.06982013 0.006261457 0.7828209 
1305031121.482964 0.006244661 -0.1539561 0.2183833 -0.03377974 -0.07196028 0.008535245 0.782503 
1305031121.514107 0.003101765 -0.1623774 0.2175967 -0.03281057 -0.06940515 0.009213778 0.7827673 
1305031121.547270 0.005382318 -0.17009 0.2218803 -0.03534694 -0.07048174 0.009736907 0.7825543 
1305031121.583204 0.01049279 -0.1825988 0.2325738 -0.03960682 -0.07226587 0.01001838 0.782184 
1305031121.614700 0.01128781 -0.1904309 0.2371629 -0.04152462 -0.07412034 0.009883725 0.8122678 
1305031121.647183 0.01362017 -0.1967774 0.2404373 -0.04057281 -0.06909828 0.007537376 0.7824485 
1305031121.683200 0.01320091 -0.2076624 0.2463701 -0.04723686 -0.06933553 0.007472991 0.812404 
1305031121.714520 0.01453249 -0.2163416 0.2519569 -0.04994042 -0.06993457 0.009071681 0.8121746 
1305031121.747145 0.01562762 -0.221939 0.2559016 -0.0526583 -0.07040096 0.009595442 0.8119566 
1305031121.782835 0.01828092 -0.2284715 0.2627953 -0.05567783 -0.07161216 0.01190963 0.8116185 
1305031121.811540 0.02049666 -0.2315897 0.2668277 -0.05713132 -0.07158559 0.01354398 0.8114942 
1305031121.847335 0.02007494 -0.2358494 0.2686011 -0.06001532 -0.06997485 0.01610912 0.8113797 
1305031121.882060 0.02067465 -0.2383737 0.270829 -0.06278312 -0.07006066 0.02126367 0.811044 
1305031121.914931 0.02198694 -0.2391971 0.2726972 -0.06461874 -0.07224851 0.0232728 0.8106527 
1305031121.947288 0.02334955 -0.2376656 0.2737607 -0.06379556 -0.07449444 0.02290378 0.8105251 
1305031121.982926 0.02167845 -0.2336207 0.2696667 -0.06247833 -0.07299634 0.02177926 0.8107949 
1305031122.014256 0.02100885 -0.2311725 0.268167 -0.06257784 -0.07288033 0.02008872 0.8108414 
1305031122.047306 0.01891842 -0.225598 0.262845 -0.06009217 -0.07286537 0.01671282 0.8111073 
1305031122.082959 0.01707323 -0.2181982 0.2576534 -0.05744139 -0.07224911 0.01308474 0.8114211 
1305031122.114672 0.01327662 -0.2088056 0.2489224 -0.05412666 -0.07023996 0.009501097 0.8118751 
1305031122.150725 0.01152875 -0.198566 0.2429717 -0.05186992 -0.06956187 0.004520065 0.8121238 
1305031122.183042 0.007801837 -0.186435 0.234527 -0.04734911 -0.0666427 -0.0003418691 0.812657 
1305031122.214959 -0.002487419 -0.167678 0.2176072 -0.04439751 -0.05990632 -0.006625389 0.813321 
1305031122.251319 -0.003326579 -0.1606098 0.2147296 -0.04792869 -0.05922801 -0.009929119 0.8131366 
1305031122.283560 -0.009968136 -0.1464024 0.2035579 -0.0451722 -0.05660236 -0.0122741 0.8134493 
1305031122.314289 -0.0200878 -0.1271228 0.1892511 -0.04509809 -0.05345029 -0.01759799 0.8135689 
1305031122.351327 -0.02078129 -0.1164891 0.1856655 -0.04836348 -0.05512702 -0.01968304 0.8132216 
1305031122.382630 -0.0275122 -0.1020561 0.1760795 -0.04918464 -0.05368267 -0.02090712 0.8132384 
1305031122.414997 -0.03068859 -0.09114838 0.1713612 -0.05033518 -0.05599563 -0.02119631 0.8130045 
1305031122.451257 -0.03365233 -0.07779446 0.1633858 -0.04934348 -0.05827658 -0.02060124 0.8129203 
1305031122.483360 -0.03640089 -0.06488804 0.1572218 -0.04927533 -0.06092293 -0.02060986 0.8127302 
1305031122.515097 -0.03713622 -0.05198712 0.151547 -0.04801431 -0.06356309 -0.02143534 0.8125821 
1305031122.551490 -0.03690637 -0.04252071 0.1483004 -0.04711202 -0.06244309 -0.02126843 0.7877349 
1305031122.583208 -0.04097933 -0.03015715 0.141742 -0.04589738 -0.05943194 -0.02310455 0.7879878 
1305031122.614980 -0.04842418 -0.02022858 0.1351657 -0.0450383 -0.05660106 -0.0229477 0.7882503 
1305031122.648788 -0.05035761 -0.007477549 0.1274656 -0.04200075 -0.05687035 -0.0218822 0.7884289 
1305031122.683402 -0.0499365 0.01536551 0.1294427 -0.03475291 -0.05841529 -0.02235699 0.7886554 
1305031122.715208 -0.05228595 0.03004713 0.1260682 -0.03164989 -0.0596657 -0.02053766 0.7887419 
1305031122.751298 -0.05311972 0.04632548 0.1185167 -0.02852476 -0.06071827 -0.01998783 0.7887949 
1305031122.783423 -0.05787921 0.06507455 0.1122948 -0.02706764 -0.05838722 -0.02084327 0.7890001 
1305031122.812555 -0.05742516 0.07329448 0.1095339 -0.03040734 -0.05757055 -0.02184281 0.7889114 
1305031122.851418 -0.05571801 0.08414382 0.1064492 -0.03030441 -0.05461504 -0.02367844 0.7890725 
1305031122.883754 -0.06055216 0.09943185 0.1034139 -0.02955142 -0.04747185 -0.02331767 0.7895737 
1305031122.914571 -0.06761982 0.1074194 0.1004937 -0.0312807 -0.04266032 -0.02295869 0.7897922 
1305031122.951341 -0.06971796 0.1168413 0.09780809 -0.03066264 -0.0411684 -0.02232046 0.7899139 
1305031122.982815 -0.04869851 0.1138368 0.1092353 -0.04116558 -0.05865517 -0.01913609 0.8906505 
1305031123.015450 -0.04771037 0.1197873 0.1081445 -0.04307249 -0.06015128 -0.01665522 0.8905104 
1305031123.051827 -0.04640343 0.1258523 0.1062487 -0.04233681 -0.06019038 -0.01528853 0.8905675 
1305031123.082975 -0.04839803 0.1397395 0.1035445 -0.03887156 -0.05850183 -0.01276177 0.8908778 
1305031123.113873 -0.04867686 0.1507963 0.1019633 -0.03989847 -0.05734199 -0.01057868 0.8909364 
1305031123.150822 -0.05099365 0.159302 0.1016591 -0.04118857 -0.05589208 -0.01056986 0.8909699 
1305031123.182155 -0.0496925 0.1738844 0.1020072 -0.03992703 -0.05471351 -0.01007269 0.8911063 
1305031123.214704 -0.04893015 0.1842641 0.101966 -0.04245981 -0.05081965 -0.0102424 0.8912178 
1305031123.250618 -0.051876 0.1972402 0.1007614 -0.0452876 -0.04604518 -0.01096816 0.8913294 
1305031123.282347 -0.048499 0.2063009 0.1005847 -0.05209066 -0.04475116 -0.008453145 0.8910511 
1305031123.311327 -0.04628598 0.215238 0.1013588 -0.05598326 -0.04212861 -0.007525804 0.8909512 
1305031123.350481 -0.04648956 0.2245875 0.1020516 -0.05896835 -0.03834608 -0.006988614 0.8909338 
1305031123.382255 -0.04231499 0.23141 0.1014048 -0.06328021 -0.0359793 -0.003748202 0.8907562 
1305031123.411363 -0.04893327 0.2477548 0.1004762 -0.05459992 -0.02520276 -0.001461581 0.7969793 
1305031123.451255 -0.0496864 0.2560722 0.09871565 -0.05548666 -0.02278672 -0.0001001268 0.7969922 
1305031123.483594 -0.04843515 0.2642907 0.09890255 -0.05810821 -0.02199051 0.003827942 0.7968185 
1305031123.511360 -0.04837761 0.2691676 0.09914585 -0.06086671 -0.02065063 0.005937823 0.7966354 
1305031123.551513 -0.04810029 0.2763422 0.09839778 -0.06158361 -0.02077441 0.007680942 0.7965622 
1305031123.579583 -0.04688385 0.2819058 0.09964337 -0.0634938 -0.02105833 0.01064515 0.7963707 
1305031123.611335 -0.04377128 0.291303 0.09872948 -0.06285364 -0.02109708 0.01174152 0.796405 
1305031123.652411 -0.04281874 0.2971821 0.09941821 -0.06598017 -0.01963228 0.01191243 0.796187 
1305031123.683753 -0.04070695 0.2976497 0.09896402 -0.07182048 -0.01741016 0.01281592 0.7957191 
1305031123.711323 -0.04033919 0.3042544 0.0989368 -0.07442683 -0.01455898 0.0139118 0.7955185 
1305031123.751723 -0.04338279 0.3026384 0.09776213 -0.07947155 -0.01126514 0.01539533 0.7950565 
1305031123.783858 -0.04545324 0.3038997 0.09626921 -0.07435965 -0.009736247 0.01556582 0.7269282 
1305031123.811608 -0.04299325 0.3062462 0.0966549 -0.08156448 -0.01192482 0.01755506 0.7947901 
1305031123.851444 -0.04540172 0.3045627 0.09506191 -0.07642559 -0.009929677 0.0179366 0.7266566 
1305031123.883786 -0.04487333 0.2981528 0.09457289 -0.07880721 -0.01107461 0.01826391 0.7263775 
1305031123.911243 -0.0449234 0.2990427 0.09458317 -0.07528943 -0.01212867 0.01782259 0.7267447 
1305031123.951442 -0.04586432 0.3006326 0.09401676 -0.07398192 -0.01209264 0.01890492 0.7268522 
1305031123.983415 -0.04674776 0.2888391 0.0946558 -0.07883296 -0.01327671 0.01994275 0.7262936 
1305031124.011302 -0.04576871 0.2799624 0.09547822 -0.07681681 -0.01649041 0.01942368 0.7264578 
1305031124.051505 -0.04583619 0.2808562 0.09662289 -0.07135474 -0.01883633 0.0196164 0.7269525 
1305031124.083837 -0.04567577 0.2708983 0.09849238 -0.07277039 -0.02090482 0.02000803 0.7267449 
1305031124.111331 -0.0432257 0.2591022 0.1007209 -0.07022713 -0.02396491 0.01876794 0.7269337 
1305031124.147446 -0.0433652 0.2627833 0.1019703 -0.06224278 -0.02497543 0.01762994 0.7276553 
1305031124.182694 -0.04244205 0.2493811 0.1044493 -0.06431501 -0.02607554 0.01591875 0.727476 
1305031124.211396 -0.04608265 0.2458843 0.106164 -0.05718473 -0.02521235 0.01415529 0.728138 
1305031124.249327 -0.0473692 0.2446049 0.1054757 -0.05108502 -0.0256465 0.01413088 0.7285767 
1305031124.282545 -0.04871095 0.2348579 0.1067748 -0.0518756 -0.02827092 0.01340082 0.7284375 
1305031124.311361 -0.04640809 0.222127 0.1091811 -0.05072879 -0.03207631 0.01330791 0.7283623 
1305031124.350354 -0.04665754 0.215938 0.1093466 -0.04646938 -0.03425525 0.01227325 0.7285654 
1305031124.382420 -0.04404684 0.2051211 0.1114608 -0.04490424 -0.03685245 0.01143112 0.7285505 
1305031124.411439 -0.04238586 0.1919321 0.1128039 -0.04305223 -0.03844139 0.01070999 0.7285912 
1305031124.450245 -0.04160525 0.1826313 0.1131046 -0.03795369 -0.03946898 0.008836793 0.7288447 
1305031124.480099 -0.03023427 0.1640278 0.1152348 -0.04661523 -0.05540768 0.00963026 0.8907434 
1305031124.511324 -0.03150204 0.1570573 0.1159894 -0.03990271 -0.05639119 0.007763007 0.8910259 
1305031124.550437 -0.03164663 0.1465557 0.1168647 -0.03705923 -0.05777628 0.005324271 0.8910779 
1305031124.579404 -0.03199798 0.1340541 0.1189803 -0.03512951 -0.05987615 0.002892391 0.8910286 
1305031124.611358 -0.03142013 0.1222811 0.1207266 -0.03180479 -0.06222883 0.0009052001 0.8909965 
1305031124.651271 -0.03108576 0.1122654 0.1231581 -0.02889892 -0.06456758 -0.0009449121 0.8909291 
1305031124.679362 -0.02794087 0.09806582 0.1269421 -0.0275133 -0.06764496 -0.002832844 0.8907406 
1305031124.711251 -0.02561909 0.08677821 0.1306455 -0.02464851 -0.06894323 -0.004567488 0.8907177 
1305031124.749890 -0.02549165 0.07306094 0.1332633 -0.02474224 -0.06914845 -0.006274564 0.8906888 
1305031124.779365 -0.02431865 0.05876135 0.136771 -0.02406969 -0.07100274 -0.007038085 0.8905556 
1305031124.811360 -0.02293143 0.04888841 0.1413755 -0.02274136 -0.07277738 -0.007181599 0.8904461 
1305031124.850535 -0.02225355 0.03589645 0.1470817 -0.02431267 -0.07466505 -0.00741437 0.8902464 
1305031124.879355 -0.01741554 0.02264463 0.1544262 -0.02413728 -0.07721967 -0.007968912 0.8900284 
1305031124.911448 -0.01853707 0.01307532 0.1576738 -0.02388358 -0.07447721 -0.008424795 0.8902648 
1305031124.950730 -0.01830157 -0.0001554938 0.1635298 -0.02860957 -0.07370738 -0.008710858 0.8901867 
1305031124.979438 -0.015377 -0.02220464 0.1745674 -0.03327635 -0.07531675 -0.006338938 0.8899098 
1305031125.011454 -0.01942217 -0.0341243 0.1774126 -0.03108896 -0.0758605 -0.005083841 0.8899508 
1305031125.050763 -0.0146417 -0.0380616 0.1824717 -0.02822069 -0.08022824 -0.004808487 0.8896648 
1305031125.079364 -0.01443869 -0.05138359 0.1878203 -0.03172014 -0.07969564 -0.002190629 0.8896051 
1305031125.111364 -0.01359978 -0.06553491 0.194518 -0.03372597 -0.08178722 -0.001402098 0.889343 
1305031125.151013 -0.006647873 -0.07845468 0.1982983 -0.03091705 -0.07463297 0.000722541 0.7824172 
1305031125.179353 -0.01071031 -0.08535583 0.1965378 -0.03218984 -0.07059185 0.0007832016 0.7827408 
1305031125.211320 -0.006330733 -0.09994822 0.2070383 -0.03815629 -0.07247409 0.001789978 0.7822989 
1305031125.250632 -0.003652805 -0.1138394 0.2150952 -0.03959382 -0.07439907 0.0009115071 0.7820482 
1305031125.279467 -0.005188429 -0.1212058 0.215316 -0.0386051 -0.07361427 0.000201583 0.7821724 
1305031125.311493 -0.001185652 -0.1324506 0.2242134 -0.0409259 -0.07465591 0.001241155 0.7819547 
1305031125.348880 -0.001237614 -0.1398488 0.2265482 -0.03920189 -0.07416446 -0.0009224007 0.7820903 
1305031125.379401 2.20736e-05 -0.1450147 0.2303916 -0.03979615 -0.07300499 -0.004386297 0.7821576 
1305031125.411335 0.0007671172 -0.1513784 0.2338977 -0.04124698 -0.06838622 -0.004872996 0.7824969 
1305031125.451195 0.001681301 -0.1586996 0.2396932 -0.0451527 -0.06547096 -0.006293103 0.7825205 
1305031125.479424 0.002617052 -0.1680583 0.2453437 -0.04704043 -0.06323694 -0.006948864 0.7825875 
1305031125.511316 0.002423147 -0.169338 0.2457641 -0.0466625 -0.06030042 -0.007560797 0.7828362 
1305031125.551020 0.003901015 -0.1722991 0.2475971 -0.04787302 -0.05862637 -0.009006411 0.782875 
1305031125.579308 0.005263895 -0.1754873 0.2498966 -0.04991126 -0.05653863 -0.01077457 0.7828789 
1305031125.611533 0.007141881 -0.1821129 0.2538157 -0.05165278 -0.05526386 -0.01012787 0.7828656 
1305031125.650575 0.004417048 -0.1863665 0.2517494 -0.04982222 -0.05422319 -0.007120754 0.7830901 
1305031125.679328 -0.001855506 -0.1806544 0.2412087 -0.04492728 -0.05440655 -0.006897603 0.7833754 
1305031125.711443 0.001614254 -0.1797972 0.2428025 -0.04380989 -0.06019351 -0.004896583 0.7830304 
1305031125.751260 -0.001041199 -0.1662213 0.2310482 -0.03591061 -0.0597118 -0.004874849 0.7834694 
1305031125.779348 -0.002002138 -0.1586441 0.2264386 -0.03451507 -0.0597681 -0.007693087 0.7835053 
1305031125.811573 -0.006211883 -0.1467891 0.2163892 -0.03115013 -0.05644624 -0.009597471 0.7838715 
1305031125.847412 -0.007948759 -0.1397717 0.2121995 -0.03185832 -0.05451126 -0.01165973 0.783952 
1305031125.879318 -0.01347342 -0.1308344 0.203544 -0.03030465 -0.05242685 -0.01259955 0.7841412 
1305031125.911305 -0.02084775 -0.1186051 0.1934359 -0.03069903 -0.05154023 -0.0126956 0.7841831 
1305031125.947343 -0.02385666 -0.1117862 0.1904682 -0.03255019 -0.05583836 -0.01047427 0.7838469 
1305031125.979324 -0.02492708 -0.09630824 0.182886 -0.02942798 -0.06063557 -0.008204265 0.783641 
1305031126.011333 -0.02430051 -0.08031042 0.1780635 -0.02777551 -0.06457008 -0.008625965 0.7833824 
1305031126.047324 -0.0249124 -0.06365394 0.1722319 -0.02663794 -0.06433833 -0.008731951 0.7834398 
1305031126.079356 -0.02708267 -0.04690085 0.1684918 -0.02654766 -0.06194621 -0.008922933 0.7836335 
1305031126.111370 -0.02570348 -0.034066 0.1679927 -0.02738865 -0.0617963 -0.009410563 0.7836107 
1305031126.147432 -0.02979779 -0.01521475 0.1617605 -0.02547898 -0.0585951 -0.008727 0.7839289 
1305031126.179384 -0.03389369 0.002247576 0.1587774 -0.02721549 -0.0569609 -0.008824437 0.7839898 
1305031126.211319 -0.02952182 0.0145167 0.158655 -0.02901469 -0.05900221 -0.008826901 0.7837743 
1305031126.247298 -0.03175569 0.03331717 0.1538128 -0.02751671 -0.05639879 -0.009054934 0.7840173 
1305031126.279363 -0.03273648 0.04804859 0.1517867 -0.02833749 -0.05427621 -0.009973467 0.7841268 
1305031126.311332 -0.03489199 0.06467277 0.1478926 -0.02879704 -0.05037308 -0.0117681 0.7843456 
1305031126.347363 -0.0360074 0.08116649 0.1483929 -0.02870113 -0.04728249 -0.01222979 0.789866 
1305031126.379423 -0.03999202 0.09561677 0.1452806 -0.02883289 -0.04308469 -0.01345287 0.7900814 
1305031126.411465 -0.04372299 0.111793 0.1424326 -0.02902641 -0.03989971 -0.01528129 0.7902084 
1305031126.447361 -0.04234256 0.1195509 0.1422703 -0.03237051 -0.03951664 -0.01481273 0.7901066 
1305031126.479533 -0.04679001 0.1314955 0.1382129 -0.03228377 -0.03774069 -0.01247453 0.7902373 
1305031126.511410 -0.05063366 0.1479425 0.1325432 -0.03175504 -0.03707853 -0.01099109 0.7903121 
1305031126.547374 -0.04734492 0.1597716 0.1321719 -0.03459548 -0.03840154 -0.01089389 0.790131 
1305031126.579454 -0.04565051 0.170108 0.1307722 -0.03656239 -0.03715553 -0.009434756 0.7901208 
1305031126.611528 -0.04678235 0.1801372 0.1287054 -0.03936915 -0.03499343 -0.008201013 0.7900984 
1305031126.647376 -0.03082981 0.1681988 0.1395159 -0.05070251 -0.04223988 -0.004240929 0.7965058 
1305031126.679479 -0.03041533 0.1740247 0.1380116 -0.05187194 -0.04061881 -0.0006159148 0.7965259 
1305031126.711583 -0.02820193 0.1798841 0.1368221 -0.05385659 -0.04027406 0.002037777 0.7964093 
1305031126.747316 -0.02641252 0.1801333 0.1358969 -0.05599581 -0.03947665 0.004446329 0.7962919 
1305031126.779379 -0.02590265 0.1871274 0.1337066 -0.05448056 -0.0387852 0.007081731 0.7964119 
1305031126.811602 -0.02140636 0.1901086 0.1330582 -0.05494319 -0.03868798 0.007905505 0.7963771 
1305031126.847343 -0.02092331 0.193382 0.1309817 -0.05501188 -0.03557373 0.008353163 0.796513 
1305031126.879357 -0.02077313 0.1959342 0.1297315 -0.05531645 -0.03392459 0.008840235 0.7965586 
1305031126.911364 -0.0189273 0.1967507 0.1288543 -0.05572686 -0.03276305 0.008434352 0.796583 
1305031126.947437 -0.02081564 0.1981795 0.1269983 -0.05609254 -0.03096499 0.00967972 0.7966151 
1305031126.979337 -0.0195681 0.1956514 0.1269974 -0.05764194 -0.03225267 0.01068024 0.7964406 
1305031127.011371 -0.01870674 0.1951053 0.1266068 -0.05667395 -0.03326736 0.0108521 0.796466 
1305031127.047297 -0.01882611 0.196917 0.1258445 -0.05524559 -0.03342751 0.01169738 0.7965477 
1305031127.079299 -0.01894455 0.1951178 0.1262019 -0.0561716 -0.03381146 0.0118239 0.7964648 
1305031127.111435 -0.02104279 0.1916917 0.1259112 -0.05697216 -0.03473161 0.01238843 0.7963598 
1305031127.147307 -0.02051989 0.1880068 0.1268433 -0.05693285 -0.03786785 0.01294355 0.7962108 
1305031127.179349 -0.02077934 0.1890671 0.1267121 -0.0542278 -0.04003866 0.01239471 0.7963022 
1305031127.211700 -0.01904662 0.1868624 0.128381 -0.05406105 -0.04195339 0.01228553 0.7962166 
1305031127.247374 -0.01795523 0.1815361 0.1299003 -0.05388442 -0.04256468 0.01157488 0.7962068 
1305031127.279465 -0.01996497 0.1829351 0.1293152 -0.05066865 -0.04184256 0.01059238 0.7964698 
1305031127.311362 -0.02072145 0.179045 0.1310636 -0.05171978 -0.04242672 0.009962152 0.7963795 
1305031127.347356 -0.01982187 0.1717176 0.1332424 -0.05220684 -0.0442393 0.0095592 0.796254 
1305031127.379262 -0.02142821 0.1740742 0.1328933 -0.04833449 -0.04443137 0.009166055 0.7964924 
1305031127.411371 -0.02186885 0.1723261 0.1342738 -0.04825011 -0.04530237 0.008603938 0.7964547 
1305031127.447333 -0.0211848 0.165868 0.1366564 -0.04936179 -0.04678567 0.008336559 0.7963037 
1305031127.479362 -0.02315313 0.1692112 0.136141 -0.04587853 -0.04680213 0.007568152 0.7965186 
1305031127.511356 -0.02412715 0.1676717 0.1376555 -0.04692209 -0.04744548 0.006610191 0.7964283 
1305031127.547348 -0.02304318 0.1623446 0.1399008 -0.04821976 -0.04880465 0.006618553 0.7962686 
1305031127.579345 -0.02398288 0.1637823 0.1397254 -0.04582512 -0.04880784 0.006296961 0.7964124 
1305031127.611271 -0.02494505 0.1651168 0.140093 -0.04541914 -0.04885982 0.006153141 0.7964336 
1305031127.647358 -0.02379456 0.1602129 0.1421955 -0.04774621 -0.04971403 0.007265783 0.7962352 
1305031127.679298 -0.02354985 0.1592152 0.1422972 -0.04651441 -0.05027555 0.007758402 0.7962682 
1305031127.711375 -0.02525718 0.1623713 0.1414142 -0.04467698 -0.0501176 0.007294764 0.7963878 
1305031127.747304 -0.02412 0.1588966 0.1430882 -0.04676942 -0.05108327 0.007483167 0.7962045 
1305031127.779346 -0.02371984 0.1557354 0.1435256 -0.04680771 -0.05145485 0.007567799 0.7961775 
1305031127.811829 -0.0252483 0.1584601 0.1423106 -0.04433193 -0.05105843 0.006614393 0.7963532 
1305031127.847366 -0.02568097 0.1574623 0.142501 -0.04479339 -0.05097448 0.005919341 0.7963383 
1305031127.879380 -0.02635123 0.1557012 0.1427228 -0.04530319 -0.05104706 0.00555458 0.7963074 
1305031127.911476 -0.02753255 0.1564496 0.1426284 -0.04453822 -0.05136599 0.005108097 0.796333 
1305031127.947366 -0.0283283 0.1580078 0.1428062 -0.04444858 -0.05174423 0.005198965 0.796313 
1305031127.979371 -0.02759233 0.1562422 0.1445262 -0.04632513 -0.05282969 0.005151512 0.796135 
1305031128.011427 -0.02709918 0.1575273 0.1456655 -0.04652657 -0.05304443 0.005042563 0.7961097 
1305031128.047369 -0.02594678 0.1535135 0.1487688 -0.04989602 -0.05286537 0.005989764 0.795911 
1305031128.079334 -0.02552176 0.1501323 0.1502095 -0.05081015 -0.05287373 0.00660854 0.7958477 
1305031128.111391 -0.02586097 0.1502573 0.15056 -0.04998047 -0.0528691 0.007153627 0.7958958 
1305031128.147418 -0.0251752 0.1493829 0.1520291 -0.0508029 -0.05327814 0.008508469 0.7958031 
1305031128.179350 -0.02319671 0.1444157 0.1540326 -0.05186525 -0.05412996 0.009493768 0.795666 
1305031128.211447 -0.02434999 0.1469561 0.152713 -0.04908669 -0.05354483 0.00963314 0.7958801 
1305031128.247480 -0.02456286 0.1476964 0.1527701 -0.04906482 -0.05388268 0.009853737 0.795856 
1305031128.279336 -0.02308913 0.1437522 0.1544474 -0.05053518 -0.05488181 0.009922447 0.7956948 
1305031128.311483 -0.02399546 0.1456816 0.1534589 -0.04859535 -0.05445055 0.009369584 0.795852 
1305031128.347423 -0.0247268 0.1458486 0.1531899 -0.04849783 -0.05427981 0.008545442 0.7958788 
1305031128.379404 -0.02465275 0.1439352 0.1537987 -0.04929809 -0.05474243 0.007288305 0.7958105 
1305031128.411337 -0.02517661 0.1435854 0.1534977 -0.04868068 -0.05450848 0.006372521 0.7958724 
1305031128.447296 -0.02609637 0.1438826 0.1528493 -0.04811852 -0.05417679 0.005322331 0.795937 
1305031128.479296 -0.02632459 0.1426298 0.1531382 -0.0486473 -0.05434361 0.004456999 0.7958988 
1305031128.511433 -0.02647009 0.1422977 0.1528839 -0.0482653 -0.05407605 0.003975386 0.7959428 
1305031128.547399 -0.02615069 0.1416852 0.1531615 -0.04846178 -0.05380093 0.003618343 0.7959512 
1305031128.579455 -0.02601986 0.1388773 0.1535224 -0.04894549 -0.05337618 0.003411753 0.7959511 
1305031128.611395 -0.02734598 0.1387727 0.1524135 -0.04778477 -0.05293269 0.003484636 0.7960509 
1305031128.647352 -0.02813533 0.1390964 0.1515437 -0.0471751 -0.05367635 0.003535588 0.7960373 
1305031128.679282 -0.02712224 0.1378139 0.1521238 -0.04725682 -0.05525979 0.003356553 0.7959249 
1305031128.711457 -0.02626305 0.1378915 0.1519596 -0.0462257 -0.05548386 0.002784225 0.795972 
1305031128.747363 -0.02670817 0.1387614 0.1510256 -0.04516969 -0.05438914 0.001853785 0.7961109 
