1305031790.645155 0 0 0 0 0 0 1 
1305031790.681208 0.007509085 0.009029537 0.0004956978 -0.008913337 -0.001066987 0.002112794 0.9999575 
1305031790.713097 0.006136548 0.01600827 0.003841277 -0.01876811 0.00133084 0.003966746 0.9998151 
1305031790.745223 0.01957389 0.02720015 0.007173679 -0.02459285 -0.002017672 0.008731942 0.9996574 
1305031790.781258 0.03029221 0.03825067 0.0080045 -0.03125082 -0.00303695 0.01497554 0.9993948 
1305031790.813207 0.03932189 0.0509818 0.008995823 -0.04070551 -0.003641354 0.02239362 0.9989136 
1305031790.845151 0.04257819 0.05770196 0.01396791 -0.05262784 -0.001837594 0.02909764 0.9981885 
1305031790.882094 0.04819136 0.05902233 0.01962673 -0.06478146 0.001250378 0.03581358 0.9972558 
1305031790.913129 0.06152043 0.06281992 0.02382035 -0.07200242 0.002168393 0.04290961 0.9964787 
1305031790.945171 0.07431052 0.06060658 0.02581951 -0.08102255 0.003668439 0.05036122 0.9954324 
1305031790.981159 0.1007189 0.05551172 0.03691617 -0.08224793 -0.003002346 0.05613945 0.916572 
1305031791.013075 0.07927807 0.04183483 0.03781641 -0.0913002 0.01411292 0.0718337 0.9931289 
1305031791.045137 0.1132645 0.05245996 0.0388525 -0.06890662 0.006121819 0.07549691 0.9162664 
1305031791.081293 0.1177842 0.05008426 0.03819267 -0.05903345 0.01514397 0.08529095 0.9159917 
1305031791.113136 0.1145427 0.0472285 0.03655278 -0.03844635 0.03131075 0.09176407 0.9160515 
1305031791.145096 0.1154898 0.04994492 0.01972033 -0.01041376 0.051154 0.09437992 0.9156401 
1305031791.181287 0.1066599 0.04892847 0.01766945 0.01163904 0.07312133 0.09897485 0.9136473 
1305031791.213098 0.1032333 0.04450444 0.01518047 0.04082856 0.09391941 0.09843896 0.9109618 
1305031791.245087 0.1222186 0.03789791 0.004970152 0.06437859 0.1073027 0.1064634 0.9236961 
1305031791.281340 0.1054689 0.0663985 0.06119476 0.09767029 0.1271226 0.130585 0.8984862 
1305031791.313088 0.1221288 0.02194473 0.0083339 0.1096387 0.144568 0.12282 0.9122511 
1305031791.345123 0.1177596 0.02383952 0.002639284 0.1365781 0.1649279 0.1266646 0.9046042 
1305031791.382161 0.1187025 0.02085893 0.003676193 0.156672 0.1799207 0.1355895 0.8971652 
1305031791.413087 0.1181804 0.01946115 0.003197669 0.1834902 0.1920627 0.1440421 0.8882019 
1305031791.445165 0.1147884 0.02407416 -0.001220615 0.2103812 0.2030443 0.1490422 0.8789235 
1305031791.481375 0.1124683 0.02864014 -0.006178385 0.2317557 0.2114422 0.1522692 0.8709782 
1305031791.513084 0.1112977 0.03903443 -0.01279534 0.1968843 0.1659221 0.1153287 0.6608661 
1305031791.545065 0.1091768 0.03896281 -0.01247335 0.2776857 0.2236878 0.1501934 0.8546951 
1305031791.581127 0.108079 0.04341519 -0.01529024 0.2258243 0.1755401 0.1159683 0.6489058 
1305031791.613194 0.106972 0.04681077 -0.01579144 0.2394303 0.1800564 0.112434 0.6433892 
1305031791.645074 0.1061724 0.04865435 -0.01791674 0.2544209 0.1840401 0.1086843 0.6371226 
1305031791.681062 0.1052278 0.05216015 -0.020699 0.2714627 0.1886682 0.1077027 0.6288487 
1305031791.713242 0.09757388 0.06580411 -0.02932883 0.289777 0.1947213 0.1051413 0.6191901 
1305031791.745148 0.1996142 0.06689143 -0.0004136341 0.3101436 0.1765434 0.112557 0.6134432 
1305031791.781286 0.2935881 0.02950528 0.04708724 0.489957 0.2705587 0.1908141 0.9435428 
