1305031452.791720 0 0 0 0 0 0 1 
1305031452.823674 0.007151215 -0.005486964 0.005077336 -0.002934517 0.008439961 0.01751072 0.9998067 
1305031452.859642 0.0114079 -0.006791623 0.004418345 -0.001504858 0.01645137 0.03330415 0.9993087 
1305031452.891726 0.01197818 0.009794803 -0.00364493 0.002670226 0.02291137 0.04328741 0.9987963 
1305031452.923715 0.02157238 0.008427273 -0.005375721 -0.002692027 0.02321797 0.04719669 0.9986121 
1305031452.959701 0.02211884 0.009103353 -0.005891887 -0.003412661 0.02666717 0.04830234 0.9984709 
1305031452.991647 0.02124842 0.00583304 -0.003759055 -0.003393911 0.03463663 0.04628279 0.9983219 
1305031453.023650 0.01315778 0.01441723 -0.007506976 0.002003994 0.05062106 0.046581 0.997629 
1305031453.059754 0.01306351 0.02752259 -0.01136156 0.006834106 0.06605242 0.04901723 1.011015 
1305031453.091704 0.0105369 0.03333548 -0.01391564 0.009874924 0.08080307 0.04874381 0.9954885 
1305031453.123633 0.01065074 0.04067526 -0.01894683 0.0133643 0.09484723 0.04962535 0.9941643 
1305031453.159673 0.009762885 0.04208599 -0.02885798 0.01168829 0.109443 0.04971122 1.007164 
1305031453.191726 0.00819651 0.04652496 -0.03405155 0.01270961 0.1235662 0.04878869 1.005561 
1305031453.223689 0.006420211 0.05354706 -0.0427896 0.01589281 0.1367076 0.04929753 1.003789 
1305031453.259670 0.0007746788 0.06079324 -0.05093437 0.01562766 0.1497668 0.05200281 1.001791 
1305031453.291696 0.00073273 0.05878384 -0.05367866 0.0150844 0.1617538 0.05896618 0.9995475 
1305031453.323682 -0.001100755 0.06477415 -0.06407687 0.0215607 0.1745591 0.06569892 0.996851 
1305031453.359684 -0.005486722 0.07682893 -0.07927045 0.02693998 0.1998586 0.07992197 1.070145 
1305031453.391690 -0.006910848 0.08050086 -0.09002593 0.02520196 0.191325 0.08582803 0.9921478 
1305031453.423683 -0.005486063 0.08160196 -0.09842293 0.02877064 0.2101031 0.1018048 1.06627 
1305031453.459685 -0.006325533 0.08715778 -0.1108133 0.03419968 0.2169439 0.109964 1.063927 
1305031453.491698 -0.009683216 0.09016193 -0.1223933 0.03912823 0.2246018 0.11984 1.061098 
1305031453.523684 -0.01199868 0.09532276 -0.1381769 0.04730552 0.2289495 0.1276673 1.05892 
1305031453.559753 -0.01627268 0.1003192 -0.1532882 0.0556599 0.2317161 0.1330401 1.05725 
1305031453.591640 -0.02211655 0.1110888 -0.1676518 0.06598725 0.2347492 0.1359621 1.055613 
1305031453.627706 -0.03665393 0.114565 -0.1728134 0.07435112 0.2396108 0.1392329 1.053537 
1305031453.659600 -0.0486588 0.124185 -0.184419 0.08407608 0.2366566 0.1356951 1.053935 
1305031453.691678 -0.05836062 0.1359908 -0.2031941 0.107322 0.2693666 0.1512373 1.23427 
1305031453.727652 -0.0695297 0.142205 -0.2148882 0.09525264 0.2245491 0.1232841 1.057153 
1305031453.759694 -0.09719619 0.1479234 -0.2070139 0.1009166 0.2229198 0.1133289 1.058086 
1305031453.791716 -0.09968107 0.1575689 -0.2350338 0.12162 0.2425857 0.1213074 1.24178 
1305031453.827773 -0.1188488 0.1632947 -0.2377856 0.1246867 0.2366619 0.1126202 1.243436 
1305031453.859705 -0.1360992 0.1693253 -0.2442014 0.1263447 0.221767 0.1015267 1.246965 
1305031453.891710 -0.1573299 0.176285 -0.2473754 0.126472 0.2041634 0.09197779 1.250693 
1305031453.927723 -0.1757804 0.1807578 -0.2484423 0.1244302 0.1824871 0.08654821 1.25463 
1305031453.959641 -0.1829133 0.1845288 -0.254487 0.1210258 0.1585306 0.07648463 1.258866 
1305031453.991624 -0.1879729 0.1832044 -0.2520975 0.1170763 0.1415807 0.06309612 1.261998 
1305031454.027662 -0.2029111 0.185054 -0.2489084 0.1339973 0.1431945 0.05560311 1.418315 
1305031454.059654 -0.2167723 0.1893787 -0.2484848 0.1198444 0.1130008 0.0342999 1.265726 
1305031454.091651 -0.2298177 0.187707 -0.2419611 0.131772 0.1122856 0.01749246 1.422284 
1305031454.127701 -0.2432032 0.1881736 -0.2375484 0.1347691 0.09331364 -0.00388432 1.423476 
1305031454.159672 -0.2623801 0.1976423 -0.231004 0.1372255 0.07621482 -0.02392101 1.424064 
1305031454.191658 -0.2724063 0.1947846 -0.2289987 0.1301174 0.05094686 -0.04417241 1.425375 
1305031454.227671 -0.2806903 0.1873128 -0.222042 0.1275505 0.0258079 -0.07164467 1.425167 
1305031454.259627 -0.2820668 0.1914295 -0.2284896 0.1329541 0.002576864 -0.09614645 1.423461 
1305031454.291639 -0.2880277 0.1960799 -0.2289976 0.1187552 -0.009320294 -0.1033314 1.306277 
1305031454.327699 -0.3057346 0.189064 -0.2156498 0.1254874 -0.01982487 -0.1381495 1.420544 
1305031454.359636 -0.3092954 0.1911732 -0.2224754 0.1207494 -0.0363421 -0.14744 1.301379 
1305031454.391677 -0.3160924 0.1966874 -0.2209252 0.121472 -0.04737536 -0.1632798 1.299064 
1305031454.427465 -0.3278472 0.1969581 -0.2182972 0.1200752 -0.06262213 -0.1846687 1.295679 
1305031454.459913 -0.3246762 0.1992322 -0.2173915 0.1211465 -0.08039807 -0.2057894 1.291409 
1305031454.491617 -0.3309402 0.2032644 -0.2171117 0.1201862 -0.08682788 -0.2278208 1.287377 
1305031454.527700 -0.3321683 0.2113429 -0.2174001 0.1181724 -0.09753213 -0.2484104 1.282981 
1305031454.559575 -0.3389403 0.2183787 -0.2164804 0.1126992 -0.1053484 -0.265131 1.279505 
1305031454.591635 -0.3480397 0.2225401 -0.2147921 0.1057032 -0.1188612 -0.2881345 1.273932 
1305031454.627580 -0.3459647 0.2271625 -0.2149991 0.101885 -0.1401117 -0.3061033 1.267878 
1305031454.659528 -0.3422305 0.2382948 -0.2146505 0.09627742 -0.1603051 -0.3139324 1.264004 
1305031454.691884 -0.3451614 0.2434894 -0.2113584 0.07399471 -0.1520059 -0.2726736 1.066184 
1305031454.727659 -0.3342324 0.2399941 -0.2114674 0.07903388 -0.2038413 -0.327626 1.255424 
1305031454.759732 -0.3240016 0.2500934 -0.2162572 0.06362694 -0.1821412 -0.2717697 1.062355 
1305031454.791641 -0.3194481 0.2512381 -0.2195304 0.05717931 -0.1864135 -0.2627924 1.064237 
1305031454.827570 -0.3126988 0.2546404 -0.2233774 0.05104803 -0.1889174 -0.2541027 1.066216 
1305031454.859620 -0.3085217 0.2574039 -0.2254888 0.04362549 -0.1862358 -0.2449105 1.069164 
1305031454.891764 -0.3057687 0.2623306 -0.2262022 0.03887908 -0.1812029 -0.2353224 1.072361 
1305031454.927567 -0.3033733 0.2716418 -0.2236996 0.03621428 -0.1762679 -0.2267822 1.075113 
1305031454.959648 -0.3041332 0.2776254 -0.2241281 0.03202666 -0.1707411 -0.2182296 1.077905 
1305031454.991937 -0.3082863 0.2841963 -0.2224693 0.02924942 -0.1677934 -0.210217 1.080037 
1305031455.027799 -0.3098597 0.292671 -0.2229538 0.0287479 -0.167974 -0.206406 1.080757 
1305031455.059636 -0.3148943 0.3008553 -0.2227114 0.02795375 -0.1643388 -0.2035361 1.08188 
1305031455.091700 -0.3197586 0.3082656 -0.2217124 0.03055722 -0.1610456 -0.2025415 1.082492 
1305031455.127695 -0.3249815 0.3149965 -0.2218558 0.0311462 -0.1564563 -0.2006849 1.083493 
1305031455.159720 -0.3338841 0.3254052 -0.2163901 0.03189053 -0.152043 -0.1943854 1.085247 
1305031455.191655 -0.3464121 0.335695 -0.2219247 0.03001979 -0.1452651 -0.1875946 1.087422 
1305031455.227581 -0.3593989 0.3417143 -0.2242918 0.03055082 -0.1394056 -0.1817971 1.089157 
1305031455.259631 -0.366149 0.349766 -0.2231381 0.02837307 -0.1354872 -0.1741916 1.090952 
1305031455.291831 -0.3814978 0.3566518 -0.2211281 0.02150612 -0.1271467 -0.1618702 1.094006 
1305031455.327766 -0.3881813 0.3645398 -0.2167118 0.01843253 -0.1276297 -0.1485482 1.095895 
1305031455.359630 -0.3933684 0.3689829 -0.19359 0.01142681 -0.1308417 -0.1408016 1.096634 
1305031455.391665 -0.4024982 0.3698077 -0.1779384 0.001156195 -0.12592 -0.129433 1.098668 
1305031455.427642 -0.4081782 0.3676134 -0.1662231 -0.006922883 -0.1237459 -0.1176238 1.10022 
1305031455.459589 -0.4138641 0.3683414 -0.158649 -0.01013307 -0.1240093 -0.1060722 1.101339 
1305031455.491637 -0.4183783 0.364069 -0.1468856 -0.01618053 -0.1263938 -0.09564753 1.101951 
