1305031229.528748 0 0 0 0 0 0 1 
1305031229.564425 -0.03027116 -0.0001684049 0.01148453 -0.002500247 -0.02131657 0.00163056 0.9997683 
1305031229.596600 -0.02523588 -0.01682835 0.01064361 -0.01161512 -0.04697531 0.007230609 0.9988023 
1305031229.628753 -0.02030271 -0.003287805 0.009670327 -0.008529402 -0.06899918 0.01068067 0.9975231 
1305031229.664657 -0.04385183 -0.02107624 0.01862901 -0.01700421 -0.07706153 0.01024411 0.9968287 
1305031229.696827 -0.03910683 -0.01331533 0.01853297 -0.0133211 -0.09096904 0.01324878 0.9956765 
1305031229.729064 -0.03458018 -0.008782993 0.01871269 -0.01091784 -0.1149936 0.01649389 0.9931693 
1305031229.764848 -0.05578613 -0.01615694 0.02149081 -0.01360381 -0.1168544 0.01931439 0.9324347 
1305031229.796909 -0.03848566 -0.01198904 0.02128285 -0.01262986 -0.150118 0.02542397 0.9882604 
1305031229.825613 -0.04576826 -0.01304541 0.02168894 -0.01232605 -0.1596723 0.03002452 0.9257964 
1305031229.863055 -0.04810364 -0.01319628 0.02205675 -0.01282804 -0.1793476 0.0347923 0.9220124 
1305031229.896929 -0.04450742 -0.01207749 0.02131377 -0.01157339 -0.2023119 0.03905572 0.9170922 
1305031229.926248 -0.04430923 -0.01177491 0.02183025 -0.01112378 -0.2273819 0.04307984 0.9110244 
1305031229.966160 -0.05026184 -0.01311726 0.02193419 -0.01198079 -0.2464681 0.04751232 0.9058146 
1305031229.997917 -0.05730563 -0.01587775 0.02288392 -0.01357323 -0.2612017 0.04951289 0.9015461 
1305031230.029991 -0.05972748 -0.01557138 0.02382849 -0.01114776 -0.237773 0.04373387 0.7716258 
1305031230.065687 -0.05693985 -0.01535545 0.02344793 -0.01145878 -0.2924258 0.05107066 0.8918493 
1305031230.098242 -0.05962993 -0.01556074 0.0235888 -0.01002784 -0.2630061 0.04696151 0.7632176 
1305031230.129919 -0.05975877 -0.01559199 0.02423096 -0.0104806 -0.2749816 0.04800548 0.7589137 
1305031230.165771 -0.06019689 -0.01570265 0.02540447 -0.01112723 -0.2869262 0.04942111 0.7543782 
1305031230.197772 -0.06043089 -0.01572001 0.02593284 -0.01064501 -0.2989205 0.04968454 0.7496959 
1305031230.229830 -0.06038979 -0.0156633 0.0269824 -0.01073203 -0.3114122 0.05084124 0.7445144 
1305031230.265580 -0.05971674 -0.01570369 0.02748211 -0.01077377 -0.3245786 0.05196853 0.7387904 
1305031230.297982 -0.06041564 -0.01568009 0.02780958 -0.01171916 -0.3371392 0.05342519 0.7330244 
1305031230.325685 -0.06103403 -0.01556682 0.02920217 -0.009294462 -0.3077547 0.04885598 0.6389505 
1305031230.365650 -0.05929785 -0.0154446 0.02869757 -0.009390035 -0.3198314 0.04991846 0.6329074 
1305031230.397265 -0.05982573 -0.01525338 0.02946333 -0.01024287 -0.3322043 0.05182862 0.6263331 
1305031230.425670 -0.05937714 -0.01493661 0.03005444 -0.01120145 -0.345608 0.05499715 0.6187479 
1305031230.465220 -0.05904055 -0.01487489 0.03131131 -0.01229454 -0.3617236 0.05863338 0.6091067 
1305031230.497228 -0.05858217 -0.01494274 0.03138732 -0.01440146 -0.3804702 0.06219238 0.5971692 
1305031230.526720 -0.05824919 -0.01477402 0.03208152 -0.01674642 -0.400206 0.06989583 0.5831923 
1305031230.566084 -0.06441811 -0.01638762 0.03378113 -0.01275701 -0.2818843 0.04356456 0.3899462 
1305031230.598825 -0.053303 -0.01264342 0.02699334 -0.0185262 -0.4352499 0.07342425 0.5570163 
1305031230.626028 -0.1013234 -0.03094869 0.03908162 -0.02147705 -0.2926398 0.1223515 0.3640167 
1305031230.665795 -0.1072664 -0.03487748 0.04123055 -0.02144384 -0.3017193 0.1191726 0.3576044 
1305031230.697932 -0.1080718 -0.0349395 0.04126621 -0.02069567 -0.3089562 0.1198138 0.3511976 
1305031230.725671 -0.1089424 -0.03516993 0.04159289 -0.019861 -0.3164229 0.1204812 0.3443018 
1305031230.765854 -0.1098196 -0.03544213 0.04198893 -0.01856458 -0.3243194 0.1206771 0.3368779 
1305031230.797303 -0.111157 -0.03581013 0.04219217 -0.01654191 -0.3317335 0.1219303 0.3292258 
1305031230.825729 -0.1111282 -0.03563914 0.04206759 -0.00967127 -0.2220012 0.08223017 0.2110097 
1305031230.865523 -0.1109319 -0.0358339 0.04220956 -0.01255966 -0.3466533 0.1241857 0.3127763 
1305031230.897379 -0.1121661 -0.03608407 0.04259685 -0.006369155 -0.2321307 0.08331833 0.1994939 
1305031230.925860 -0.1129109 -0.03649893 0.04256095 -0.00461552 -0.2360384 0.08332294 0.1949021 
1305031230.964976 -0.1136391 -0.03677639 0.04284629 -0.003163587 -0.2387097 0.08317792 0.1917135 
1305031230.997080 -0.1142515 -0.03696745 0.04288915 -0.002395599 -0.2400797 0.08292982 0.1901147 
1305031231.025653 -0.1146886 -0.03701582 0.04306931 -0.001998764 -0.2406806 0.08294745 0.1893504 
1305031231.064422 -0.1145372 -0.03697881 0.0429837 -0.001556161 -0.2403011 0.08294866 0.1898354 
1305031231.096775 -0.1145346 -0.03696913 0.04299988 -0.00171562 -0.2399621 0.08277511 0.1903379 
1305031231.125728 -0.1143569 -0.03679296 0.0429329 -0.001631849 -0.1971279 0.06806969 0.1568005 
