1311875132.418527 0 0 0 0 0 0 1 
1311875132.450618 0.00233297 0.006624681 -0.00139064 0.004720063 0.001875735 0.001822625 0.9999854 
1311875132.482512 0.00197567 0.01136945 -0.001708038 0.005082146 0.003317055 0.004259046 0.9999725 
1311875132.518482 0.002304143 0.0207365 -0.0007259579 0.005155503 0.00268103 0.006334312 0.9999631 
1311875132.550505 0.0007363327 0.01349599 0.0008206164 -0.002390805 0.001390913 0.00752982 0.9999678 
1311875132.582488 0.001969527 0.0123992 0.0008738581 -0.005202594 0.0009793823 0.00662062 0.9999641 
1311875132.618479 0.002775219 0.01121244 0.001483559 -0.009097646 0.002249735 0.005458426 0.9999412 
1311875132.650579 0.001003378 0.004286589 0.002842485 -0.01245235 0.005227666 0.003577802 0.9999024 
1311875132.682719 0.0008801249 0.005653909 0.003280004 -0.01063372 0.00788903 0.004237591 0.9999034 
1311875132.718627 0.0008424339 0.005574323 0.003915164 -0.009714965 0.01022485 0.00638719 0.9998801 
1311875132.750474 0.0006706764 0.006513317 0.004629892 -0.007655405 0.01078729 0.007163845 0.9998868 
1311875132.782542 0.001352581 0.0091691 0.005060301 -0.005884284 0.01021655 0.006324191 0.9999105 
1311875132.818267 0.002099924 0.00994733 0.005561555 -0.00567398 0.01008762 0.005328578 0.9999188 
1311875132.850457 0.002712747 0.01160443 0.006071748 -0.006174118 0.0112295 0.005959115 0.9999001 
1311875132.882583 0.002576055 0.009333704 0.00749847 -0.008239646 0.01344497 0.007880073 0.9998446 
1311875132.918498 0.004618992 0.01253155 0.008205864 -0.007623222 0.01427071 0.009365459 0.9998252 
1311875132.950450 0.003506988 0.007634965 0.01040431 -0.01014325 0.0166047 0.009076599 0.9797002 
1311875132.982561 0.001910076 0.005878618 0.01245375 -0.00878978 0.01829315 0.008246105 0.99976 
1311875133.018437 -8.729648e-05 0.00636766 0.01382089 -0.00467281 0.01591759 0.004847913 0.979783 
1311875133.050490 -2.210986e-05 0.009535778 0.01501497 -0.0003744852 0.01188339 0.00180318 0.9798617 
1311875133.082343 0.0008019714 0.00869756 0.01626093 0.00139652 0.009438983 0.001969474 0.979887 
1311875133.118496 0.002151302 0.01216411 0.01723974 0.004185959 0.007408582 0.004794276 0.9798868 
1311875133.150447 0.001812717 0.01449724 0.01882093 0.005007586 0.005458521 0.008558699 0.9798701 
1311875133.182469 0.001304137 0.01338623 0.02072722 0.004232396 0.002795672 0.01240553 0.9798438 
1311875133.218663 0.002968406 0.01331858 0.02222469 0.00420121 -0.0006093239 0.01509976 0.9798099 
1311875133.250446 0.003551087 0.01162131 0.0240747 0.003744891 -0.002931864 0.01704216 0.9797757 
1311875133.282483 0.003156059 0.008496607 0.02633609 0.003700026 -0.00446109 0.01806186 0.9797518 
1311875133.318706 0.002585271 0.006954615 0.02842516 0.00607348 -0.006425586 0.01809039 0.9797286 
1311875133.350448 0.003834842 0.008369567 0.03015229 0.01005858 -0.009543945 0.01739949 0.9796828 
1311875133.382492 0.005124873 0.01119949 0.03184578 0.01352492 -0.01284575 0.01735326 0.9796042 
1311875133.418493 0.005806278 0.01008852 0.03397191 0.01458718 -0.01557312 0.01746776 0.9795474 
1311875133.450488 0.006418478 0.009523431 0.03609451 0.01658552 -0.01795034 0.0168014 0.9794865 
1311875133.482406 0.006413518 0.006307683 0.03821648 0.01798761 -0.02008725 0.01410332 0.9503854 
1311875133.518368 0.008009513 0.01124867 0.04019049 0.02464331 -0.02436839 0.01231738 0.9792449 
1311875133.550474 0.009472285 0.01196561 0.04206083 0.02620659 -0.02708207 0.01069373 0.9500652 
1311875133.582412 0.01108097 0.01454859 0.04398333 0.02893669 -0.03077011 0.01100734 0.94987 
1311875133.618586 0.01330874 0.01757054 0.04617105 0.03032817 -0.03449305 0.01227288 0.9496832 
1311875133.650652 0.01559857 0.02083498 0.04802261 0.03047089 -0.0379673 0.01369339 0.9495267 
1311875133.682444 0.01690465 0.01948251 0.05024146 0.02826537 -0.04054646 0.01441599 0.9494775 
1311875133.718573 0.01947695 0.01892664 0.05240371 0.02723479 -0.04235151 0.01462912 0.9494256 
1311875133.750482 0.01960612 0.01768525 0.05408054 0.02634794 -0.04243932 0.01481732 0.9494438 
1311875133.782382 0.02041204 0.01734669 0.05574581 0.02645651 -0.04321573 0.01375582 0.9494217 
1311875133.818738 0.02092932 0.01662208 0.05759353 0.02669692 -0.04349899 0.01238293 0.949421 
1311875133.850355 0.02263171 0.01858536 0.05907944 0.02812795 -0.04415658 0.01175166 0.9493573 
1311875133.882529 0.02459078 0.02036705 0.06069573 0.02858775 -0.04454187 0.01126163 0.9493315 
1311875133.918460 0.02548589 0.02042558 0.06235435 0.02779249 -0.04384492 0.0111009 0.9493895 
1311875133.950442 0.02275641 0.0176919 0.06365157 0.02673516 -0.04213697 0.01136875 0.949494 
1311875133.982421 0.02266744 0.01938954 0.06480665 0.02773221 -0.04313479 0.01093639 0.9494257 
1311875134.018901 0.02349633 0.02202645 0.06613618 0.02859721 -0.044985 0.01017085 0.9493226 
1311875134.050383 0.02008642 0.02148666 0.06737771 0.02716569 -0.04594207 0.01034068 0.949317 
1311875134.082600 0.02052759 0.02442799 0.06839197 0.0272001 -0.05022113 0.01085141 0.9490936 
1311875134.118692 0.02301634 0.02274102 0.06997455 0.02428358 -0.05385857 0.01076139 0.9489743 
1311875134.150401 0.02312333 0.01711218 0.07121463 0.02163262 -0.05401563 0.01000322 0.9490378 
1311875134.182568 0.02370912 0.0184316 0.07193986 0.02320401 -0.05401826 0.008496913 0.9490152 
1311875134.218413 0.02098346 0.01752187 0.07284119 0.02329492 -0.05312995 0.006578505 0.9490783 
1311875134.250420 0.0187472 0.02021731 0.07359949 0.02485777 -0.05421768 0.005879679 0.9489817 
1311875134.282326 0.0189042 0.02291067 0.07457178 0.02476786 -0.05725963 0.005482404 0.9488078 
1311875134.318540 0.01975643 0.02115846 0.07541954 0.02135953 -0.05705441 0.004372054 0.9109312 
1311875134.350484 0.02156559 0.02153051 0.07688254 0.02093666 -0.06026544 0.003236106 0.9487242 
1311875134.382438 0.01725259 0.01866034 0.07729839 0.01782797 -0.05587966 0.001859208 0.9110885 
1311875134.418441 0.01459108 0.01768058 0.0778544 0.01688647 -0.05599306 0.0006791439 0.9111011 
1311875134.450480 0.01429818 0.01753126 0.07903451 0.01611184 -0.05758839 -0.001662909 0.9110145 
1311875134.483725 0.0133744 0.01332484 0.08043241 0.01457463 -0.0575399 -0.004294861 0.9110348 
1311875134.518523 0.01255673 0.0118714 0.08166052 0.01588297 -0.05658231 -0.005826903 0.9110644 
1311875134.550463 0.01352702 0.01570404 0.08297278 0.01891607 -0.05628609 -0.00597196 0.9110239 
1311875134.582356 0.01351974 0.01708673 0.08447852 0.01924616 -0.05530422 -0.005560007 0.9110797 
1311875134.618459 0.01261695 0.01455184 0.08592471 0.01840501 -0.05372537 -0.005427282 0.9111924 
1311875134.650470 0.01373129 0.01344777 0.0870611 0.01873146 -0.05205601 -0.005385616 0.9112828 
1311875134.682409 0.01269449 0.01287261 0.08834118 0.01943897 -0.04847517 -0.004119237 0.9114721 
1311875134.718553 0.01232695 0.01495797 0.08947942 0.02042345 -0.04558062 -0.002068982 0.9116069 
1311875134.750452 0.01035573 0.01494492 0.09115465 0.02016424 -0.04252326 -0.0001395785 0.9117627 
1311875134.782420 0.007763678 0.01248049 0.09222571 0.01899962 -0.03943153 0.001426334 0.9119256 
1311875134.818511 0.00734497 0.01223738 0.09319137 0.01974977 -0.03787513 0.002457679 0.9119734 
1311875134.850474 0.004488798 0.00916913 0.09457706 0.01941718 -0.03570792 0.002515761 0.9120678 
1311875134.882434 0.002510301 0.007060677 0.09542677 0.02140207 -0.03442128 0.002658886 0.9120725 
1311875134.919172 0.003499594 0.01029902 0.09616894 0.02487075 -0.03453638 0.003032806 0.911979 
1311875134.950612 0.003480328 0.0125487 0.0974712 0.02653276 -0.03352291 0.004447336 0.9119641 
1311875134.982424 0.003400032 0.01726365 0.09924813 0.02816545 -0.03291404 0.007122769 0.9119204 
1311875135.018544 0.001822941 0.0164351 0.1002973 0.02658329 -0.03191815 0.008585417 0.9119907 
1311875135.050414 0.0006865557 0.01521581 0.1009792 0.02521129 -0.03122136 0.009371823 0.912046 
1311875135.082505 -0.000355884 0.01618552 0.1024065 0.02479777 -0.0310605 0.01039555 0.9120517 
1311875135.118737 -0.001710807 0.01503176 0.1034841 0.02332828 -0.03074825 0.01115789 0.9120921 
1311875135.150434 -0.002773838 0.014139 0.1046609 0.02254049 -0.0306237 0.01172233 0.912109 
1311875135.182529 -0.002992646 0.01451785 0.1058302 0.02225558 -0.03070736 0.01141167 0.9121171 
1311875135.218398 -0.004569939 0.01324347 0.1070917 0.02127644 -0.03016617 0.01003513 0.9121747 
1311875135.250392 -0.005399811 0.01221259 0.1082258 0.02097387 -0.02996631 0.008433802 0.9122045 
1311875135.282276 -0.006406355 0.01244692 0.1094956 0.02127481 -0.02968471 0.006746548 0.9122208 
1311875135.318523 -0.007828212 0.01173024 0.1107818 0.02123901 -0.02966477 0.004505945 0.9122361 
1311875135.350411 -0.007970288 0.01467218 0.1123002 0.02265468 -0.03030499 0.003390291 0.9121858 
1311875135.382349 -0.01035634 0.01461243 0.1135419 0.02155411 -0.03008497 0.003455792 0.9122195 
1311875135.418369 -0.01162626 0.01518245 0.1150008 0.02084291 -0.03137755 0.003992565 0.9121903 
1311875135.450350 -0.01288462 0.01374981 0.1167536 0.01937419 -0.03289591 0.003862732 0.9121698 
1311875135.482418 -0.01502036 0.01177539 0.1183452 0.01858511 -0.03379529 0.003734854 0.9121539 
1311875135.518367 -0.01740018 0.01149891 0.119604 0.01906449 -0.03524331 0.004233243 0.912087 
1311875135.550421 -0.01754193 0.01307385 0.1217268 0.01977469 -0.03815733 0.005037015 0.9119505 
1311875135.582326 -0.01936365 0.01220842 0.1233857 0.019525 -0.0403547 0.005738991 0.9118572 
1311875135.618370 -0.02107217 0.01037801 0.1252901 0.01932767 -0.04279165 0.006023925 0.9117484 
1311875135.650414 -0.02121743 0.01111175 0.1272034 0.02059166 -0.0454609 0.006639047 0.9115873 
1311875135.682466 -0.01955215 0.0164803 0.1290934 0.02231333 -0.04884525 0.007728276 0.9113631 
1311875135.718358 -0.02040148 0.01741279 0.1313699 0.02029931 -0.05096327 0.008684024 0.9112856 
1311875135.750351 -0.02223316 0.01574282 0.1337784 0.017359 -0.05283103 0.009201558 0.9112349 
1311875135.782378 -0.02321825 0.01563627 0.1358101 0.01570144 -0.05541614 0.007899093 0.9111236 
1311875135.818361 -0.02485203 0.01539284 0.1381921 0.01247371 -0.05246379 0.005645632 0.8326324 
1311875135.850198 -0.02843519 0.01570107 0.1399078 0.01194184 -0.05879255 0.00622467 0.910982 
1311875135.882260 -0.03160203 0.01855892 0.1416296 0.008978223 -0.05757566 0.006259716 0.8323352 
1311875135.921222 -0.0337715 0.01545211 0.1439256 0.004761151 -0.06256798 0.005966632 0.8320118 
1311875135.951027 -0.03699789 0.01048959 0.1466052 0.001296728 -0.06677471 0.005729943 0.831699 
1311875135.982752 -0.03904959 0.008934341 0.1487599 0.001255687 -0.07164471 0.006118196 0.831291 
1311875136.018392 -0.03949533 0.008875199 0.1514995 0.001782706 -0.07664203 0.006951213 0.8308376 
1311875136.050380 -0.03909499 0.009188389 0.1537978 0.002933491 -0.08122655 0.00739209 0.8303949 
1311875136.082683 -0.03746595 0.008354782 0.1560827 0.003361096 -0.08491545 0.006735979 0.8300297 
1311875136.118190 -0.0378639 0.008774443 0.1582842 0.004696983 -0.08655878 0.005912573 0.8298597 
1311875136.151369 -0.03952253 0.009951273 0.1598959 0.005199412 -0.08169655 0.00456627 0.7749431 
1311875136.182916 -0.0369011 0.01128937 0.1624467 0.006061476 -0.08941096 0.003585988 0.8295618 
1311875136.218542 -0.04326948 0.0118817 0.1632943 0.004951988 -0.0814881 0.003706865 0.7749713 
1311875136.250435 -0.04649154 0.01120845 0.1652086 0.00340501 -0.08205173 0.005092487 0.7749123 
1311875136.282332 -0.04895942 0.009738376 0.1670973 0.001770922 -0.08428266 0.005792693 0.7746733 
1311875136.318257 -0.05031618 0.006242476 0.1694288 0.0007250739 -0.08720171 0.004777075 0.7743588 
1311875136.350775 -0.05113273 0.004954259 0.1714035 0.001601362 -0.08965772 0.002585948 0.7740874 
1311875136.382580 -0.0515047 0.005994311 0.1731678 0.003946709 -0.09143545 0.0006680504 0.773875 
1311875136.418432 -0.05157638 0.01065058 0.1743429 0.006320044 -0.09261569 7.676271e-05 0.7737192 
1311875136.450299 -0.05218524 0.01163745 0.1762866 0.005560941 -0.09319731 3.768183e-05 0.7736552 
1311875136.482803 -0.0546117 0.01009443 0.1779709 0.004078713 -0.09284893 0.000131706 0.7737063 
1311875136.518664 -0.05606506 0.009589827 0.1795471 0.003105405 -0.09341295 -0.0004214411 0.7736428 
1311875136.550287 -0.05915161 0.0067599 0.1815577 0.001992159 -0.09351927 -0.001783136 0.7736317 
1311875136.582906 -0.06179676 0.005486132 0.1833281 0.002638434 -0.09402164 -0.00313666 0.7735646 
1311875136.618512 -0.06259655 0.005642163 0.1848519 0.003971721 -0.09517017 -0.004452599 0.773412 
1311875136.650788 -0.06333629 0.006753783 0.1865387 0.005266394 -0.09574955 -0.00543188 0.7733265 
1311875136.682424 -0.06688742 0.004839744 0.1887613 0.005202855 -0.09458754 -0.005877584 0.7734666 
1311875136.718604 -0.07235153 0.003384213 0.1901846 0.006311975 -0.09348538 -0.005576405 0.7735946 
1311875136.750479 -0.07264187 0.005820314 0.190953 0.008484818 -0.09584414 -0.006013008 0.7732818 
1311875136.782382 -0.07399525 0.005811984 0.1926097 0.008309445 -0.09765185 -0.007679818 0.7730428 
1311875136.818357 -0.07523883 0.006319337 0.1939685 0.008321636 -0.0984569 -0.008434865 0.7729326 
1311875136.850344 -0.07835741 0.007889355 0.1951037 0.007657254 -0.09812423 -0.00806768 0.7729857 
1311875136.882365 -0.08392138 0.005725947 0.1968263 0.005143512 -0.0975835 -0.006944768 0.7730859 
1311875136.918290 -0.08866971 0.002674915 0.1987834 0.003795935 -0.09803919 -0.00518432 0.7730498 
1311875136.950345 -0.09168421 0.0002817498 0.200431 0.003790752 -0.0989114 -0.002757567 0.7729512 
1311875136.982317 -0.09249382 0.001357549 0.2011656 0.005494673 -0.1000563 2.831421e-05 0.7727985 
1311875137.018368 -0.0940691 0.002831847 0.2017465 0.006234991 -0.1008608 0.002082976 0.7726855 
1311875137.050415 -0.09693312 0.003658609 0.202114 0.005568693 -0.101696 0.003786738 0.7725747 
1311875137.082743 -0.1010541 0.003751083 0.2027013 0.003799968 -0.1034348 0.004797375 0.7723489 
1311875137.118329 -0.1045856 0.001364916 0.204218 0.001008608 -0.1003634 0.005135663 0.7297545 
1311875137.150552 -0.1089929 -0.002049054 0.2058002 -0.0003941422 -0.1086771 0.005736316 0.7716316 
1311875137.182409 -0.1116214 -0.001515016 0.2062361 0.0003131422 -0.1062168 0.005541164 0.7289233 
1311875137.218414 -0.1152095 -0.0005086493 0.2067322 0.0004947384 -0.1089092 0.00657164 0.7285172 
1311875137.250364 -0.118664 0.0007453771 0.2069094 -2.803166e-05 -0.1115527 0.009066161 0.7280905 
1311875137.282499 -0.1221562 -0.0009516075 0.2080499 -0.002124815 -0.1149548 0.01083019 0.7275339 
1311875137.318512 -0.1243094 -0.001725585 0.2095853 -0.003067881 -0.1200552 0.01125992 0.7266997 
1311875137.350296 -0.1268727 -0.001248884 0.2103442 -0.003427733 -0.1252624 0.01080928 0.7258255 
1311875137.382313 -0.1290675 0.001118881 0.2102092 -0.003879954 -0.1294961 0.01059083 0.7250831 
1311875137.418564 -0.1307931 0.001058609 0.2119247 -0.006222499 -0.1327545 0.01054641 0.7244779 
1311875137.450351 -0.1327999 0.0004547169 0.2144611 -0.007942127 -0.1358226 0.01079581 0.7238885 
1311875137.482380 -0.1360596 -0.002602748 0.2176636 -0.009537383 -0.1392002 0.01024541 0.7232353 
1311875137.518348 -0.1394616 -0.005026639 0.218808 -0.009528488 -0.1434072 0.009550565 0.7224225 
1311875137.550261 -0.1443033 -0.003113437 0.2212123 -0.006986049 -0.1421444 0.0088771 0.695049 
1311875137.582377 -0.1459411 -0.007175976 0.2205579 -0.00772947 -0.1531666 0.008550967 0.7204506 
1311875137.618499 -0.150486 -0.002803672 0.2240087 -0.004269328 -0.1518222 0.008249893 0.6930292 
1311875137.650545 -0.1542073 -0.002212202 0.22469 -0.002563975 -0.155029 0.008552894 0.6923236 
1311875137.686323 -0.1562495 -0.001152876 0.2260027 -0.001256476 -0.1583492 0.009712311 0.6915601 
1311875137.718599 -0.1586436 -0.0008042949 0.2285592 -0.0004020278 -0.161532 0.01017335 0.690818 
1311875137.750438 -0.1593818 -0.002369647 0.2302671 -7.307731e-05 -0.1646356 0.009093154 0.6901001 
1311875137.786383 -0.1608551 -0.001645636 0.2311881 0.0009192354 -0.1667935 0.008010345 0.6895945 
1311875137.818236 -0.1649417 -0.002968486 0.2336474 0.0007300846 -0.1675309 0.008388799 0.6894115 
1311875137.850436 -0.168737 -0.003674329 0.2349112 0.001487635 -0.1686402 0.01034889 0.6891131 
1311875137.886354 -0.1708695 -0.003357331 0.2344939 0.002113911 -0.1720124 0.01175535 0.6882549 
1311875137.918456 -0.1732316 -0.002855447 0.2333458 0.001243837 -0.1761866 0.01185877 0.6871985 
1311875137.950615 -0.176253 -0.004864623 0.237614 -0.0007868726 -0.1797709 0.01165002 0.6862738 
1311875137.986413 -0.1795674 -0.007923056 0.2421918 -0.0007001966 -0.1826607 0.01205024 0.6855035 
1311875138.018229 -0.1826314 -0.008938963 0.2441707 0.001815108 -0.1857474 0.01230761 0.6846669 
1311875138.050295 -0.1845039 -0.008793491 0.2440725 0.004800577 -0.189833 0.01264076 0.6835249 
1311875138.086475 -0.1860922 -0.007933967 0.2439717 0.006941906 -0.1939764 0.0129396 0.6823366 
1311875138.118224 -0.1884253 -0.007559999 0.2433725 0.007498734 -0.1968053 0.01315689 0.681516 
1311875138.150358 -0.1905085 -0.004039258 0.2444733 0.008210911 -0.1862872 0.01282067 0.6354686 
1311875138.186216 -0.1920377 -0.008259201 0.2436857 0.005862524 -0.2027014 0.01360124 0.679793 
1311875138.218259 -0.1942369 -0.004254322 0.2458839 0.006184285 -0.1920477 0.01264504 0.633778 
1311875138.250437 -0.1961955 -0.005454315 0.2474353 0.004873021 -0.1942908 0.01271536 0.633104 
1311875138.286294 -0.1974475 -0.005275124 0.247607 0.004249017 -0.1976237 0.01335999 0.6320628 
1311875138.321623 -0.1991327 -0.004389622 0.2465623 0.003233538 -0.2019652 0.01317403 0.6306989 
1311875138.350263 -0.2012094 -0.005408516 0.2486925 0.001181072 -0.206757 0.01244984 0.6291662 
1311875138.386261 -0.20312 -0.006715815 0.2499462 0.0003644888 -0.2108486 0.01144864 0.627827 
1311875138.418263 -0.2047365 -0.006951258 0.25056 9.03351e-05 -0.2149096 0.01022969 0.6264696 
1311875138.450493 -0.206496 -0.006785068 0.2504444 3.588503e-06 -0.218572 0.009437941 0.6252138 
1311875138.486398 -0.2082323 -0.006529222 0.2500555 -0.0008316667 -0.2220338 0.00907633 0.6239976 
1311875138.518383 -0.2099069 -0.007075745 0.2512032 -0.001967959 -0.2255271 0.008979777 0.6227424 
1311875138.550389 -0.2114538 -0.007372683 0.2513172 -0.002695144 -0.2290759 0.008872265 0.6214445 
1311875138.586266 -0.2128839 -0.007836552 0.2517593 -0.003443299 -0.2331411 0.0088477 0.6199275 
1311875138.618252 -0.2144392 -0.008364545 0.2527813 -0.00404772 -0.2371092 0.008604229 0.6184204 
1311875138.650284 -0.2161518 -0.008873937 0.2532231 -0.003965931 -0.2403928 0.008029877 0.6171597 
1311875138.686316 -0.217926 -0.009745912 0.2543159 -0.003642656 -0.2434551 0.00732395 0.6159689 
1311875138.718260 -0.2196904 -0.009842278 0.2536699 -0.002537639 -0.2461035 0.007054061 0.6149243 
1311875138.750407 -0.2215658 -0.008617812 0.2531193 -0.001744136 -0.2534833 0.007434708 0.6258278 
1311875138.786231 -0.2232926 -0.009279875 0.2510278 -0.00220065 -0.2506578 0.007251377 0.613081 
1311875138.818239 -0.2249792 -0.008497879 0.2513602 -0.00274534 -0.2581889 0.007594989 0.6238956 
1311875138.850244 -0.2270985 -0.009082291 0.2513789 -0.003611266 -0.2605863 0.00789895 0.6228899 
1311875138.886218 -0.2290152 -0.009286043 0.2506658 -0.004233761 -0.2629953 0.008446092 0.6218655 
1311875138.918221 -0.2314926 -0.00986018 0.2513271 -0.004551249 -0.2653312 0.009362131 0.6208571 
1311875138.950234 -0.2336005 -0.009812317 0.2510288 -0.004166655 -0.2673788 0.009902595 0.6199723 
1311875138.986369 -0.2359355 -0.01010588 0.2513462 -0.003782908 -0.2688756 0.01074673 0.619313 
1311875139.018279 -0.2374583 -0.01009085 0.2499408 -0.003407588 -0.2703062 0.01180413 0.6186728 
1311875139.050244 -0.239439 -0.01061963 0.2493302 -0.003878932 -0.2722717 0.01274744 0.6177888 
1311875139.086241 -0.2419408 -0.01075949 0.2496983 -0.003838432 -0.2743571 0.01414825 0.6168353 
1311875139.118479 -0.2438792 -0.01060548 0.2494868 -0.004638809 -0.3441389 0.02028066 0.7671501 
1311875139.150252 -0.2456883 -0.01096898 0.2483663 -0.003757496 -0.2781523 0.01723268 0.615055 
1311875139.186256 -0.2478207 -0.01156666 0.2492249 -0.00449048 -0.3491141 0.02346599 0.7648086 
1311875139.218247 -0.2494857 -0.01174017 0.248396 -0.002926607 -0.3521037 0.02411762 0.7634241 
1311875139.250270 -0.2500529 -0.01122077 0.2459488 -0.002218049 -0.3552701 0.02412451 0.7619579 
1311875139.286705 -0.2512971 -0.01127657 0.2444963 -0.003688641 -0.3586857 0.02453024 0.7603373 
1311875139.318287 -0.2530072 -0.0112911 0.2441931 -0.005384078 -0.362048 0.02512332 0.7587125 
1311875139.351945 -0.2550292 -0.01129339 0.2442434 -0.00638983 -0.3650946 0.02461099 0.7572602 
1311875139.386315 -0.2568178 -0.01138162 0.2438097 -0.007131306 -0.3680118 0.02405293 0.7558581 
1311875139.418295 -0.257396 -0.01096176 0.2429245 -0.008664288 -0.3713586 0.02487266 0.7541768 
1311875139.452624 -0.2580032 -0.01078567 0.2422811 -0.010971 -0.3756791 0.02544909 0.7519846 
1311875139.486208 -0.2594167 -0.01037372 0.2421817 -0.01262039 -0.3801332 0.02499499 0.7497322 
1311875139.518202 -0.2598902 -0.01011205 0.2416344 -0.01462128 -0.3844194 0.02472773 0.7475159 
1311875139.551897 -0.2509805 -0.01181023 0.2454122 -0.02348416 -0.3889563 0.02970592 0.7447568 
1311875139.586195 -0.2497196 -0.01046136 0.2468918 -0.03082646 -0.3947419 0.03350722 0.7412755 
1311875139.618258 -0.2380421 -0.01093219 0.2442785 -0.05282247 -0.6302408 0.05194708 1.16098 
1311875139.651639 -0.2406382 -0.01084677 0.2453801 -0.05301479 -0.6376255 0.04995218 1.15702 
1311875139.686272 -0.2425311 -0.01077473 0.2456509 -0.05230145 -0.6437462 0.04861626 1.153715 
1311875139.718311 -0.2447761 -0.01104561 0.2463342 -0.05053923 -0.6498689 0.04860422 1.150357 
1311875139.751530 -0.2455669 -0.01107068 0.2457932 -0.04831549 -0.6570776 0.0489294 1.146337 
1311875139.786588 -0.2467684 -0.01119069 0.245502 -0.04625114 -0.6641062 0.04809208 1.1424 
1311875139.818280 -0.2469968 -0.01113249 0.2440931 -0.0449449 -0.6703504 0.04739808 1.138829 
1311875139.851511 -0.2481429 -0.01136723 0.2438824 -0.04542591 -0.6766323 0.04712726 1.1351 
1311875139.886305 -0.2495197 -0.01156938 0.2438765 -0.04547075 -0.6831972 0.04714804 1.131158 
1311875139.918338 -0.2506278 -0.01150921 0.2435562 -0.04522337 -0.689632 0.04625455 1.127293 
1311875139.951189 -0.2515476 -0.01151512 0.2430281 -0.04516171 -0.6950733 0.04541833 1.123983 
1311875139.986273 -0.2528562 -0.0116816 0.2427849 -0.04643945 -0.700226 0.04530695 1.120733 
1311875140.018273 -0.2548225 -0.01216188 0.24316 -0.0482951 -0.7058633 0.04669228 1.117055 
1311875140.051192 -0.2583407 -0.01155578 0.2463459 -0.0483609 -0.7128313 0.04877132 1.112529 
1311875140.086308 -0.2602864 -0.01212985 0.2470315 -0.04804376 -0.7200902 0.05149457 1.107735 
1311875140.118296 -0.2617329 -0.01251912 0.2471995 -0.04657415 -0.7272237 0.05439225 1.102989 
1311875140.151088 -0.2618381 -0.0117377 0.2448891 -0.04422675 -0.7333438 0.05623413 1.098934 
1311875140.186246 -0.2604451 -0.01129729 0.2435837 -0.04505206 -0.7388685 0.05572759 1.095219 
1311875140.218365 -0.2616351 -0.01146162 0.2437455 -0.04895397 -0.7441484 0.05381986 1.091566 
1311875140.251242 -0.2648772 -0.01259917 0.2444208 -0.05188499 -0.7488319 0.0529066 1.088268 
1311875140.286310 -0.2657129 -0.01272743 0.2445066 -0.05215808 -0.7537792 0.05237434 1.08486 
1311875140.318347 -0.2669205 -0.01309634 0.2445192 -0.05291298 -0.7587564 0.05048331 1.081438 
1311875140.350321 -0.2686504 -0.01359514 0.2447392 -0.05415058 -0.764149 0.04986809 1.077601 
1311875140.386281 -0.2706991 -0.01429867 0.2452066 -0.0545315 -0.7702825 0.04894917 1.073249 
1311875140.418300 -0.2693357 -0.0155391 0.2476532 -0.05259842 -0.7764591 0.04723738 1.068962 
1311875140.451391 -0.2698714 -0.01560819 0.2480393 -0.04786681 -0.7822169 0.04659349 1.065008 
1311875140.486334 -0.2658271 -0.01502476 0.2483558 -0.04353327 -0.7885475 0.04683774 1.060505 
1311875140.518747 -0.263614 -0.01458423 0.2478886 -0.04188372 -0.7947845 0.04717203 1.055891 
1311875140.550850 -0.2644748 -0.01489707 0.2479109 -0.03806732 -0.7140302 0.04235588 0.9377216 
1311875140.586349 -0.2653424 -0.0153027 0.2482597 -0.04334388 -0.8063846 0.04808791 1.046957 
1311875140.619394 -0.2680505 -0.0158602 0.2484849 -0.03820792 -0.7243333 0.04371324 0.9297175 
1311875140.651208 -0.2685152 -0.0157571 0.2485793 -0.03683877 -0.7305316 0.04487015 0.9248552 
1311875140.686273 -0.269293 -0.01604807 0.2485623 -0.03585148 -0.7364748 0.0457673 0.9201244 
1311875140.719046 -0.2695152 -0.01610995 0.2484272 -0.03469445 -0.7417408 0.04687276 0.9158732 
1311875140.750792 -0.2693488 -0.01611856 0.2482152 -0.03377112 -0.7462437 0.04761906 0.912204 
1311875140.786289 -0.2687989 -0.01565774 0.2473819 -0.03449947 -0.7504234 0.04865737 0.9086864 
1311875140.819184 -0.2689744 -0.0155707 0.2473093 -0.0371927 -0.7554907 0.04945718 0.9043276 
1311875140.850239 -0.2684149 -0.01570735 0.2478655 -0.04022002 -0.7613732 0.04959662 0.8992426 
1311875140.887367 -0.2703806 -0.01641596 0.2486162 -0.04252094 -0.7678244 0.04900909 0.8936665 
1311875140.919033 -0.2709288 -0.01640752 0.2487528 -0.04216093 -0.7745453 0.04860461 0.8878872 
1311875140.950544 -0.2706617 -0.01624229 0.2487084 -0.04189406 -0.7815898 0.04787114 0.8817452 
1311875140.986326 -0.2707142 -0.01637989 0.2487769 -0.04221748 -0.7884309 0.04698759 0.8756657 
1311875141.018136 -0.2708767 -0.0162107 0.2487933 -0.04268772 -0.7952449 0.04692344 0.8694628 
1311875141.050469 -0.271479 -0.01645591 0.2488723 -0.04363381 -0.8017442 0.04712765 0.8634149 
1311875141.086327 -0.2721654 -0.0164694 0.2490271 -0.04448168 -0.8082369 0.0481012 0.8572425 
1311875141.118334 -0.2714167 -0.01628012 0.2489637 -0.04710376 -0.8441077 0.05111676 0.8821568 
1311875141.150139 -0.2693862 -0.01627506 0.248797 -0.04702064 -0.81989 0.05042163 0.8458316 
1311875141.186458 -0.2686207 -0.01611195 0.2485186 -0.05018428 -0.8543279 0.05300587 0.8719782 
1311875141.218144 -0.2677651 -0.01605512 0.2484668 -0.05196644 -0.8589016 0.05428945 0.8672891 
1311875141.250281 -0.2680718 -0.01617773 0.248512 -0.05310061 -0.8635805 0.05529668 0.8624973 
1311875141.286389 -0.2664604 -0.01622303 0.249671 -0.05302209 -0.8691971 0.0552525 0.8568444 
1311875141.318099 -0.2676824 -0.01608435 0.2490206 -0.05287032 -0.8747636 0.05474687 0.8512028 
1311875141.350248 -0.2678836 -0.01642542 0.2499806 -0.05285413 -0.8807795 0.05538957 0.8449355 
1311875141.386340 -0.2675805 -0.01636326 0.2502006 -0.05193381 -0.886987 0.0558812 0.8384416 
1311875141.419192 -0.2637684 -0.01894932 0.2506697 -0.05274873 -0.8922665 0.0564276 0.832733 
1311875141.453060 -0.2637357 -0.02005261 0.2508652 -0.05212868 -0.8968851 0.05707816 0.8277511 
1311875141.486151 -0.2636405 -0.01997362 0.2508839 -0.04994208 -0.9017005 0.05740745 0.8226156 
1311875141.519319 -0.2664557 -0.0176885 0.2497559 -0.04524718 -0.9060051 0.05571321 0.8182626 
1311875141.550428 -0.2652767 -0.01844325 0.2489975 -0.0455258 -0.9091137 0.05703905 0.8147001 
1311875141.586288 -0.2626059 -0.02009317 0.2487006 -0.04905595 -0.9121122 0.06009496 0.8109152 
1311875141.619894 -0.2374849 -0.03324874 0.258932 -0.07523499 -1.089397 0.07515897 0.958462 
1311875141.650206 -0.2405667 -0.03394311 0.2593614 -0.07676598 -1.094721 0.0758114 0.9522027 
1311875141.686121 -0.2409747 -0.03406896 0.2594201 -0.07582626 -1.099324 0.07675456 0.946884 
1311875141.718346 -0.2414497 -0.03413067 0.2594695 -0.07450398 -1.102671 0.07786561 0.9429995 
1311875141.750287 -0.2420514 -0.03405379 0.2595308 -0.07369408 -1.105993 0.08008236 0.9389778 
1311875141.786346 -0.2414176 -0.03363914 0.2594165 -0.07276828 -1.109808 0.08233579 0.9343429 
1311875141.818167 -0.24118 -0.03358924 0.2593444 -0.07239938 -1.113398 0.0821439 0.9301078 
1311875141.850235 -0.2411887 -0.03355901 0.2593003 -0.07178249 -1.116142 0.08104346 0.9269582 
1311875141.886132 -0.2410194 -0.03347984 0.2595096 -0.07196697 -1.118415 0.08066615 0.9242331 
1311875141.918301 -0.2413327 -0.03344186 0.2596784 -0.07262236 -1.121179 0.08081682 0.9208131 
1311875141.950297 -0.2424715 -0.03342482 0.2596963 -0.07246919 -1.123986 0.08082616 0.9173965 
1311875141.986261 -0.2427166 -0.03341646 0.2598739 -0.0718901 -1.126733 0.08110349 0.9140413 
1311875142.018200 -0.2429691 -0.03340819 0.259935 -0.07115594 -1.1292 0.08158447 0.9110065 
1311875142.050245 -0.2419462 -0.03326873 0.2600838 -0.07037061 -1.131883 0.08116343 0.9077693 
1311875142.086183 -0.2418328 -0.03325934 0.2599845 -0.07019477 -1.134259 0.08006667 0.9049101 
1311875142.118301 -0.2413599 -0.0331059 0.2601248 -0.07067938 -1.136331 0.07941794 0.9023264 
1311875142.150213 -0.2426752 -0.03333371 0.2601468 -0.0713699 -1.138103 0.07902034 0.9000711 
1311875142.186196 -0.2436514 -0.03302044 0.2603537 -0.07062882 -1.140581 0.07941502 0.8969527 
