1311874903.322796 0 0 0 0 0 0 1 
1311874903.354768 0.0002610983 -0.0004248317 0.0005572736 0.0013638 -0.001598176 -0.0005691115 0.9999976 
1311874903.386636 0.001314272 -0.0005419256 0.0008628056 0.00224688 -0.001873697 -0.001661724 0.9999943 
1311874903.422796 0.002354865 0.001337724 -0.0001845713 0.003017254 -0.002920377 -0.0004192339 0.9999911 
1311874903.454798 0.002988294 0.003249981 0.0002275654 0.002997406 -0.005445199 0.001375984 0.9999797 
1311874903.486694 0.003664946 0.003455263 0.00204517 0.001981338 -0.006589023 0.001868286 0.9999746 
1311874903.522779 0.003898775 0.001916463 0.004068121 0.001235746 -0.00606984 0.001588246 0.9999796 
1311874903.554840 0.004048453 0.002365467 0.004817618 0.002002863 -0.005868477 0.0009706991 0.9999803 
1311874903.586730 0.005463934 0.005195307 0.005737603 0.002964167 -0.006470743 0.0005042418 0.9999745 
1311874903.622735 0.005222871 0.003962214 0.007085835 0.001893704 -0.005633579 0.0005863054 0.9999822 
1311874903.654810 0.004934086 0.004317154 0.008184795 0.001368995 -0.0049495 0.001608271 0.9999855 
1311874903.686778 0.005055421 0.006695528 0.009350484 0.001595544 -0.005778962 0.003416087 0.9999762 
1311874903.722804 0.005712826 0.00690751 0.01201898 0.001393567 -0.007801291 0.004013681 0.9999605 
1311874903.754816 0.005221459 0.007112575 0.01435202 0.002192814 -0.00896406 0.003683499 0.9999506 
1311874903.786751 0.005295013 0.009170651 0.01659959 0.004410455 -0.01093779 0.003874748 0.9999229 
1311874903.822840 0.005435403 0.009897446 0.01821449 0.005678693 -0.01443909 0.005377978 0.9998652 
1311874903.854817 0.006065453 0.01084555 0.02112964 0.007104557 -0.01764585 0.006359723 0.9997988 
1311874903.886829 0.00923737 0.0159856 0.02317538 0.00980844 -0.02074332 0.007666209 0.9997073 
1311874903.922754 0.01105437 0.01811065 0.02664766 0.01055678 -0.02321942 0.008808837 0.9996358 
1311874903.954826 0.009493715 0.01691284 0.02932739 0.01018563 -0.02401629 0.01025475 0.9996071 
1311874903.986809 0.007024789 0.0122024 0.03257488 0.009444189 -0.02447992 0.01141461 0.9621339 
1311874904.022931 0.008379796 0.01672738 0.03515439 0.01422887 -0.03006873 0.0119208 0.9993755 
1311874904.054815 0.01220404 0.02003209 0.0368606 0.01709469 -0.03541725 0.01086749 0.9991673 
1311874904.086775 0.01452905 0.0243998 0.04107337 0.01807417 -0.03746234 0.009552727 0.9616127 
1311874904.122757 0.01449636 0.02610733 0.04274292 0.0183736 -0.04056945 0.01028792 0.9614733 
1311874904.154805 0.01150269 0.02172243 0.04538022 0.01601867 -0.04432414 0.01075794 0.9613445 
1311874904.186715 0.01230212 0.02389082 0.04808643 0.01780728 -0.05100879 0.009879997 0.960991 
1311874904.222789 0.0163009 0.02908536 0.05141088 0.02041938 -0.05932128 0.008479643 0.9604751 
1311874904.254790 0.01813342 0.0319484 0.05393296 0.02091773 -0.06639385 0.007594967 0.9600088 
1311874904.286802 0.02219558 0.03390539 0.05741452 0.02046634 -0.07365621 0.007311814 0.9594909 
1311874904.322792 0.02095684 0.03491115 0.05948652 0.01924219 -0.07811427 0.007760892 0.95916 
1311874904.354806 0.02096585 0.03429755 0.0623631 0.01687358 -0.07978273 0.007703465 0.9212872 
1311874904.386740 0.02193973 0.0352775 0.0648767 0.01692325 -0.08788709 0.007944435 0.9583562 
1311874904.422775 0.02098449 0.03335302 0.06726495 0.01494553 -0.08822806 0.007912407 0.9205483 
1311874904.454836 0.02138831 0.03406039 0.06963058 0.01549935 -0.09289228 0.007259851 0.9200856 
1311874904.486793 0.02305238 0.0363085 0.07213494 0.01639127 -0.09693893 0.005264066 0.9196662 
1311874904.522772 0.02330138 0.03637558 0.07412512 0.01592912 -0.09915554 0.003442203 0.9194466 
1311874904.554748 0.02176656 0.03540889 0.07553587 0.01527878 -0.1009012 0.003002815 0.9192692 
1311874904.586765 0.02129601 0.03882598 0.07575573 0.01633299 -0.1042769 0.003388073 0.9188729 
1311874904.622782 0.02150581 0.03975623 0.07731284 0.01449138 -0.1084233 0.004751954 0.9184178 
1311874904.654811 0.02168305 0.04150705 0.07793134 0.01283283 -0.1121592 0.006602099 0.9179823 
1311874904.686997 0.02306278 0.0437458 0.07976029 0.009925388 -0.1168598 0.007856785 0.9174219 
1311874904.722712 0.02384681 0.04148299 0.08312054 0.006051968 -0.1194714 0.006901646 0.9171269 
1311874904.754754 0.02041238 0.03445744 0.08534963 0.002177193 -0.1143136 0.004413394 0.8815053 
1311874904.786764 0.02066587 0.03464763 0.08649879 0.003587624 -0.1208729 0.0002049276 0.9169821 
1311874904.822823 0.01817002 0.03499106 0.08681933 0.004142615 -0.1172508 -0.002957419 0.8811184 
1311874904.854741 0.01489068 0.04027503 0.08613156 0.005166767 -0.1186971 -0.003155883 0.8809187 
1311874904.886735 0.01287051 0.04024941 0.08596024 0.001908915 -0.1219558 -0.001142971 0.8804914 
1311874904.922775 0.01266111 0.03801941 0.08837928 -0.001677782 -0.1258342 -0.0005330075 0.8799466 
1311874904.954797 0.01269186 0.0361857 0.09065446 -0.003153589 -0.1282219 -0.001583021 0.8795965 
1311874904.986823 0.01249779 0.03309905 0.09291733 -0.004577481 -0.1295756 -0.003295571 0.8793871 
1311874905.022730 0.01127648 0.03250511 0.09386193 -0.003231277 -0.1308601 -0.005344842 0.8791928 
1311874905.054822 0.009960632 0.03360223 0.09434276 -0.001397064 -0.1322513 -0.007318731 0.8789752 
1311874905.086601 0.009013489 0.0344808 0.09573955 -0.0002480655 -0.1331649 -0.009316829 0.8788194 
1311874905.122765 0.007010164 0.03499639 0.09634209 0.0002656454 -0.1334641 -0.009383392 0.8787733 
1311874905.154831 0.004764475 0.03596124 0.09600904 0.001196005 -0.1347227 -0.006205162 0.8786087 
1311874905.186783 0.002810069 0.03810412 0.09561718 0.0004936613 -0.1376039 -0.002626446 0.8781807 
1311874905.222773 0.004445935 0.03364633 0.1002585 -0.002320588 -0.1407769 -0.001613972 0.8776772 
1311874905.254767 0.003740958 0.03120631 0.1021881 -0.001167276 -0.1407259 -0.00264058 0.8776851 
1311874905.286779 0.002634217 0.0314691 0.1034749 0.001387217 -0.1397973 -0.005121096 0.8778222 
1311874905.322758 0.0004037373 0.03468224 0.104163 0.004382032 -0.1374283 -0.005640401 0.8781832 
1311874905.354727 -0.001442704 0.03670175 0.1044658 0.004944135 -0.1354609 -0.003397979 0.8784974 
1311874905.386734 -0.002316075 0.03616809 0.1051246 0.003886345 -0.135044 1.060719e-05 0.8785735 
1311874905.422766 -0.002899167 0.03484158 0.1061103 0.003745498 -0.1357511 0.002181211 0.8784624 
1311874905.454741 -0.003315564 0.03403777 0.1068659 0.004309598 -0.1368367 0.002345361 0.8782909 
1311874905.486804 -0.004810104 0.03497407 0.1077352 0.006131906 -0.1376456 0.001652216 0.8781553 
1311874905.522792 -0.005302845 0.03424335 0.1080233 0.006819935 -0.1388601 0.0007298559 0.8779602 
1311874905.554773 -0.006780897 0.03505971 0.107948 0.008047779 -0.1400653 0.001002093 0.8777581 
1311874905.586819 -0.007905265 0.03584942 0.1088597 0.008702384 -0.1418703 0.001344007 0.8774615 
1311874905.622767 -0.008869531 0.03634063 0.1096194 0.009064507 -0.1427549 0.001779305 0.8773135 
1311874905.654770 -0.01032571 0.0367269 0.1096779 0.008681997 -0.1436389 0.002628269 0.877171 
1311874905.686676 -0.01224692 0.03618203 0.1104607 0.008138356 -0.146806 0.003659231 0.8847292 
1311874905.722811 -0.012022 0.03560002 0.1111608 0.008321368 -0.14873 0.004323319 0.8763189 
1311874905.754739 -0.01292215 0.0359145 0.111785 0.008401786 -0.1524932 0.003952882 0.8756728 
1311874905.786774 -0.01528454 0.03637271 0.1115989 0.008242728 -0.1566396 0.003445113 0.8830411 
1311874905.822748 -0.01663693 0.03669785 0.1119536 0.007413613 -0.1597887 0.003139499 0.8824852 
1311874905.854754 -0.01774635 0.03628653 0.1135746 0.00617471 -0.1635279 0.002582767 0.8818113 
1311874905.886749 -0.01932106 0.03548988 0.1150392 0.00608733 -0.1671296 0.001667072 0.8811386 
1311874905.922784 -0.02088771 0.03525268 0.116054 0.006831302 -0.1718875 0.0005203506 0.8802187 
1311874905.954748 -0.02186788 0.03580582 0.1167445 0.007354206 -0.1769466 -3.948075e-05 0.8792116 
1311874905.986856 -0.02339799 0.03584674 0.1180985 0.007163808 -0.1817299 0.0003592642 0.8782369 
1311874906.022767 -0.02484102 0.03571197 0.1193756 0.007165159 -0.1872179 0.001263724 0.8770826 
1311874906.054696 -0.02573699 0.03547977 0.1210734 0.00689924 -0.1927326 0.001561134 0.8758889 
1311874906.086595 -0.02726268 0.03465918 0.1234373 0.0073307 -0.1971869 0.001655875 0.8748932 
1311874906.122652 -0.02867846 0.03532726 0.1240463 0.007351638 -0.1871631 0.002093416 0.810306 
1311874906.154617 -0.02964778 0.03466898 0.1256915 0.007218159 -0.2065339 0.003354207 0.87273 
1311874906.186718 -0.03140372 0.03455904 0.1279064 0.006763625 -0.1954038 0.003926438 0.8083566 
1311874906.222762 -0.03257968 0.03438095 0.1286833 0.007355601 -0.1997459 0.00430329 0.8072876 
1311874906.254735 -0.03368712 0.03441724 0.130672 0.007382114 -0.2038245 0.003648709 0.8062704 
1311874906.286732 -0.03532696 0.03418224 0.1314524 0.007067754 -0.2073519 0.003848145 0.8053724 
1311874906.322616 -0.03676779 0.03440806 0.1324734 0.006114564 -0.2120843 0.004747188 0.8041421 
1311874906.354893 -0.03810102 0.03425651 0.1334709 0.004443077 -0.217187 0.006182967 0.8027802 
1311874906.386638 -0.03968313 0.03365622 0.1362901 0.002958646 -0.2228772 0.007476291 0.8012149 
1311874906.422681 -0.04105412 0.03298085 0.1391496 0.003012921 -0.2286198 0.007687261 0.7995931 
1311874906.454670 -0.04211588 0.03263279 0.1415694 0.003974311 -0.2333715 0.007287749 0.7982187 
1311874906.486778 -0.0437911 0.03215265 0.1428991 0.005256709 -0.2376385 0.007510503 0.7969493 
1311874906.522738 -0.04539477 0.03106204 0.1448701 0.006489674 -0.2426778 0.008087897 0.7954145 
1311874906.554794 -0.04697294 0.02706888 0.1488442 0.007535074 -0.2348573 0.008771337 0.752437 
1311874906.586655 -0.04878805 0.02586323 0.1542627 0.01471641 -0.2531474 0.01134704 0.7919945 
1311874906.622675 -0.05049513 0.02471323 0.1544414 0.02364242 -0.245757 0.0127401 0.7485555 
1311874906.654651 -0.05162924 0.02474592 0.15511 0.0332179 -0.2529508 0.0143606 0.7457609 
1311874906.686767 -0.05259364 0.02481806 0.1556432 0.04124818 -0.2586839 0.0157442 0.7433616 
1311874906.722743 -0.05380574 0.02446417 0.1567102 0.04872334 -0.2629562 0.01736011 0.7413715 
1311874906.754792 -0.0549421 0.02390463 0.1570077 0.05582178 -0.2673671 0.01918299 0.7392455 
1311874906.790649 -0.05589869 0.02324091 0.1576966 0.0623872 -0.2717591 0.02014683 0.7370902 
1311874906.822768 -0.05635724 0.02294482 0.1596559 0.07105362 -0.2823706 0.02232446 0.7534051 
1311874906.854740 -0.05763849 0.02216654 0.1596394 0.07665657 -0.2781093 0.02426015 0.7332418 
1311874906.890686 -0.05720164 0.02324307 0.1581993 0.08429751 -0.2880608 0.02717406 0.7497172 
1311874906.922682 -0.05708301 0.02268069 0.1597459 0.08894942 -0.2901402 0.02874011 0.7483182 
1311874906.954572 -0.05825597 0.02263041 0.1610228 0.09580671 -0.2896508 0.03173044 0.74754 
1311874906.990712 -0.05902712 0.02238319 0.1611857 0.1025415 -0.2904005 0.03534824 0.7461922 
1311874907.022662 -0.05907314 0.02182822 0.1614932 0.1082661 -0.2929852 0.0369261 0.7442943 
1311874907.054752 -0.06026575 0.02028377 0.1625381 0.1142016 -0.2948151 0.03793932 0.7426319 
1311874907.090752 -0.05598542 0.023228 0.1583756 0.1477918 -0.366657 0.0499098 0.9171215 
1311874907.122679 -0.06008291 0.02031215 0.1603815 0.1228118 -0.2978385 0.04188653 0.7398341 
1311874907.154788 -0.05608719 0.02209301 0.1587908 0.1545172 -0.3702714 0.05357712 0.9143498 
1311874907.190615 -0.05677633 0.02149444 0.1594629 0.1578342 -0.3702448 0.05456149 0.9137356 
1311874907.222674 -0.05721533 0.0219582 0.1596807 0.1627522 -0.3706099 0.05611211 0.9126303 
1311874907.254677 -0.05732991 0.02191482 0.1601005 0.1692013 -0.3726171 0.05696817 0.9105848 
1311874907.290698 -0.05803194 0.02221227 0.1603489 0.1765931 -0.3729497 0.05822583 0.9089641 
1311874907.322636 -0.05757567 0.02207908 0.1599931 0.1814855 -0.3731856 0.06092594 0.9077258 
1311874907.354740 -0.0568284 0.02155997 0.1597654 0.1844263 -0.3747039 0.06494863 0.9062274 
