1311868164.363181 0 0 0 0 0 0 1 
1311868164.399026 0.001890888 -0.003131412 -0.001878156 -0.003813069 -0.001980917 -0.001236589 0.99999 
1311868164.430940 0.002066445 -0.00647293 -0.004694964 -0.008036559 -0.004445562 -0.002752363 0.999954 
1311868164.463055 0.001325714 -0.007607803 -0.007482022 -0.01126589 -0.004373579 -0.005333886 0.9999127 
1311868164.499130 2.358185e-05 -0.005550476 -0.008550138 -0.01237932 -0.001471292 -0.008104956 0.9998894 
1311868164.531025 0.003910747 -0.009600522 -0.009256739 -0.01478692 0.0004515366 -0.01044983 0.999836 
1311868164.563004 0.005263345 -0.007735206 -0.01085282 -0.01355565 0.00283693 -0.01208364 0.9998311 
1311868164.599061 0.005589621 -0.008328519 -0.01189631 -0.01250128 0.004211737 -0.01394495 0.9998157 
1311868164.631140 0.008075976 -0.01201427 -0.01444534 -0.01239859 0.004669722 -0.015078 0.9997985 
1311868164.663105 0.00946059 -0.01423533 -0.01840637 -0.01256943 0.004091694 -0.01555666 0.9997916 
1311868164.698987 0.01012787 -0.01572482 -0.02177047 -0.01346855 0.00291411 -0.01531582 0.9997877 
1311868164.731046 0.01830543 -0.01179859 -0.01943529 -0.01120698 -0.001608858 -0.01395936 0.9998385 
1311868164.763098 0.02638357 -0.01452504 -0.01939471 -0.01009091 -0.005752683 -0.01311918 0.9998465 
1311868164.799138 0.03448328 -0.01332715 -0.0172506 -0.00690782 -0.008775619 -0.01298049 0.9998534 
1311868164.831006 0.04251162 -0.01588793 -0.01603712 -0.004000813 -0.01092868 -0.0130841 0.9998467 
1311868164.863058 0.04920558 -0.01569495 -0.01803729 -0.0006158248 -0.0108637 -0.0139295 0.9998438 
1311868164.899132 0.05773661 -0.01756439 -0.01695437 0.002198535 -0.01152675 -0.01441842 0.9998272 
1311868164.930933 0.06383593 -0.0197353 -0.02185883 0.003724624 -0.01116911 -0.01603014 0.9998022 
1311868164.963119 0.06500508 -0.01907588 -0.02901985 0.003253684 -0.009403115 -0.01827965 0.9997834 
1311868164.999037 0.07174653 -0.01895618 -0.02744544 0.001425148 -0.01281923 -0.01862873 0.9997433 
1311868165.031122 0.08116166 -0.01961558 -0.02667093 0.001177706 -0.01873868 -0.0179952 0.9996618 
1311868165.063108 0.08956791 -0.01958003 -0.02855515 0.0009962215 -0.02416722 -0.01926153 0.9995219 
1311868165.099162 0.09919111 -0.01793843 -0.02680372 0.001491814 -0.02941803 -0.02195811 0.9993249 
1311868165.131014 0.1115197 -0.01964953 -0.0244078 0.002950135 -0.03513959 -0.02345783 0.9991027 
1311868165.163146 0.1180866 -0.01902218 -0.02967494 0.005433496 -0.03851804 -0.02664507 1.033894 
1311868165.199145 0.1225104 -0.02050204 -0.0340256 0.005302319 -0.03847448 -0.02866543 0.9988343 
1311868165.231193 0.1293176 -0.01874807 -0.0394977 0.005105152 -0.03947741 -0.02999619 0.9987571 
1311868165.263005 0.1328484 -0.01613083 -0.0445476 0.004457704 -0.04208608 -0.03249342 1.033592 
1311868165.299103 0.1364216 -0.01331923 -0.05127248 0.002415159 -0.04521321 -0.03389808 1.033422 
1311868165.331226 0.1428903 -0.01241704 -0.0544431 -0.001264761 -0.04986517 -0.03513245 1.033169 
1311868165.363060 0.1506885 -0.01048941 -0.05335414 -0.002124756 -0.05404309 -0.03553029 1.032943 
1311868165.399160 0.1556522 -0.00930825 -0.05825441 -0.002451928 -0.05513373 -0.03633686 1.032857 
1311868165.430962 0.1602353 -0.007208926 -0.06600392 -0.004066489 -0.05528025 -0.03678713 1.032828 
1311868165.463114 0.1598284 -0.005032549 -0.07352053 -0.008647215 -0.05332724 -0.03487162 1.032969 
1311868165.499179 0.1665324 -0.002980211 -0.07568125 -0.01321223 -0.05610897 -0.03261901 1.032847 
1311868165.531124 0.1693609 -0.00453456 -0.07725882 -0.0191154 -0.05639648 -0.03067577 1.032798 
1311868165.563054 0.1790197 -0.004238013 -0.07681075 -0.02215199 -0.0591788 -0.02917666 1.032626 
1311868165.599188 0.1841316 -0.004318588 -0.07271655 -0.02305831 -0.05936542 -0.03013736 1.032567 
1311868165.631159 0.1898232 -0.007826037 -0.0765441 -0.02359796 -0.05932008 -0.03182524 1.032507 
1311868165.663251 0.1931156 -0.006705216 -0.07950759 -0.02233898 -0.05701991 -0.03285167 1.032633 
1311868165.699187 0.1981285 -0.009749972 -0.08332594 -0.0223056 -0.05528379 -0.03344004 1.032709 
1311868165.731234 0.198528 -0.007526072 -0.08887241 -0.02068416 -0.05233727 -0.03429396 1.032868 
1311868165.763100 0.2005083 -0.007234705 -0.09702668 -0.0217311 -0.04905003 -0.03390344 1.033021 
1311868165.799107 0.2036972 -0.01088318 -0.1023559 -0.02590056 -0.0462637 -0.03245298 1.0331 
1311868165.831186 0.2057798 -0.01223441 -0.1072865 -0.02927234 -0.04400862 -0.03184858 1.033127 
1311868165.863220 0.2069321 -0.01285168 -0.111474 -0.03605484 -0.0445976 -0.03539097 1.129244 
1311868165.899162 0.20835 -0.01249904 -0.1145042 -0.03512416 -0.03751375 -0.03239828 1.033184 
1311868165.931154 0.2094825 -0.0149012 -0.1166491 -0.04000651 -0.03677058 -0.03462632 1.129417 
1311868165.963154 0.2082341 -0.01655087 -0.123528 -0.04083281 -0.03186758 -0.03357881 1.129568 
1311868165.999133 0.2063808 -0.0104951 -0.1297921 -0.03980512 -0.02752011 -0.03302022 1.129735 
1311868166.031204 0.2050849 -0.01049139 -0.1357548 -0.04278363 -0.02281149 -0.02977141 1.129822 
1311868166.063111 0.2008428 -0.001827493 -0.142538 -0.04303775 -0.01706976 -0.02526755 1.130023 
1311868166.099206 0.2001907 -0.002387851 -0.1476561 -0.04977337 -0.01469679 -0.02407708 1.129806 
1311868166.131254 0.1999631 0.0007947494 -0.1490344 -0.05205991 -0.01389704 -0.02469083 1.129699 
1311868166.163189 0.2006631 0.005942619 -0.1528189 -0.05655423 -0.01428139 -0.02687307 1.182337 
1311868166.199211 0.1999371 0.007174629 -0.1574342 -0.05984832 -0.01133824 -0.02581168 1.129317 
1311868166.231050 0.199267 0.01276362 -0.1623134 -0.06533422 -0.009073162 -0.02653792 1.181944 
1311868166.263177 0.1994864 0.01695017 -0.167118 -0.06967686 -0.005988927 -0.02478029 1.181754 
1311868166.299209 0.1994489 0.02372088 -0.1705399 -0.07367014 -0.001948084 -0.02083287 1.181601 
1311868166.331189 0.199757 0.02617977 -0.1739304 -0.08065332 0.0005706546 -0.01783548 1.181196 
1311868166.363122 0.2004083 0.02887032 -0.1769108 -0.08674294 0.0006883941 -0.01801707 1.180761 
1311868166.399232 0.2010718 0.0304221 -0.1803462 -0.09145723 0.001191426 -0.01921966 1.180386 
1311868166.431171 0.2016759 0.03288125 -0.184555 -0.09362956 0.003210802 -0.02099249 1.180182 
1311868166.463018 0.2048721 0.03296529 -0.1879732 -0.098868 0.006082957 -0.0232557 1.206634 
1311868166.499195 0.205931 0.03160661 -0.1910236 -0.09879802 0.01083397 -0.02246888 1.179688 
1311868166.531252 0.2079683 0.03432999 -0.1939029 -0.101042 0.01337646 -0.02360394 1.206388 
1311868166.563132 0.2099727 0.03447197 -0.1970343 -0.1008954 0.01434711 -0.0249706 1.206361 
1311868166.599207 0.2118618 0.0371509 -0.2000193 -0.09915268 0.01467805 -0.0247115 1.206507 
1311868166.631287 0.214324 0.03691459 -0.2029441 -0.09911321 0.01419035 -0.02473502 1.206516 
1311868166.663284 0.2172266 0.03685188 -0.2057601 -0.09869166 0.01373333 -0.02367136 1.206577 
1311868166.699270 0.2203079 0.03653002 -0.208323 -0.09788737 0.0136235 -0.02192864 1.206677 
1311868166.731105 0.2238017 0.03637829 -0.2106964 -0.09672628 0.01315407 -0.02059884 1.206799 
1311868166.763333 0.2274717 0.03601524 -0.2131776 -0.09513012 0.01188274 -0.02011808 1.206947 
1311868166.799225 0.2319345 0.03579612 -0.215608 -0.09369099 0.009726842 -0.02028589 1.207076 
1311868166.831229 0.2366943 0.03575498 -0.2176325 -0.09188019 0.007329821 -0.02083961 1.207223 
1311868166.863222 0.2424692 0.03581318 -0.2199748 -0.09036991 0.00394307 -0.0226623 1.20732 
1311868166.899308 0.2485697 0.03474868 -0.2211905 -0.08932239 0.0003385311 -0.02517746 1.207354 
1311868166.931160 0.2557308 0.03421592 -0.2234104 -0.08745396 -0.002313765 -0.02789033 1.207429 
1311868166.963312 0.2629325 0.03374621 -0.2245662 -0.08547282 -0.005026879 -0.03125745 1.207481 
1311868166.999289 0.2706933 0.03415919 -0.2264414 -0.08332627 -0.008644621 -0.03487618 1.207511 
1311868167.031127 0.2784523 0.03457547 -0.2275898 -0.08285975 -0.01379788 -0.03904083 1.207368 
1311868167.063209 0.2863246 0.03379129 -0.2281541 -0.08332846 -0.01936324 -0.04270047 1.207135 
1311868167.099303 0.2944863 0.03317875 -0.2294143 -0.08348884 -0.02455094 -0.04515076 1.206941 
1311868167.131299 0.3028421 0.03215186 -0.2297883 -0.08404293 -0.02979248 -0.04789915 1.206678 
1311868167.163230 0.3103544 0.03116194 -0.2298307 -0.08386544 -0.03505216 -0.05124545 1.206412 
1311868167.199258 0.3179489 0.03002591 -0.2297504 -0.08222262 -0.04073927 -0.05451869 1.206203 
1311868167.231267 0.3259816 0.02969374 -0.2317058 -0.0800181 -0.04740252 -0.05807728 1.205941 
1311868167.263251 0.3336555 0.02881926 -0.233007 -0.0789749 -0.05360494 -0.0618311 1.205564 
1311868167.299141 0.3407789 0.02802793 -0.2334189 -0.07760486 -0.0579415 -0.06486912 1.205292 
1311868167.331145 0.3482522 0.02827792 -0.2344408 -0.0766947 -0.0609699 -0.06706771 1.205081 
1311868167.363275 0.3549278 0.02772822 -0.2345386 -0.07711994 -0.06336787 -0.06941098 1.204797 
1311868167.399226 0.3608343 0.02754101 -0.2346161 -0.07756975 -0.06505733 -0.07032651 1.204625 
1311868167.431237 0.3664285 0.0275117 -0.2342764 -0.0783524 -0.06772417 -0.07005707 1.204443 
1311868167.463303 0.3716667 0.02689257 -0.2354871 -0.07889382 -0.07086285 -0.06941681 1.204264 
1311868167.499121 0.3766331 0.02562801 -0.2352229 -0.07949145 -0.07413281 -0.06998386 1.203995 
1311868167.531321 0.3812056 0.02462233 -0.2362042 -0.07855529 -0.07643296 -0.07169939 1.203812 
1311868167.563160 0.3863411 0.02447728 -0.2361973 -0.07775303 -0.07751124 -0.07228068 1.20376 
1311868167.599230 0.3907573 0.02464008 -0.2362021 -0.07755909 -0.07839582 -0.07218515 1.203721 
1311868167.631495 0.3943347 0.02406962 -0.235617 -0.0778838 -0.07971662 -0.07228954 1.203607 
1311868167.663360 0.3980138 0.02407865 -0.2355823 -0.07804747 -0.08147598 -0.07243461 1.20347 
1311868167.699226 0.4014722 0.02428004 -0.2352312 -0.07923079 -0.0829464 -0.07277567 1.203272 
1311868167.731241 0.4047267 0.02399408 -0.2343085 -0.08179026 -0.08445643 -0.07351639 1.202951 
1311868167.763281 0.4071385 0.02312961 -0.232617 -0.0838751 -0.08502117 -0.07434779 1.202716 
1311868167.799224 0.4098791 0.02279677 -0.2314706 -0.08586498 -0.08567592 -0.07386367 1.202559 
1311868167.831218 0.4121863 0.0215158 -0.2296375 -0.0873327 -0.08561044 -0.07450616 1.202418 
1311868167.863098 0.414673 0.02056466 -0.2267942 -0.08776426 -0.08483913 -0.07423354 1.202458 
1311868167.899376 0.416456 0.01893497 -0.223594 -0.08658373 -0.08384965 -0.07127707 1.202792 
1311868167.931184 0.4184367 0.01826191 -0.2224057 -0.08372435 -0.08446707 -0.06818971 1.20313 
1311868167.963366 0.4209278 0.01746792 -0.2215914 -0.08224014 -0.08576947 -0.06554609 1.203288 
1311868167.999325 0.4232721 0.01638413 -0.2198889 -0.08235291 -0.08621069 -0.06267589 1.203401 
1311868168.031266 0.4248896 0.01472976 -0.2179382 -0.08293175 -0.08643207 -0.06050419 1.203457 
1311868168.063183 0.4267853 0.01318046 -0.2151526 -0.08329517 -0.08661791 -0.05997625 1.203445 
1311868168.099296 0.4278442 0.01125695 -0.2119862 -0.08245453 -0.08607693 -0.06002401 1.203539 
1311868168.131162 0.4287718 0.01036538 -0.2088746 -0.08062009 -0.08602755 -0.06115664 1.20361 
1311868168.163282 0.4298235 0.009128407 -0.2062436 -0.07886981 -0.08619875 -0.06272653 1.203633 
1311868168.199247 0.4308348 0.007901756 -0.2034479 -0.07808088 -0.08671838 -0.06493774 1.20353 
1311868168.231293 0.4314879 0.007132821 -0.1999893 -0.07776988 -0.08679706 -0.06763884 1.203395 
1311868168.263256 0.431744 0.006130709 -0.1955997 -0.07935209 -0.08733583 -0.0692414 1.203162 
1311868168.299606 0.4317345 0.004004839 -0.1909619 -0.0815432 -0.08863366 -0.06999795 1.202877 
1311868168.331222 0.4314287 0.002038844 -0.1863716 -0.08378533 -0.09042688 -0.07096869 1.202532 
1311868168.363180 0.4306184 -0.001528573 -0.1799052 -0.08545964 -0.09222701 -0.07194642 1.20222 
1311868168.399360 0.4297928 -0.005936074 -0.1752901 -0.08421366 -0.09369232 -0.07308534 1.202125 
1311868168.431214 0.4290673 -0.01059096 -0.1706833 -0.08142796 -0.0952203 -0.07634089 1.201995 
1311868168.463333 0.4286033 -0.01426543 -0.1653106 -0.07675925 -0.09586408 -0.07856557 1.202108 
1311868168.499268 0.4276985 -0.01823951 -0.1610626 -0.07170075 -0.09626921 -0.07843707 1.202396 
1311868168.531406 0.4234876 -0.01429985 -0.154953 -0.06344794 -0.09687636 -0.07817306 1.202828 
1311868168.563319 0.4223437 -0.01346537 -0.1505248 -0.05946283 -0.0988737 -0.07775352 1.202896 
1311868168.599366 0.4170593 -0.002239726 -0.137353 -0.05190577 -0.09981954 -0.07818736 1.20314 
1311868168.631188 0.4152933 -0.004692999 -0.1333498 -0.05149607 -0.1013519 -0.07672614 1.203124 
1311868168.663320 0.4180241 -0.01361466 -0.133706 -0.05411724 -0.1035313 -0.07671573 1.202824 
1311868168.699557 0.4206759 -0.009444949 -0.1235345 -0.04754934 -0.09890722 -0.07211006 1.130978 
1311868168.731207 0.4191343 0.02052337 -0.09463556 -0.03011672 -0.1068165 -0.08167167 1.20305 
1311868168.763305 0.4195494 -0.009622764 -0.1164638 -0.04652409 -0.09923959 -0.07062887 1.131085 
1311868168.799362 0.4199491 -0.01119554 -0.1128675 -0.04804177 -0.1017462 -0.06977632 1.130852 
1311868168.831176 0.4201728 -0.01316174 -0.1086016 -0.04928464 -0.1047164 -0.0688492 1.130584 
1311868168.863325 0.4209101 -0.0158514 -0.1047196 -0.04901746 -0.10799 -0.06998036 1.130218 
1311868168.899300 0.4220466 -0.01864804 -0.1015572 -0.04800692 -0.1107718 -0.07280892 1.129814 
1311868168.931215 0.4228394 -0.02128764 -0.09762613 -0.04568936 -0.1130189 -0.0755476 1.129507 
1311868168.963348 0.4232107 -0.02395029 -0.09403016 -0.04309013 -0.1158359 -0.0784245 1.129128 
1311868168.999373 0.424019 -0.02609495 -0.09051454 -0.04003452 -0.119837 -0.08134679 1.128616 
1311868169.031214 0.4251616 -0.03003973 -0.08720573 -0.03815188 -0.1243389 -0.08330433 1.128051 
1311868169.063354 0.4265136 -0.03313172 -0.08336288 -0.03571119 -0.1289645 -0.08405326 1.127556 
1311868169.099339 0.4280734 -0.03636515 -0.07921149 -0.03248915 -0.1338538 -0.08517013 1.127 
1311868169.131247 0.4294925 -0.04002303 -0.07617068 -0.02932004 -0.1388321 -0.0874183 1.126312 
1311868169.163498 0.4307168 -0.0425327 -0.07175203 -0.02619913 -0.1447068 -0.0904953 1.125406 
1311868169.199452 0.4325035 -0.0461952 -0.06734604 -0.02381478 -0.1519699 -0.09397358 1.124216 
1311868169.231354 0.4347097 -0.05012956 -0.06302438 -0.02137896 -0.1594621 -0.09750459 1.122926 
1311868169.263274 0.437195 -0.05403143 -0.05883374 -0.0193288 -0.1667438 -0.1001791 1.121669 
1311868169.299529 0.4388362 -0.05840915 -0.05541773 -0.01752238 -0.1734462 -0.1038751 1.120346 
1311868169.331297 0.4421528 -0.06382889 -0.04989773 -0.01434224 -0.1812683 -0.1086481 1.118699 
1311868169.363470 0.4446843 -0.06822685 -0.04494682 -0.009859019 -0.1883013 -0.1140795 1.117044 
1311868169.399437 0.4468277 -0.07303243 -0.04115494 -0.005545733 -0.1957368 -0.1195514 1.115221 
1311868169.431440 0.4491946 -0.077802 -0.03665623 -0.002121257 -0.204062 -0.1238539 1.11327 
1311868169.463229 0.4535361 -0.08153166 -0.03111522 0.00171691 -0.2130726 -0.1270656 1.111218 
1311868169.499263 0.4574604 -0.08794142 -0.02756031 0.004289923 -0.2204514 -0.1321502 1.109177 
1311868169.531434 0.461203 -0.09324177 -0.02315891 0.007817708 -0.2256826 -0.1371836 1.107494 
1311868169.563501 0.4655034 -0.09866586 -0.01902319 0.01214302 -0.2295666 -0.141848 1.106068 
1311868169.599378 0.4688398 -0.102645 -0.01579968 0.01763538 -0.2323969 -0.1459812 1.104864 
1311868169.631327 0.4700529 -0.1045157 -0.01267243 0.0222705 -0.236311 -0.1496596 1.103457 
1311868169.663240 0.4729464 -0.1074819 -0.01014258 0.02534649 -0.2432037 -0.1523566 1.101523 
1311868169.699466 0.477189 -0.1106306 -0.007898413 0.02700236 -0.2508906 -0.1545321 1.099454 
1311868169.731279 0.4833037 -0.1148563 -0.005707539 0.02813045 -0.2572059 -0.1565358 1.097682 
1311868169.763417 0.4876627 -0.1197602 -0.002566722 0.02834995 -0.2598804 -0.156625 1.097033 
1311868169.799368 0.4905558 -0.1226638 -0.0001141681 0.03063779 -0.2615303 -0.1552216 1.096779 
1311868169.831415 0.4933711 -0.1234293 0.001599683 0.03257058 -0.2636847 -0.1551108 1.096223 
1311868169.863396 0.4972607 -0.1256497 0.003782739 0.03252475 -0.2661621 -0.1557459 1.095536 
1311868169.899390 0.5008554 -0.1282859 0.005721069 0.03257626 -0.2681546 -0.1545924 1.095211 
1311868169.931272 0.5050922 -0.1309154 0.007545292 0.03148331 -0.2687734 -0.1536364 1.095226 
1311868169.963415 0.5087425 -0.1352013 0.0101767 0.0309694 -0.2682593 -0.15153 1.09566 
1311868169.999399 0.5116193 -0.1381118 0.0110656 0.0331685 -0.2670649 -0.1465825 1.09656 
1311868170.031274 0.5147739 -0.137712 0.009569315 0.03473315 -0.266824 -0.1408317 1.097324 
1311868170.063469 0.5176136 -0.1392374 0.009378914 0.03370244 -0.2685532 -0.1378977 1.097307 
1311868170.099394 0.5203591 -0.1431108 0.009621814 0.03442551 -0.2717479 -0.1347099 1.096894 
1311868170.131345 0.5266488 -0.1442776 0.008159065 0.03729612 -0.2749666 -0.1317478 1.096358 
1311868170.163416 0.5319058 -0.1453519 0.006320926 0.03909734 -0.2757624 -0.1308999 1.096197 
1311868170.199317 0.5362871 -0.1455928 0.004977177 0.03948097 -0.275774 -0.1284309 1.096472 
1311868170.231467 0.5404859 -0.14515 0.002839476 0.03926648 -0.2755843 -0.1244872 1.096982 
1311868170.263521 0.5446042 -0.1441974 -0.0005582573 0.03773396 -0.2758389 -0.1220059 1.097251 
1311868170.299432 0.5486037 -0.1453011 -0.002383966 0.03611855 -0.2766079 -0.1241126 1.096875 
1311868170.331325 0.5536022 -0.1437939 -0.005518995 0.03662297 -0.2763286 -0.1265913 1.096645 
1311868170.363400 0.5576787 -0.1415984 -0.009523579 0.03622741 -0.2752838 -0.1288906 1.096653 
1311868170.399421 0.5605867 -0.1394394 -0.01365511 0.03506223 -0.2743949 -0.1326026 1.096471 
1311868170.431288 0.5630754 -0.1367319 -0.01724004 0.03440923 -0.2751771 -0.1361133 1.095866 
1311868170.463383 0.5676145 -0.134416 -0.02064961 0.03324237 -0.277249 -0.139784 1.094917 
1311868170.499476 0.572283 -0.1323855 -0.02306343 0.03220036 -0.2782711 -0.1422438 1.094372 
1311868170.531505 0.5758006 -0.1304201 -0.02629331 0.0307119 -0.2785557 -0.1426545 1.094289 
1311868170.563345 0.5795483 -0.1309494 -0.02920328 0.02921346 -0.2792094 -0.1423505 1.094203 
1311868170.599324 0.5846094 -0.1266391 -0.03278839 0.02952937 -0.2798512 -0.1427319 1.093981 
1311868170.631485 0.5898097 -0.1257394 -0.03451465 0.02728459 -0.2802519 -0.1439978 1.093771 
1311868170.663430 0.5944055 -0.1242597 -0.0365847 0.02565665 -0.2791529 -0.1429907 1.094223 
1311868170.699432 0.5979177 -0.1223022 -0.03979664 0.02296727 -0.2778372 -0.1416039 1.094798 
1311868170.731397 0.6009954 -0.1213729 -0.0427424 0.01996877 -0.2782003 -0.1410455 1.094837 
1311868170.763453 0.6051387 -0.1210674 -0.04454982 0.0164053 -0.2798332 -0.1403587 1.094568 
1311868170.799446 0.6091409 -0.1224603 -0.04577679 0.01412245 -0.2812961 -0.1397251 1.094306 
1311868170.831309 0.613293 -0.1221679 -0.04754534 0.01347591 -0.2819971 -0.1398986 1.094111 
1311868170.863446 0.6178437 -0.1217648 -0.04922239 0.01265422 -0.2831804 -0.1398337 1.093824 
1311868170.899435 0.6227397 -0.1228861 -0.04923831 0.01136767 -0.283613 -0.1389837 1.093834 
1311868170.931374 0.6272477 -0.1235175 -0.05026918 0.01186248 -0.2830634 -0.139049 1.093963 
1311868170.963440 0.6315818 -0.1260547 -0.0499456 0.01383455 -0.2812412 -0.1426115 1.093951 
1311868170.999483 0.6328084 -0.123357 -0.05376337 0.01826712 -0.2790863 -0.1431297 1.09437 
1311868171.031493 0.6364329 -0.1192686 -0.05671445 0.01880641 -0.2816586 -0.1428032 1.093745 
1311868171.063438 0.6406764 -0.119414 -0.05677512 0.0161706 -0.2859866 -0.1444392 1.092448 
1311868171.099448 0.6452345 -0.1200245 -0.05637645 0.01434459 -0.2895405 -0.1450155 1.091461 
1311868171.131477 0.6503957 -0.1202546 -0.05613879 0.01340386 -0.2920387 -0.1454998 1.090742 
1311868171.163447 0.6549788 -0.1203425 -0.05592047 0.01258307 -0.2930483 -0.1464948 1.090348 
1311868171.199444 0.6588235 -0.1206499 -0.05523979 0.01249027 -0.2936295 -0.1472265 1.090094 
1311868171.231391 0.6629328 -0.1194524 -0.05614424 0.01315594 -0.2946966 -0.1484554 1.089632 
1311868171.263404 0.6673794 -0.118545 -0.05580023 0.01268572 -0.296611 -0.1508648 1.088786 
1311868171.299368 0.6710564 -0.1184228 -0.0556731 0.01264254 -0.2989004 -0.1533817 1.087809 
1311868171.331406 0.6759601 -0.117132 -0.05526431 0.01238432 -0.3020595 -0.1553146 1.086664 
1311868171.363479 0.6808022 -0.117378 -0.05438012 0.01172599 -0.3052633 -0.1590596 1.085234 
1311868171.399409 0.6862733 -0.1174757 -0.05327379 0.01194248 -0.3083809 -0.1634645 1.083694 
1311868171.431618 0.6913077 -0.1179083 -0.05182178 0.0120099 -0.3109548 -0.1670476 1.082411 
1311868171.463459 0.6966988 -0.1161635 -0.05186884 0.0120516 -0.3137405 -0.1680806 1.081446 
1311868171.499514 0.7019066 -0.1170089 -0.05075752 0.01014682 -0.3173325 -0.1716972 1.079848 
1311868171.531471 0.7054777 -0.1178033 -0.04791106 0.01117622 -0.3648343 -0.2008188 1.229001 
1311868171.563381 0.7155726 -0.1186024 -0.04668039 0.009780718 -0.3226013 -0.1782107 1.077232 
1311868171.599490 0.7184889 -0.1177006 -0.04504362 0.01112019 -0.3679376 -0.2058755 1.227239 
1311868171.631528 0.7238433 -0.1172711 -0.04338681 0.01038618 -0.3695835 -0.2075015 1.226476 
1311868171.663411 0.7295594 -0.1159762 -0.04250579 0.009640026 -0.3721889 -0.2100465 1.225261 
1311868171.699419 0.7357479 -0.1156703 -0.04041859 0.007956783 -0.3753526 -0.2140585 1.223612 
1311868171.731499 0.7424017 -0.1152536 -0.03796649 0.006456753 -0.3776948 -0.2168339 1.222411 
1311868171.763455 0.7481339 -0.1149221 -0.0357447 0.005115592 -0.3792044 -0.2194588 1.221481 
1311868171.799464 0.7548103 -0.1133977 -0.03349405 0.003509423 -0.3806848 -0.2225 1.220476 
1311868171.831419 0.7614783 -0.1130331 -0.03021739 0.0006995755 -0.3811663 -0.2252746 1.219821 
1311868171.863363 0.766577 -0.1115142 -0.02769825 -0.002345057 -0.3806328 -0.2271796 1.219633 
1311868171.899575 0.7715031 -0.1102454 -0.02500695 -0.00606945 -0.3814186 -0.229275 1.218982 
1311868171.931516 0.7758753 -0.1102529 -0.02207173 -0.009853351 -0.3830681 -0.231186 1.218079 
1311868171.963415 0.7817027 -0.1100023 -0.0190059 -0.0127124 -0.3849092 -0.2323871 1.217243 
1311868171.999580 0.7871673 -0.1101879 -0.01601237 -0.0153389 -0.3853658 -0.2345945 1.216645 
1311868172.031533 0.7920177 -0.109967 -0.01314523 -0.01725021 -0.3849316 -0.2363916 1.216409 
1311868172.063426 0.7956718 -0.108909 -0.01091726 -0.01941221 -0.3850353 -0.2365518 1.216312 
1311868172.099529 0.8008122 -0.1075624 -0.008607334 -0.02290011 -0.3868208 -0.2365082 1.215693 
1311868172.131546 0.8057975 -0.1079229 -0.005855903 -0.02719733 -0.3881764 -0.2364568 1.215183 
1311868172.163558 0.810808 -0.1075764 -0.003377659 -0.0310064 -0.3887903 -0.2365807 1.214871 
1311868172.199781 0.8150654 -0.1076616 -0.0004888718 -0.03474081 -0.388544 -0.2370707 1.214753 
1311868172.231590 0.8186785 -0.1072933 0.001452047 -0.03682858 -0.3879281 -0.2387688 1.214556 
1311868172.263475 0.823097 -0.1067148 0.003829099 -0.03889589 -0.3876399 -0.2408972 1.214163 
1311868172.299544 0.826656 -0.1054014 0.006100085 -0.04142221 -0.3869602 -0.2424368 1.21399 
1311868172.331546 0.8302723 -0.1037322 0.008174442 -0.04438993 -0.3868457 -0.2446576 1.213476 
1311868172.363479 0.8335504 -0.1031693 0.01109812 -0.04863525 -0.3869947 -0.2474172 1.212706 
1311868172.399483 0.8377927 -0.1030496 0.01439831 -0.05246011 -0.3864696 -0.2497829 1.212229 
1311868172.431393 0.8412512 -0.102791 0.01783587 -0.05613664 -0.3840335 -0.2517223 1.212437 
1311868172.463477 0.843964 -0.1017665 0.02082099 -0.05935333 -0.3807085 -0.2550294 1.212641 
1311868172.499467 0.8463189 -0.1012208 0.02422597 -0.06254419 -0.3778751 -0.2589376 1.212539 
1311868172.531606 0.8492663 -0.1009943 0.02792177 -0.06593121 -0.3755393 -0.2611204 1.212617 
1311868172.563601 0.8525414 -0.1005272 0.0316589 -0.07064064 -0.3792978 -0.2645966 1.2308 
1311868172.599590 0.8544362 -0.09861752 0.03495962 -0.07359061 -0.3718825 -0.2615054 1.21322 
1311868172.631587 0.8573123 -0.09797863 0.04149783 -0.0778755 -0.3708393 -0.2629958 1.21295 
1311868172.663612 0.8605203 -0.09849165 0.04669552 -0.08400599 -0.3749311 -0.2663365 1.230923 
1311868172.699619 0.8626542 -0.09758665 0.05237094 -0.09007485 -0.3721193 -0.2658253 1.231458 
1311868172.731555 0.8647477 -0.09718546 0.05820629 -0.09725692 -0.3695279 -0.2651428 1.231839 
1311868172.763469 0.8661977 -0.09718866 0.06469401 -0.1053642 -0.3665105 -0.2650887 1.232085 
1311868172.799623 0.867164 -0.09644087 0.07099615 -0.1118177 -0.3634442 -0.2663441 1.232154 
1311868172.831632 0.8686481 -0.09594785 0.07664925 -0.1171331 -0.361367 -0.2690332 1.231687 
1311868172.863483 0.869275 -0.09520767 0.08279174 -0.1216952 -0.3596543 -0.2701361 1.231504 
1311868172.899539 0.8694243 -0.09460491 0.08851692 -0.1257645 -0.35936 -0.2711762 1.230953 
1311868172.931607 0.8702125 -0.09552092 0.09461981 -0.1293066 -0.3601934 -0.2729027 1.22996 
1311868172.963571 0.8700863 -0.09727998 0.1011943 -0.1325487 -0.3602923 -0.2742829 1.229279 
1311868172.999602 0.8705859 -0.09954414 0.1072152 -0.1332751 -0.3603622 -0.276289 1.228731 
1311868173.031458 0.8720595 -0.1016392 0.1127148 -0.1333814 -0.3594229 -0.2788281 1.228421 
1311868173.067546 0.8730905 -0.1040345 0.1181354 -0.1342709 -0.3572224 -0.2805515 1.228573 
1311868173.099605 0.872634 -0.1055733 0.123238 -0.1349362 -0.3549269 -0.2814064 1.22897 
1311868173.131499 0.8735477 -0.1067514 0.1277481 -0.1364526 -0.3545299 -0.2826982 1.228621 
1311868173.167457 0.8730318 -0.1100147 0.1335111 -0.1387677 -0.3549016 -0.2855274 1.227599 
1311868173.199628 0.8716738 -0.1139992 0.1386591 -0.1379965 -0.3551391 -0.2894593 1.226696 
1311868173.231487 0.8733665 -0.1178041 0.1424135 -0.1344024 -0.3564371 -0.2937018 1.22571 
1311868173.267665 0.8739541 -0.1225029 0.1465849 -0.1316945 -0.3557607 -0.2961825 1.225604 
1311868173.299659 0.8749609 -0.1244693 0.1497768 -0.1286081 -0.3541737 -0.2932101 1.227105 
1311868173.331533 0.8759267 -0.1251275 0.1528338 -0.127691 -0.3544627 -0.2894276 1.228015 
1311868173.367650 0.8761968 -0.1270111 0.1567577 -0.1285964 -0.3566257 -0.2876634 1.227709 
1311868173.399596 0.8771307 -0.1298389 0.1607625 -0.1285921 -0.3594289 -0.287017 1.227043 
1311868173.431624 0.8798116 -0.1335584 0.1638508 -0.1276204 -0.3614811 -0.2873341 1.226467 
1311868173.467604 0.8813344 -0.13672 0.1678295 -0.1265546 -0.3618749 -0.2869051 1.226562 
1311868173.499703 0.8828216 -0.1384775 0.1713388 -0.1248163 -0.362178 -0.2847256 1.227158 
1311868173.531628 0.8852975 -0.1393413 0.17477 -0.1246941 -0.363968 -0.2828034 1.227085 
1311868173.567616 0.8873001 -0.1413628 0.1790003 -0.1265342 -0.3660368 -0.2818446 1.226502 
1311868173.599612 0.8890262 -0.1434456 0.1834698 -0.1281005 -0.3677264 -0.2810162 1.226024 
1311868173.631603 0.8905723 -0.1444371 0.1879511 -0.1287011 -0.3691993 -0.2812692 1.22546 
1311868173.667986 0.8912115 -0.1462651 0.1927574 -0.1286452 -0.3709596 -0.2820348 1.224759 
1311868173.699670 0.892368 -0.1479288 0.1973019 -0.1284549 -0.3741342 -0.2815868 1.223916 
1311868173.731607 0.893317 -0.1490316 0.2016539 -0.127413 -0.3788783 -0.28237 1.222384 
1311868173.767623 0.8952412 -0.1523946 0.2054243 -0.1266186 -0.384463 -0.285038 1.220101 
1311868173.799549 0.8964716 -0.1567876 0.2092256 -0.124811 -0.3896169 -0.2868471 1.218227 
1311868173.831620 0.8980435 -0.1583004 0.2130692 -0.1209971 -0.3959133 -0.2874906 1.216429 
1311868173.867507 0.9009195 -0.1608861 0.2164428 -0.1177394 -0.4041846 -0.2908277 1.213231 
1311868173.899575 0.9040013 -0.1651013 0.2193774 -0.1144923 -0.4120632 -0.2965865 1.209491 
1311868173.931642 0.9072386 -0.1691596 0.2228313 -0.1097365 -0.4189396 -0.3028987 1.206001 
1311868173.967631 0.909917 -0.1723027 0.2255325 -0.1036868 -0.4250503 -0.3093382 1.202759 
1311868173.999745 0.9136638 -0.1749343 0.2289738 -0.0974282 -0.4321309 -0.3159532 1.199034 
1311868174.031740 0.9180151 -0.178718 0.2320186 -0.09332554 -0.4393246 -0.3212816 1.195324 
1311868174.067656 0.922002 -0.1832001 0.2357556 -0.09150679 -0.4457964 -0.3237228 1.192407 
1311868174.099508 0.9267997 -0.1863695 0.2396004 -0.08995996 -0.4520675 -0.3247911 1.18987 
1311868174.131747 0.9323175 -0.1912678 0.2439056 -0.08986368 -0.4577265 -0.3272792 1.187029 
1311868174.167874 0.9353104 -0.1969678 0.2480497 -0.08843033 -0.4610991 -0.3303577 1.184976 
1311868174.199805 0.9397864 -0.1996345 0.2523816 -0.08475056 -0.4641254 -0.3317241 1.183681 
1311868174.231617 0.9431005 -0.2024179 0.2566656 -0.0819205 -0.4668958 -0.3338939 1.18218 
1311868174.267791 0.9474699 -0.2048202 0.2602066 -0.07908693 -0.4702547 -0.335759 1.180512 
1311868174.299749 0.9514089 -0.2072124 0.2639144 -0.07686099 -0.4733323 -0.337828 1.178838 
1311868174.331790 0.9552272 -0.2091122 0.2672307 -0.07579582 -0.4766309 -0.3393319 1.177145 
1311868174.367988 0.9585586 -0.2114513 0.2710138 -0.07598371 -0.4802372 -0.3408733 1.17522 
1311868174.399743 0.9618148 -0.2142467 0.2743833 -0.07572242 -0.4835206 -0.3430666 1.173251 
1311868174.431786 0.9647435 -0.2159169 0.2776725 -0.07539867 -0.4864054 -0.3440044 1.171804 
1311868174.467566 0.9658174 -0.2161121 0.2807797 -0.07494961 -0.4893739 -0.3442155 1.170534 
1311868174.499672 0.9680256 -0.2172589 0.2838072 -0.07439272 -0.494416 -0.3451799 1.168164 
1311868174.531708 0.970375 -0.2194489 0.2865272 -0.07439639 -0.4993286 -0.3465545 1.165665 
1311868174.567585 0.9722406 -0.2213421 0.2893291 -0.07463645 -0.5030774 -0.3459988 1.164201 
1311868174.599662 0.9736911 -0.2231919 0.2923103 -0.07494273 -0.5062635 -0.3446929 1.163188 
1311868174.631772 0.9749302 -0.2261143 0.2956771 -0.07560856 -0.5088211 -0.3424383 1.162694 
1311868174.667800 0.975033 -0.2282207 0.2990274 -0.07573497 -0.5105631 -0.3387696 1.162997 
1311868174.699578 0.9749197 -0.2303009 0.3020192 -0.07533041 -0.5127037 -0.3357742 1.16295 
1311868174.731625 0.9743251 -0.2345584 0.3051298 -0.07401589 -0.5151651 -0.3347047 1.162255 
1311868174.767680 0.9739774 -0.2384827 0.307593 -0.07036793 -0.5172335 -0.3340555 1.16175 
1311868174.799810 0.9740468 -0.2413647 0.3102233 -0.06634866 -0.5191065 -0.3319414 1.161757 
1311868174.831815 0.9735841 -0.2453665 0.3124558 -0.06327636 -0.5209341 -0.3300491 1.161649 
1311868174.867798 0.9726052 -0.2473381 0.3153034 -0.05874652 -0.5226662 -0.3281669 1.161642 
1311868174.899678 0.9726845 -0.2527734 0.3179664 -0.0552619 -0.5237903 -0.3271025 1.161607 
1311868174.931819 0.9712309 -0.2564264 0.3206621 -0.05094644 -0.5227336 -0.3253052 1.162785 
1311868174.967694 0.969774 -0.2591758 0.3227763 -0.04592427 -0.5213682 -0.3223625 1.164425 
1311868174.999803 0.9675035 -0.2612963 0.3249212 -0.04163258 -0.5208597 -0.3205871 1.165304 
1311868175.031665 0.9655888 -0.2663597 0.325892 -0.03780845 -0.521113 -0.3209631 1.165218 
1311868175.067713 0.9641214 -0.2712586 0.3271107 -0.03330185 -0.5210153 -0.3216156 1.165219 
1311868175.099631 0.9609041 -0.2735616 0.3288207 -0.02891239 -0.5204305 -0.3211772 1.165718 
1311868175.131719 0.9556032 -0.2790674 0.33046 -0.02484423 -0.5207376 -0.3213109 1.165638 
1311868175.167807 0.9496376 -0.2879642 0.3313112 -0.01830759 -0.522076 -0.323221 1.164632 
1311868175.199578 0.9448985 -0.2972425 0.3335095 -0.006073745 -0.5239483 -0.3242333 1.163637 
1311868175.231818 0.944616 -0.3009443 0.3360095 0.009070045 -0.435597 -0.2660607 0.963741 
1311868175.267750 0.9422371 -0.3027832 0.3376261 0.02559209 -0.5263653 -0.3159878 1.164549 
1311868175.299978 0.9409727 -0.3028749 0.3401238 0.02806645 -0.4388669 -0.2539596 0.9651552 
1311868175.331887 0.9392233 -0.3024519 0.3432511 0.02997457 -0.4433919 -0.2469354 0.9648524 
1311868175.367738 0.9366142 -0.3066021 0.3475127 0.02846344 -0.4486889 -0.2416555 0.9637856 
1311868175.400048 0.9339164 -0.3111727 0.352506 0.02857154 -0.4530363 -0.2370912 0.9628819 
1311868175.431994 0.9319156 -0.3157787 0.3573369 0.03047061 -0.4562225 -0.233023 0.9623123 
1311868175.467702 0.9293063 -0.3192428 0.3614493 0.03467905 -0.4575964 -0.2288727 0.9625135 
1311868175.499770 0.9279258 -0.321437 0.3657984 0.04051753 -0.4587811 -0.2246531 0.9627156 
1311868175.531778 0.9261751 -0.3224936 0.3691725 0.04469314 -0.4599742 -0.2204395 0.9629355 
1311868175.567800 0.9244112 -0.3234744 0.3725749 0.04602585 -0.4625765 -0.2158542 0.9626649 
1311868175.599867 0.9232306 -0.3266731 0.3760525 0.04582277 -0.4667018 -0.2132783 0.9612565 
1311868175.631778 0.9247943 -0.3358536 0.3781351 0.04553182 -0.4706213 -0.2130094 0.9594173 
1311868175.667696 0.9242447 -0.3441841 0.3797915 0.04753393 -0.4719945 -0.2152967 0.9581341 
1311868175.699784 0.9232884 -0.3472088 0.3834349 0.05192467 -0.4728442 -0.2145252 0.9576602 
1311868175.731708 0.9243166 -0.3528731 0.3856884 0.05471765 -0.4741857 -0.2144635 0.9568549 
1311868175.767584 0.9237618 -0.3590776 0.3880046 0.05650122 -0.4764277 -0.215488 0.9554063 
