1311877812.989574 0 0 0 0 0 0 1 
1311877813.025527 -2.212762e-05 1.707107e-05 3.927353e-05 8.137829e-06 -8.431141e-06 2.485505e-05 1 
1311877813.057556 -2.212762e-05 1.707107e-05 3.927353e-05 8.137829e-06 -8.431141e-06 2.485505e-05 1 
1311877813.089405 -5.161016e-06 -8.346072e-05 -1.733979e-05 -3.265108e-05 7.047263e-06 2.449607e-05 1 
1311877813.125501 -1.433764e-05 -6.106145e-06 2.532743e-05 3.31067e-05 -2.883049e-05 3.265944e-05 1 
1311877813.157587 -9.021533e-06 -9.70087e-05 -8.086666e-06 -1.782135e-05 -7.25961e-06 1.847248e-05 1 
1311877813.189508 -5.796358e-05 -0.0001219128 -6.254883e-05 -4.327208e-05 2.043336e-05 1.655493e-05 1 
1311877813.225602 -2.896225e-05 6.83683e-05 3.571007e-05 3.699155e-05 6.146383e-07 1.288457e-05 1 
1311877813.257576 1.051722e-06 3.362109e-06 1.86526e-05 1.058153e-05 7.383333e-07 -1.740547e-05 1 
1311877813.289732 -1.347713e-05 -0.0001559052 -3.11865e-05 -7.140091e-05 9.052464e-06 1.60248e-05 1 
1311877813.325436 6.47454e-06 -8.70178e-05 -2.550665e-05 -2.062183e-05 -1.531082e-05 5.478219e-06 1 
1311877813.357541 1.511649e-06 -5.748019e-05 3.61632e-06 -1.918941e-06 4.888139e-06 2.03882e-05 1 
1311877813.389768 1.656333e-05 -1.163692e-05 -2.923201e-05 8.985284e-06 -1.286078e-05 3.078285e-06 1 
1311877813.425359 -3.203473e-06 3.878471e-05 1.664654e-05 1.93887e-05 -2.120198e-06 9.862164e-06 1 
1311877813.457628 -4.536722e-06 -4.09568e-05 2.424932e-05 -2.230633e-05 5.880664e-06 -4.884412e-06 1 
1311877813.489875 -7.543791e-05 -9.817316e-05 -3.717249e-05 -6.300383e-05 2.076987e-05 2.080505e-05 1 
1311877813.525557 1.04057e-05 -1.123566e-05 1.87475e-05 -3.014044e-06 1.829285e-07 4.354877e-06 1 
1311877813.557676 -6.758584e-06 -4.52163e-05 6.04767e-06 -1.353892e-05 -9.358746e-06 2.621305e-05 1 
1311877813.594080 -1.922518e-05 -0.0001426158 -3.078692e-05 -7.04034e-05 1.035987e-05 -7.251627e-06 1 
1311877813.625559 -2.670354e-05 6.185174e-05 4.743544e-05 3.096393e-05 4.67851e-06 9.160842e-06 1 
1311877813.657668 2.617277e-05 7.67357e-07 3.564062e-05 -4.038859e-06 -1.32077e-05 3.420902e-06 1 
1311877813.695494 -4.617584e-05 -4.168482e-05 4.307426e-06 -3.956236e-05 1.148205e-05 3.410408e-06 1 
1311877813.725503 2.625966e-05 -8.292163e-05 -6.216233e-06 -5.510452e-05 -1.156366e-05 3.145523e-06 1 
1311877813.757694 3.305343e-05 -0.0001400074 1.091964e-05 -4.707152e-05 1.170125e-05 -3.625865e-05 1 
1311877813.792881 0.0001485221 -0.0001119609 -8.15919e-05 -5.722677e-05 6.511317e-05 4.516122e-05 1 
1311877813.825509 0.000404912 -5.824548e-05 -8.987834e-05 -8.601885e-05 0.0001872392 0.000189211 1 
1311877813.857587 0.0002515883 3.921325e-05 -1.239224e-05 -6.492978e-05 0.0005379066 -3.490297e-05 0.9999999 
1311877813.893854 0.0002138378 -4.751992e-05 -3.045222e-05 -0.0001292094 0.0006732727 -2.358715e-05 0.9999998 
1311877813.925565 0.0001913317 9.504387e-05 -1.35692e-05 -5.703762e-05 0.0008118755 -4.113985e-05 0.9999997 
1311877813.957675 0.0001142228 -9.317586e-05 -5.454328e-05 -0.0001539149 0.0009970304 1.667627e-05 0.9999995 
1311877813.991666 0.0003232955 -6.485022e-05 -4.462451e-05 -0.0001721879 0.001089516 0.0001275439 0.9999994 
1311877814.025472 0.001283384 -0.0003774677 -0.0001830665 -0.0004014551 0.000969127 8.87662e-05 0.9999994 
1311877814.057698 0.001110132 -0.001134395 -0.0002530454 -0.0006654097 0.001644782 -1.662054e-05 0.9999984 
1311877814.092773 9.205609e-05 -0.0005232829 -0.000380044 -0.0003058687 0.003014818 0.0001064633 0.9999954 
1311877814.125650 0.0007544077 -0.0002442273 -0.0004341278 -0.0002302286 0.003916742 0.0001999522 0.9999923 
1311877814.157619 0.001622886 -0.0004379814 -0.0003676696 -0.0003422866 0.004733833 0.0003617552 0.9999887 
1311877814.192280 0.0007619977 -0.001580094 -0.0006351614 -0.0006053787 0.006360366 0.000118497 0.9999796 
1311877814.225379 0.002327439 0.000445952 -0.0006810458 8.859018e-05 0.00734454 0.0004403207 0.9999729 
1311877814.257640 0.003584185 -0.0006879995 -0.0001808559 -0.0008612031 0.008069091 0.0008400915 0.9999667 
1311877814.294990 0.006834793 0.0003500688 -3.784599e-05 6.817476e-06 0.007708949 0.0007235283 0.99997 
1311877814.325398 0.006602365 -0.0002855108 -2.771995e-05 -0.0005324607 0.009006604 0.0008531794 0.9999589 
1311877814.357691 0.007216545 -0.001414901 -0.0005632535 -0.001045368 0.0102346 0.001027882 0.9999466 
1311877814.392353 0.00372749 -0.002834122 -0.001337886 -0.001625182 0.01358053 0.001350644 0.9999055 
1311877814.425457 0.004499308 -0.002368279 -0.00141892 -0.001224559 0.01512707 0.00147903 0.9998837 
1311877814.459596 0.008849246 -0.001741136 -0.0009295414 -0.0009030992 0.01512645 0.001705295 0.9998837 
1311877814.493033 0.007246506 -0.001227808 -0.001054549 -0.0007404715 0.0177979 0.001796257 0.9998397 
1311877814.525561 0.00689834 -0.003174975 -0.001676613 -0.001643103 0.02002464 0.002084108 0.999796 
1311877814.557521 0.0130369 -0.002498344 -0.001275576 -0.001448186 0.01926764 0.002238657 0.9998108 
1311877814.592543 0.01325372 -0.001232107 -0.0009050108 -0.0009232273 0.02096838 0.002501779 0.9997766 
1311877814.625509 0.009234499 0.0005327722 -0.000742761 1.214604e-05 0.02466312 0.002731671 0.9996921 
1311877814.657598 0.009615576 -0.004185478 -0.001995721 -0.002411693 0.0260911 0.002793324 0.9911456 
1311877814.691422 0.01096849 -0.000587166 -0.0008873181 -0.0006274294 0.02768641 0.00312566 0.9996116 
1311877814.725391 0.01707051 -0.003304128 -0.001913891 -0.001774318 0.02655478 0.003511375 0.9911323 
1311877814.762696 0.02156433 -0.002615994 -0.001682868 -0.001559172 0.02644827 0.003316867 0.9911362 
1311877814.791103 0.0184218 -0.003629383 -0.001977009 -0.001986916 0.02976272 0.003565419 0.9910406 
1311877814.825412 0.01969173 -0.002240862 -0.001577102 -0.001106748 0.03126323 0.003838225 0.9909947 
1311877814.859231 0.02668288 0.0001623303 -0.000706179 -0.0001580611 0.03000556 0.004100353 0.9910332 
1311877814.891052 0.02530132 0.0002934105 -0.0008210777 -0.0001801241 0.03262269 0.004290938 0.9909497 
1311877814.925510 0.01940695 -0.003580938 -0.002187432 -0.002020437 0.03719275 0.004716968 0.9907847 
1311877814.959872 0.01782728 -0.002023745 -0.001819906 -0.001494708 0.03972471 0.004900184 0.9906864 
1311877814.991205 0.02925411 0.00116243 -0.000591837 0.000227187 0.03637338 0.004981005 0.9908158 
1311877815.025449 0.01612634 -0.004434755 -0.002638541 -0.002455341 0.04448939 0.00541393 0.9904793 
1311877815.060025 0.02230673 -0.002475008 -0.001854342 -0.001625299 0.04363937 0.005605571 0.9905178 
1311877815.092158 0.02309146 -0.001169347 -0.001646225 -0.001162643 0.04525144 0.00584979 0.9904447 
1311877815.125416 0.03329845 0.002093256 -0.0003539015 0.0006260622 0.04255656 0.005935026 0.9905641 
1311877815.163400 0.02600975 -0.002142144 -0.002100387 -0.001401943 0.04816439 0.006111876 0.9903054 
1311877815.191571 0.02468762 -0.001352669 -0.001959745 -0.001047341 0.05082609 0.006496793 0.9901704 
1311877815.225555 0.03534742 0.0002540278 -0.0009797927 -0.000252326 0.04805408 0.006445024 0.9903096 
1311877815.261250 0.02891921 0.001916642 -0.0009981074 0.0005290898 0.05303523 0.006857836 0.9900525 
1311877815.291605 0.02981038 -0.000344709 -0.00150658 -0.0006890506 0.05461678 0.007027348 0.9899652 
1311877815.325427 0.03292706 0.001962947 -0.0007354009 0.0008526377 0.05507683 0.007215717 0.9899382 
1311877815.360528 0.03274425 0.006102402 0.0001758213 0.002896388 0.05717254 0.007457511 0.9898137 
1311877815.392278 0.03522224 0.004227313 -0.0002697585 0.001758373 0.05796594 0.007612269 0.9897691 
1311877815.425559 0.03076381 0.00276023 -0.000887251 0.0009144498 0.06199274 0.007854346 0.9895243 
1311877815.461537 0.03839645 0.002321938 -0.0006699218 0.0007748147 0.06094271 0.007794305 0.9895901 
1311877815.491356 0.03872992 0.005040529 -1.107611e-05 0.002062432 0.06342952 0.008289795 0.9894279 
1311877815.525476 0.03456652 0.001782349 -0.001590607 0.0005702292 0.06857585 0.008459228 0.9983217 
1311877815.559086 0.03903765 0.006102436 0.0002619716 0.002606498 0.06855151 0.008699858 0.9890815 
1311877815.591254 0.03719566 0.003102152 -0.00123071 0.001281771 0.0728058 0.008917462 0.9980175 
1311877815.626326 0.04394141 0.005280067 -0.0005610489 0.002296902 0.07253429 0.00913707 0.9980335 
1311877815.661978 0.04139602 0.005902878 -0.0002969331 0.002529626 0.0763721 0.009599847 0.9977422 
1311877815.691679 0.02168375 -0.008510407 -0.002802497 -0.003722126 0.08796678 0.01059699 0.996773 
1311877815.725655 0.007299239 -0.02617084 -0.006706795 -0.0118088 0.09685886 0.01124736 0.9958781 
1311877815.759140 0.02278381 -0.007412872 -0.002728096 -0.003518347 0.09243403 0.01106636 0.9963643 
1311877815.792670 0.03116007 -0.0033599 -0.00165232 -0.001595362 0.09117806 0.0111136 0.9964845 
1311877815.825424 0.02880119 -0.003412144 -0.001035976 -0.001537688 0.09493114 0.01166076 0.9961278 
1311877815.862646 0.02511473 -0.00757861 -0.002625115 -0.003484514 0.09912708 0.01179849 0.9957124 
1311877815.891448 0.02710111 -0.006710212 -0.001702028 -0.003014696 0.1008756 0.01211841 0.9955345 
1311877815.925456 0.03032172 -0.003095525 -0.001253433 -0.001187408 0.1020236 0.01238978 0.995418 
1311877815.959475 0.03047894 -0.00315461 -0.0007529199 -0.001184911 0.1046625 0.01262468 0.9951411 
1311877815.991435 0.02342096 -0.006792526 -0.002720341 -0.00235179 0.1104993 0.01278378 0.9945058 
1311877816.031231 0.0146181 -0.01109312 -0.003458978 -0.008194817 0.1184098 0.01382597 0.9966204 
1311877816.059862 0.02956364 -0.009466438 -0.001717575 -0.003933391 0.1143174 0.01337261 0.9971302 
1311877816.091086 0.02712598 -0.002536765 -0.003257211 0.0003945711 0.1182708 0.01359683 0.9966737 
1311877816.129751 0.01798595 -0.007682358 -0.002778478 -0.003721144 0.1245563 0.01461452 0.9958864 
1311877816.158967 0.02095413 -0.007989441 -0.003173624 -0.003310109 0.1248475 0.01416814 0.9958578 
1311877816.191596 0.006156425 -0.01905572 -0.004641668 -0.008074023 0.1345177 0.01522459 0.9945549 
1311877816.228832 0.001246006 -0.02432507 -0.005073743 -0.01024701 0.1386989 0.0155979 0.9939546 
1311877816.259033 0.006105224 -0.01668165 -0.003928851 -0.007491077 0.13881 0.01585287 0.9939596 
1311877816.293882 0.002683622 -0.01836665 -0.004151192 -0.008293737 0.1427272 0.01609602 0.9933944 
1311877816.327025 0.006229728 -0.01738809 -0.003230565 -0.007711432 0.1438757 0.0162088 0.9932316 
1311877816.359068 0.005964942 -0.01765928 -0.003540402 -0.008028824 0.1466983 0.0163897 0.9928131 
1311877816.391086 0.006932319 -0.01627552 -0.002964359 -0.007440812 0.1491169 0.01659006 0.992454 
1311877816.427148 0.002043477 -0.01769094 -0.002970284 -0.007674281 0.1539609 0.01700303 0.9917053 
1311877816.458937 0.004980609 -0.01989998 -0.003407545 -0.008286315 0.1553786 0.01716296 0.9914765 
1311877816.491236 0.003349261 -0.01841323 -0.003028841 -0.007736281 0.1586678 0.01766589 0.9909511 
1311877816.527392 0.001621528 -0.01743683 -0.002747935 -0.007384698 0.1619257 0.01793176 0.9904218 
1311877816.559041 0.000390858 -0.01931406 -0.002525487 -0.008220678 0.1651426 0.01820175 0.989879 
1311877816.591873 -0.0006637888 -0.01917927 -0.002500063 -0.008209188 0.1684048 0.01852055 0.9893234 
1311877816.629076 -0.003775363 -0.02211939 -0.002703958 -0.009866259 0.1723992 0.0187513 0.9886157 
1311877816.658934 -0.005673554 -0.02085431 -0.002301577 -0.00878864 0.1761948 0.01888032 0.987954 
1311877816.691439 -0.003744958 -0.01990814 -0.001737153 -0.008560295 0.1781237 0.01920548 0.9876038 
1311877816.726857 -0.01608621 -0.0245627 -0.003288326 -0.01044561 0.1893055 0.01941004 0.9984741 
1311877816.759105 -0.005935821 -0.02121651 -0.001510281 -0.008060521 0.1851704 0.01972424 0.9863008 
1311877816.791506 -0.01034476 -0.01857396 -0.002692521 -0.00736773 0.1927532 0.02034117 0.9978232 
1311877816.828557 -0.00920674 -0.01827005 -0.002440023 -0.007502653 0.1952368 0.02046883 0.9973366 
1311877816.858947 0.0008670098 -0.0113825 -0.0006932377 -0.004479968 0.1941579 0.02074745 0.9975596 
1311877816.891247 -0.00757431 -0.01685977 -0.001241513 -0.007071086 0.201408 0.02101176 0.9961005 
1311877816.929176 -0.00389855 -0.01495283 -0.0005152323 -0.006193818 0.2033963 0.02121824 0.9956979 
1311877816.958997 -0.01181204 -0.01934676 -0.0002583396 -0.008044346 0.2104747 0.02174724 0.994201 
1311877816.990936 -0.004787973 -0.01271638 0.001104103 -0.004766559 0.2106702 0.02213218 0.9941722 
1311877817.026998 -0.007191979 -0.01311542 0.001290951 -0.004905818 0.215098 0.02252947 0.993214 
1311877817.061412 -0.005853606 -0.01350945 0.001675431 -0.0050202 0.2177437 0.0228486 0.9926295 
1311877817.091883 0.000694144 -0.006890493 0.002899396 -0.001410849 0.2180023 0.02321062 0.992576 
1311877817.128643 -0.0006795368 -0.008994363 0.002499779 -0.00248192 0.2220663 0.02359274 0.9916636 
1311877817.159103 0.002722957 -0.004862902 0.003799929 -0.000513647 0.2241369 0.02413527 0.9911876 
1311877817.191182 -0.01578368 -0.02076898 0.001895011 -0.007584766 0.2360817 0.02425154 0.9883788 
1311877817.230681 -0.01994076 -0.02283863 0.003050984 -0.008715693 0.2416461 0.02462167 0.9870147 
1311877817.259016 -0.01669982 -0.01772281 0.003401771 -0.006078005 0.2430021 0.02514093 0.9866883 
1311877817.289275 -0.006878189 -0.01668077 0.002788157 -0.005563242 0.2415058 0.0251453 0.9870586 
1311877817.327038 -0.01501356 -0.01632398 0.003757025 -0.005148087 0.248346 0.02579754 0.9853452 
1311877817.359164 -0.01443015 -0.01461365 0.004283687 -0.004092674 0.2513145 0.02645622 0.9845798 
1311877817.389602 -0.0191373 -0.02135195 0.004761936 -0.006800426 0.2535663 0.0261803 0.9714884 
1311877817.430327 -0.01380979 -0.0136839 0.004525003 -0.00352745 0.2574127 0.02716189 0.982986 
1311877817.461130 -0.01693109 -0.02050969 0.005081763 -0.006209789 0.2591665 0.02680133 0.9699965 
1311877817.489446 -0.01284653 -0.01587947 0.005318731 -0.004058134 0.2606511 0.02714961 0.9696003 
1311877817.526989 -0.006378673 -0.01822058 0.004304491 -0.005345206 0.2612337 0.0270554 0.9694399 
1311877817.559906 -0.01029638 -0.01586852 0.004852927 -0.004277218 0.2663979 0.02766983 0.9680215 
1311877817.589557 -0.0108748 -0.01599506 0.00490753 -0.003920137 0.2702635 0.02806022 0.9669396 
1311877817.627174 -0.0106938 -0.01663487 0.004854259 -0.004326874 0.2736338 0.02843757 0.9659785 
1311877817.661206 -0.007155793 -0.01529526 0.004641603 -0.003794479 0.275358 0.02890498 0.9654767 
1311877817.689455 -0.00784922 -0.01579236 0.004631488 -0.003936956 0.2787392 0.02929513 0.9644937 
1311877817.728646 -0.002867938 -0.0148711 0.004271151 -0.003210968 0.2796316 0.02925685 0.9642392 
1311877817.759971 -0.007839055 -0.01705094 0.004170356 -0.003745467 0.285445 0.02958252 0.9625223 
1311877817.789376 -0.006001126 -0.01595501 0.004089309 -0.003335087 0.2883445 0.03008824 0.9616435 
1311877817.829434 -0.004490489 -0.01458404 0.004202097 -0.002783849 0.2913433 0.03057018 0.9607258 
1311877817.859349 -0.001358381 -0.01356611 0.004065577 -0.002586167 0.2936304 0.03089418 0.9600194 
1311877817.889415 -0.0002107491 -0.01347185 0.004851218 -0.002676197 0.2971017 0.03110841 0.9589437 
1311877817.926799 0.002768006 -0.01211955 0.004709684 -0.001957819 0.2996605 0.03159492 0.958133 
1311877817.958901 -0.01577632 -0.0218954 0.009694471 -0.006272833 0.3099488 0.03151103 0.9457661 
1311877817.989532 -0.0009410832 -0.01508781 0.006026809 -0.003299811 0.3088538 0.0323298 0.9551809 
1311877818.028421 -0.01287918 -0.02095233 0.009767446 -0.005705239 0.3153397 0.03219568 0.9439629 
1311877818.061678 -0.01140681 -0.02078045 0.009495412 -0.005356069 0.3181604 0.03231172 0.943014 
1311877818.089521 -0.01068194 -0.02027203 0.009544632 -0.004826947 0.3214653 0.03280061 0.9418785 
1311877818.126862 -0.00944731 -0.02009912 0.009154455 -0.004632632 0.3243767 0.03302253 0.940873 
1311877818.158877 -0.008461789 -0.01998895 0.009045303 -0.004740135 0.3276715 0.03339616 0.9397168 
1311877818.189435 -0.005755718 -0.01992085 0.008597701 -0.004657443 0.3303834 0.0337146 0.9387559 
1311877818.229512 -0.005337195 -0.01991635 0.008480667 -0.004653694 0.3344373 0.03403471 0.9373078 
1311877818.258707 -0.00415714 -0.01988138 0.008746017 -0.004624823 0.3382098 0.03456606 0.9359338 
1311877818.289499 -0.002238428 -0.01950226 0.008454234 -0.00452776 0.341554 0.03509328 0.9346994 
1311877818.327377 -0.001105356 -0.01940233 0.008514665 -0.004632176 0.3450865 0.0354169 0.9333882 
1311877818.359023 0.002075293 -0.01879882 0.00764288 -0.00422153 0.347722 0.03575294 0.9323988 
1311877818.389510 0.001764554 -0.01896326 0.007803414 -0.004166959 0.3521266 0.03608738 0.9307316 
1311877818.428147 0.003754832 -0.018433 0.007237908 -0.003962187 0.3554712 0.03663086 0.929439 
1311877818.457861 0.005539389 -0.01852063 0.007183898 -0.004122343 0.3586229 0.03706181 0.9282097 
1311877818.489980 0.008977137 -0.01792182 0.006288047 -0.003947193 0.3608594 0.03730826 0.9273333 
1311877818.528357 0.0106202 -0.01765741 0.005579111 -0.003762473 0.3642333 0.03757415 0.9260034 
1311877818.557713 0.0146888 -0.01680937 0.004458805 -0.003306697 0.3666063 0.03820904 0.9250422 
1311877818.589458 0.01545227 -0.01695816 0.003954018 -0.003472191 0.3702211 0.03877589 0.9235772 
1311877818.629385 0.01495989 -0.0171157 0.00478684 -0.00375692 0.3742928 0.03915184 0.9219176 
1311877818.657559 0.004517755 -0.01938593 0.009297571 -0.004619281 0.3713077 0.03828432 0.8896732 
1311877818.689838 0.01802693 -0.01664543 0.004432774 -0.003562669 0.3806657 0.0399053 0.9192729 
1311877818.727990 0.008503699 -0.01845131 0.007732427 -0.00406701 0.3771353 0.03923743 0.8871796 
1311877818.757401 0.009434912 -0.01871985 0.007498938 -0.004359713 0.3803723 0.03959585 0.8857792 
1311877818.789311 0.01167746 -0.0185628 0.006461551 -0.004416006 0.3828945 0.04008169 0.8846697 
1311877818.827226 0.01201989 -0.01883814 0.006687822 -0.004487544 0.3863688 0.04038257 0.8831438 
1311877818.857457 0.01410035 -0.01859478 0.005773161 -0.004133113 0.3891497 0.04067005 0.8819105 
1311877818.889444 0.01620718 -0.01837685 0.004708788 -0.004197722 0.3921243 0.04139845 0.8805577 
1311877818.928459 0.01741948 -0.01831273 0.00425902 -0.004129679 0.3954117 0.04176999 0.8790691 
1311877818.957439 0.01765712 -0.01842787 0.004641111 -0.004148189 0.3992631 0.04226141 0.877303 
1311877818.989328 0.009730432 -0.01944379 0.009481422 -0.004149966 0.3839732 0.04035078 0.8232432 
1311877819.026798 0.01928278 -0.0183554 0.004423073 -0.004305274 0.4063853 0.04322301 0.8739788 
1311877819.057291 0.01191238 -0.01945107 0.008674656 -0.004208441 0.3902696 0.04121743 0.8202337 
1311877819.089308 0.01338868 -0.01940059 0.00795162 -0.004331282 0.3933465 0.04164631 0.8187403 
1311877819.129339 0.01467031 -0.01946228 0.007476434 -0.004330673 0.39664 0.04215736 0.8171236 
1311877819.157351 0.015413 -0.01940189 0.007311836 -0.004312857 0.3999583 0.04266316 0.8154783 
1311877819.189407 0.0161665 -0.0193716 0.007398619 -0.004286026 0.4032674 0.04303502 0.8138275 
1311877819.227850 0.01672829 -0.01912132 0.007686219 -0.003929169 0.4067177 0.04326234 0.8120984 
1311877819.257478 0.01756988 -0.01895515 0.007388133 -0.003458836 0.4099159 0.04361722 0.810472 
1311877819.289356 0.007577609 -0.01983601 0.01393565 -0.003454722 0.4166284 0.04391987 0.8024968 
1311877819.329949 0.01925736 -0.01887937 0.007657819 -0.003010938 0.4166815 0.04433691 0.8069771 
1311877819.357433 0.009114949 -0.01978052 0.01361228 -0.002900986 0.423105 0.04446758 0.799073 
1311877819.389372 0.0102385 -0.01961235 0.01307954 -0.002724773 0.4265127 0.04484444 0.7972388 
1311877819.428005 0.009141404 -0.0202915 0.0159235 -0.002503357 0.4313 0.0450786 0.7946466 
1311877819.457350 0.008640967 -0.0205309 0.01744352 -0.002571599 0.4357808 0.04539668 0.7921798 
1311877819.489362 0.007124644 -0.02078998 0.02005457 -0.002418144 0.4406592 0.04569921 0.7894596 
1311877819.526915 0.006416984 -0.02162713 0.0228433 -0.002412148 0.4455797 0.04591469 0.7866804 
1311877819.557471 0.00514993 -0.02142159 0.02592244 -0.001868216 0.4504743 0.04649099 0.7838554 
1311877819.589244 0.004809101 -0.02213965 0.02742874 -0.001694228 0.4546315 0.04705392 0.7814183 
1311877819.626949 0.004241359 -0.02229336 0.02876062 -0.001317553 0.4588693 0.04731298 0.7789223 
1311877819.657413 0.002810464 -0.02462302 0.03248295 -0.001691057 0.4640565 0.04782732 0.7758109 
1311877819.699018 0.002535458 -0.02808221 0.03524258 -0.002625811 0.468933 0.04763568 0.7728823 
1311877819.727070 0.00150103 -0.02998253 0.03506479 -0.003337659 0.4730477 0.04749874 0.7703764 
1311877819.757423 0.001074126 -0.03031504 0.03570938 -0.003140287 0.4774658 0.04805546 0.7676122 
1311877819.794896 0.001124383 -0.03029267 0.03874061 -0.002972526 0.4828387 0.04838701 0.7642237 
1311877819.825314 0.001267933 -0.03039876 0.04111584 -0.003257178 0.4880219 0.04819243 0.7609355 
1311877819.857345 0.0008514712 -0.03037432 0.04392896 -0.003311883 0.4932989 0.04815945 0.757527 
1311877819.894791 0.001662744 -0.03018914 0.04216375 -0.00313262 0.4968219 0.04866738 0.7551893 
1311877819.925329 0.002203176 -0.03029169 0.04163256 -0.003105919 0.5008763 0.04917975 0.7524732 
1311877819.957483 0.001724241 -0.03019571 0.04254799 -0.002947217 0.5053044 0.04936398 0.7494953 
1311877819.997575 -0.002939728 -0.02535158 0.06197402 -0.003576671 0.4257598 0.03038609 0.6125934 
1311877820.025407 -0.002937256 -0.02527346 0.06225677 -0.003291303 0.4293059 0.03052731 0.6101081 
1311877820.057428 -0.002476304 -0.02534968 0.06234728 -0.002797071 0.4328032 0.03060653 0.6076307 
1311877820.098203 -0.002427946 -0.02526788 0.06253094 -0.001835671 0.4365903 0.03063172 0.6049178 
1311877820.125294 -0.002784076 -0.02530566 0.06251617 -0.001766364 0.440425 0.03095391 0.6021153 
1311877820.157381 -0.00164713 -0.02530957 0.06289005 -0.002343338 0.4442675 0.03182003 0.5992384 
1311877820.197244 -0.0008817012 -0.02526963 0.06326218 -0.00225519 0.447922 0.03244909 0.5964781 
