1311875572.406161 0 0 0 0 0 0 1 
1311875572.438063 0.007934053 -0.01425823 -0.000262136 0.0002233156 -0.004399442 -0.008123658 0.9999573 
1311875572.470142 0.02186052 -0.02558815 -0.002087805 0.007972767 -0.004013491 -0.01716191 0.9998129 
1311875572.506066 0.02044203 -0.01807472 -0.001521144 0.01953631 0.005298453 -0.02448825 0.9994952 
1311875572.537983 0.02613708 -0.02758616 -0.004227473 0.02491234 0.01283578 -0.03417918 0.9990227 
1311875572.570183 0.01866352 -0.01063666 -0.002810005 0.04108689 0.02803675 -0.04246169 0.9978591 
1311875572.606060 0.01884693 -0.008720486 -0.004063228 0.04712622 0.03930378 -0.04876848 0.9969233 
1311875572.638021 0.02118916 -0.01082867 -0.009993664 0.04966285 0.05267257 -0.05351454 1.024873 
1311875572.670171 0.02460792 -0.01206448 -0.01446374 0.04954408 0.06572799 -0.05342721 0.9951737 
1311875572.705956 0.01460964 -0.005330355 -0.01913794 0.05182039 0.08786404 -0.0491183 1.022571 
1311875572.738041 0.01752044 0.006986024 -0.01908926 0.04351442 0.1000491 -0.03682051 1.022355 
1311875572.769992 0.007330854 -0.01251281 -0.03476571 0.01739906 0.1152189 -0.02382977 1.021921 
1311875572.806149 0.005558373 -0.008873262 -0.02599822 0.007639717 0.1311031 -0.008354863 1.020369 
1311875572.838072 0.007272396 -0.01676786 -0.01365557 -0.001046688 0.1525211 0.004165348 1.017442 
1311875572.870097 0.02079485 -0.02015025 -0.008005097 -0.002675606 0.1746327 0.008778219 1.013848 
1311875572.905964 0.0252091 -0.02138827 -0.005790028 0.001084657 0.1921307 0.008120477 0.9591365 
1311875572.938139 0.02479804 -0.01937 -0.01135062 0.005307642 0.2188898 0.006235291 0.9533858 
1311875572.970071 0.02633937 -0.01627224 -0.01889452 0.005672754 0.2436475 0.007161089 0.9473524 
1311875573.006008 0.03489928 -0.01636731 -0.02273352 0.002715762 0.2657297 0.01291015 0.941349 
1311875573.038089 0.03390968 -0.02121776 -0.01048393 0.0002661102 0.2944074 0.01750799 0.9327067 
1311875573.070140 0.04013295 -0.02564898 -0.005962585 0.003577248 0.3201099 0.0157918 0.9242249 
1311875573.106115 0.0405294 -0.02764277 0.0004410919 0.01152708 0.3436767 0.0107799 0.91573 
1311875573.137999 0.04153862 -0.02765386 0.002345691 0.0214445 0.3623443 0.00588647 0.9083701 
1311875573.170088 0.04065745 -0.02197885 -0.006729441 0.03134033 0.3876279 0.001910703 0.9297375 
1311875573.206145 0.04801841 -0.02307616 -0.007100977 0.03291882 0.3893428 0.0006412762 0.8968011 
1311875573.238077 0.05079238 -0.01767266 -0.001787458 0.04246956 0.4017924 0.007332123 0.9232326 
1311875573.269952 0.03540624 -0.01951007 -0.01115643 0.04350223 0.4073433 0.004818639 0.9207653 
1311875573.306031 0.03823432 -0.01986883 -0.01205208 0.04599534 0.4105475 0.007388186 0.9192027 
1311875573.337963 0.02870922 -0.0184964 -0.008892897 0.05003105 0.4296094 0.02100584 0.9100244 
1311875573.370172 0.02003333 -0.01951603 0.0001436011 0.05385725 0.4435543 0.02699863 0.9029303 
1311875573.406185 0.02130106 -0.01594796 0.009225912 0.06009486 0.4547112 0.03382165 0.896736 
1311875573.438150 0.01100388 -0.02106888 0.01775851 0.06030204 0.4733288 0.03116805 0.8457836 
1311875573.470113 0.02361324 -0.01662547 0.01142747 0.06786904 0.4694273 0.04296405 0.888166 
1311875573.506114 0.01285537 -0.0211931 0.01862165 0.06866346 0.4831298 0.0418095 0.839119 
1311875573.538123 0.01395941 -0.02132444 0.01947637 0.07270837 0.4867239 0.04623183 0.836465 
1311875573.570120 0.01505337 -0.02133684 0.01983711 0.07751904 0.4899766 0.04865173 0.8339931 
1311875573.606067 0.01593491 -0.02120233 0.01887829 0.08108522 0.4949735 0.05015761 0.8306072 
1311875573.638114 0.01738254 -0.02147384 0.01885461 0.082995 0.5020003 0.04938434 0.8262364 
1311875573.670125 0.01983512 -0.02174135 0.02031218 0.08717212 0.5097097 0.04650069 0.8212384 
1311875573.706108 0.0182704 -0.02120344 0.01849836 0.0715427 0.4103136 0.03407541 0.6456667 
1311875573.737992 0.01661914 -0.01990923 0.01586027 0.09013002 0.5281954 0.04072372 0.8094601 
1311875573.770145 0.01883515 -0.02118813 0.01794869 0.07153923 0.425324 0.03364621 0.6359024 
1311875573.806127 0.0195607 -0.02131149 0.01843412 0.07333364 0.4315444 0.03540593 0.6313956 
1311875573.838018 0.0198991 -0.02146845 0.01866785 0.07520578 0.4362725 0.03878116 0.627717 
1311875573.870096 0.02037934 -0.02185484 0.01803811 0.07678775 0.4395007 0.04324477 0.624976 
1311875573.906096 0.02425581 -0.02334708 0.02086732 0.07937409 0.443014 0.04579543 0.6219835 
1311875573.938106 0.02717204 -0.02455684 0.02356301 0.08476681 0.447073 0.04443577 0.6184562 
1311875573.970055 0.02292365 -0.02161893 0.01983313 0.08984999 0.4506614 0.04372166 0.6151764 
1311875574.006023 0.02331819 -0.02147877 0.02065078 0.09374208 0.4532715 0.04443541 0.6126215 
1311875574.038034 0.02384919 -0.02132559 0.02075176 0.09809083 0.4536501 0.04494902 0.6116221 
1311875574.070100 0.02279883 -0.02122058 0.02011521 0.1011155 0.4536896 0.04562472 0.61105 
1311875574.106091 0.02268955 -0.02122633 0.02009659 0.1035676 0.4538104 0.04670587 0.6104676 
1311875574.137987 0.02211055 -0.02121088 0.02001659 0.1052732 0.4545203 0.04717079 0.6096114 
1311875574.170062 0.02162828 -0.02103055 0.01979738 0.1061767 0.4564529 0.04623897 0.6080802 
1311875574.206067 0.02090293 -0.02071251 0.01947536 0.106842 0.4597614 0.04379066 0.6056475 
1311875574.238111 0.02005053 -0.01977695 0.01967527 0.1003023 0.432006 0.03882937 0.5608437 
