1341840839.193463 0 0 0 0 0 0 1 
1341840839.225363 6.066958e-05 0.000534797 -0.0001880146 -0.002285523 -0.0002091096 -0.001209754 0.9999966 
1341840839.261700 0.003401512 0.001716151 0.003006366 -0.0005131977 -0.0006790506 -0.0024074 0.9999967 
1341840839.294583 0.0009635794 0.003339459 0.0001222269 0.0004106041 -0.0003950683 -0.001566559 0.9999986 
1341840839.329412 0.0008015688 0.003599967 0.001042466 -0.002104487 -0.001902023 -0.001881101 0.9999942 
1341840839.361439 0.002840671 -0.003424998 0.004383185 -0.004117106 -0.002919983 -0.003724374 0.9999803 
1341840839.393461 0.001274361 -0.001791621 0.001785232 -0.002332628 -0.00246167 -0.005107877 0.9999812 
1341840839.429312 0.0006071994 -0.0001344049 0.00221234 -0.001947111 -0.002553565 -0.006777104 0.9999719 
1341840839.461283 0.002947763 0.0006678859 0.001093291 -0.002251919 -0.002367163 -0.009166093 0.9879994 
1341840839.497390 0.001913643 0.003347736 -0.0004294445 -0.002457539 -0.002161463 -0.008488494 0.9880054 
1341840839.529496 0.004135151 0.004207828 0.001494501 -0.003052891 -0.003710001 -0.01033462 0.9879816 
1341840839.561316 0.005109312 -0.0007063069 0.000606383 -0.005874129 -0.002884287 -0.01306191 0.9879393 
1341840839.597405 0.002784788 0.0007184224 -0.001929636 -0.007195792 0.0004009279 -0.0138247 0.9879243 
1341840839.629282 0.00728408 0.005275386 -0.0007104728 -0.006317505 5.995229e-05 -0.01418529 0.9879253 
1341840839.665514 0.004392454 0.006305041 -0.001944244 -0.006485871 0.001632966 -0.01604725 0.9878943 
1341840839.697361 0.004261067 0.006808222 -0.00393147 -0.009220176 0.00298091 -0.01853004 0.987826 
1341840839.729327 0.01287425 0.01562766 0.009575206 -0.001186882 0.002614198 -0.02162582 0.9878064 
1341840839.765445 0.01266057 0.02418734 0.007870708 0.002811006 0.003141852 -0.0222721 0.9877872 
1341840839.797266 0.009194571 0.01869384 0.005420346 -0.0006304895 0.003972394 -0.02216335 0.9877905 
1341840839.833487 0.01337417 0.02684809 0.008224375 0.002804862 0.003889153 -0.02476522 0.9877252 
1341840839.865409 0.0158331 0.03008534 0.007340934 0.002754587 0.004585602 -0.02485424 0.9877202 
1341840839.897303 0.02033126 0.03857462 0.009429281 0.005243943 0.004874102 -0.02616561 0.9876748 
1341840839.933443 0.0231396 0.04138865 0.009758032 0.005471049 0.005390321 -0.0251853 0.9876964 
1341840839.965343 0.02327086 0.04254918 0.01017406 0.005362163 0.005804963 -0.02442462 0.9877137 
1341840840.001548 0.0271658 0.05006494 0.01038356 0.007614138 0.004434492 -0.02615139 0.9876618 
1341840840.033327 0.02912409 0.05101499 0.01160804 0.008526865 0.003913932 -0.02551118 0.9876733 
1341840840.065272 0.03306084 0.04737182 0.009918065 0.007554622 -0.0003780088 -0.02186906 0.9877763 
1341840840.101431 0.03315722 0.04914302 0.005997797 0.006379676 -0.002151338 -0.02368379 0.9877405 
1341840840.133310 0.06175105 0.03024275 0.01061189 -0.002884235 -0.01289259 -0.02190507 0.9877161 
1341840840.169494 0.07183451 0.04133926 0.01533271 0.003894027 -0.01567126 -0.02025921 0.9877076 
1341840840.201335 0.0831364 0.04429692 0.0003895789 0.004301712 -0.02287747 -0.01989469 0.9875727 
1341840840.233363 0.1087692 0.03355733 0.0118281 -0.002357909 -0.03253734 -0.01826274 0.9873397 
1341840840.269407 0.1568386 0.01789663 0.02861404 -0.004745435 -0.05116805 -0.01260524 0.9328324 
