1341836644.464304 0 0 0 0 0 0 1 
1341836644.499407 -0.000198865 -0.0001749197 -0.0005723708 -0.0007989109 -0.0007036864 -0.002670005 0.9999959 
1341836644.531415 -0.0009031661 0.000325809 -0.0003595963 0.0002647981 0.0006513826 -0.00562245 0.9999839 
1341836644.564591 0.0006352849 0.001068246 -8.674632e-06 0.0009580606 -0.0005629304 -0.007736548 0.9999695 
1341836644.599367 -0.001066827 0.0003360158 -0.0002329959 0.0002194797 -0.001069527 -0.009151893 0.9999575 
1341836644.631394 -0.002514902 0.000548184 -3.349804e-06 0.0006890368 -0.000183843 -0.008749074 0.9999615 
1341836644.667522 -0.003558777 0.0003466219 -9.388467e-05 0.0005254366 0.0009759739 -0.007728026 0.9999695 
1341836644.699329 -0.006865634 -0.0002933119 0.000253932 0.0004440243 0.0007991825 -0.006712058 1.014576 
1341836644.732436 -0.007706116 -0.0002909622 -0.0006004942 0.0008309009 -0.00128869 -0.00756807 0.9999702 
1341836644.767608 -0.01693096 -0.002478129 -0.0002704552 0.000643665 0.002070489 -0.009236575 1.014555 
1341836644.799416 -0.02150167 -0.003083698 3.06035e-05 0.001436406 0.00408731 -0.01005835 1.01454 
1341836644.835424 -0.0217633 -0.006192467 -0.0009302762 0.001530719 0.003152532 -0.01028335 1.014541 
1341836644.867494 -0.03032556 -0.008032696 -0.000399912 0.0008511632 0.006359078 -0.0103521 1.014526 
1341836644.900397 -0.03956766 -0.009387756 0.0007097822 -0.0006052601 0.01347118 -0.01014934 1.014458 
1341836644.935459 -0.03795482 -0.01937979 -0.002052541 -0.003656813 0.01458957 -0.008374743 1.014453 
1341836644.967501 -0.03115652 -0.02036126 -0.00476278 -0.002685106 0.008403527 -0.00645594 1.01454 
1341836645.003481 -0.037341 -0.02351631 -0.006422483 -0.004797745 0.007111223 -0.005529884 1.014548 
1341836645.035729 -0.04335994 -0.023953 -0.0085543 -0.00675975 0.007875557 -0.00512008 1.014533 
1341836645.067522 -0.04729691 -0.02722263 -0.01090083 -0.008743753 0.008552114 -0.00493127 1.014513 
1341836645.103395 -0.04805691 -0.02846772 -0.0131051 -0.01014267 0.006775544 -0.004288545 1.014516 
1341836645.135434 -0.05226892 -0.03180684 -0.01530141 -0.01224624 0.0052905 -0.003379463 1.014506 
1341836645.171464 -0.05970414 -0.03137423 -0.01690627 -0.01242751 0.006112049 -0.002638998 1.014501 
1341836645.203602 -0.06911429 -0.02843821 -0.01660741 -0.01160971 0.01194476 -0.002423422 1.014459 
1341836645.235429 -0.06911448 -0.03223741 -0.0192346 -0.01443711 0.01461093 -0.001793069 1.014389 
1341836645.268485 -0.06610483 -0.03551443 -0.02238039 -0.01728704 0.01240025 0.0004363834 1.014376 
1341836645.300381 -0.07102321 -0.04034108 -0.02458539 -0.02031815 0.01078293 0.002165072 1.014336 
1341836645.332448 -0.07828304 -0.04061058 -0.02633316 -0.01982465 0.01214 0.002471993 1.01433 
1341836645.368637 -0.08020443 -0.04078168 -0.02824499 -0.02022878 0.01222646 0.003041067 1.014319 
1341836645.400357 -0.07895433 -0.04219257 -0.03163915 -0.02148723 0.008841561 0.002249625 1.01433 
1341836645.436458 -0.08610094 -0.04725681 -0.03375828 -0.02328291 0.008537117 0.0005378058 1.014296 
1341836645.468292 -0.08957809 -0.04734811 -0.03616192 -0.02268238 0.007787901 -0.0003402033 1.014315 
1341836645.500314 -0.09402744 -0.04230852 -0.03668763 -0.02164973 0.007341969 0.0006031399 1.050644 
1341836645.536518 -0.09990574 -0.04979386 -0.03909305 -0.02581989 0.007232449 0.001622076 1.014243 
1341836645.568523 -0.1060546 -0.04265408 -0.03875164 -0.02440405 0.01072004 0.005308923 1.050542 
1341836645.600614 -0.1064563 -0.04376857 -0.04039915 -0.02712645 0.0107756 0.00891619 1.05045 
1341836645.636399 -0.1081283 -0.04324057 -0.03536465 -0.02674179 0.008942454 0.01228148 1.050443 
1341836645.668423 -0.1111554 -0.04112577 -0.03868774 -0.02512712 0.0083237 0.01196237 1.050492 
1341836645.704571 -0.1165046 -0.03823174 -0.03978438 -0.0254142 0.01238952 0.01034366 1.050462 
1341836645.736446 -0.1164927 -0.04558995 -0.03995005 -0.02999066 0.0128312 0.01025764 1.050337 
1341836645.768581 -0.1176163 -0.04790184 -0.03992287 -0.03095442 0.01027452 0.01262489 1.050311 
1341836645.804471 -0.1241289 -0.04020255 -0.03803102 -0.02764885 0.013571 0.01439665 1.050343 
1341836645.836450 -0.1235655 -0.03944265 -0.03805814 -0.02876255 0.01710973 0.01384482 1.050269 
1341836645.868482 -0.1226246 -0.04732774 -0.03800267 -0.03302674 0.01698815 0.01465212 1.050135 
1341836645.904369 -0.1215261 -0.04827585 -0.03879185 -0.03321602 0.01336973 0.01594831 1.050162 
1341836645.936671 -0.1314083 -0.04373295 -0.03501335 -0.03073306 0.01839004 0.01586655 1.050163 
1341836645.972383 -0.132087 -0.0442075 -0.03386458 -0.03062763 0.02324348 0.01599313 1.050068 
1341836646.004478 -0.1281724 -0.04954388 -0.03525918 -0.03389564 0.02271894 0.01716526 1.04996 
1341836646.036301 -0.1299173 -0.05861533 -0.03473121 -0.03715297 0.02107405 0.01923963 1.049849 
1341836646.072544 -0.1355959 -0.05202869 -0.03210085 -0.03284474 0.02345981 0.02132246 1.049901 
1341836646.104418 -0.1367969 -0.05537683 -0.03084891 -0.03450173 0.02651191 0.02270352 1.049747 
1341836646.140512 -0.1349993 -0.0656708 -0.03115722 -0.03799732 0.02556265 0.02455958 1.049608 
1341836646.172566 -0.1384557 -0.07059969 -0.03012113 -0.03727597 0.02562287 0.02591214 1.0496 
1341836646.204386 -0.1410065 -0.06526185 -0.02814878 -0.03196071 0.02814539 0.0255332 1.04972 
1341836646.240475 -0.1401672 -0.06507799 -0.02785055 -0.0318147 0.029916 0.02552544 1.049675 
1341836646.272445 -0.1402302 -0.07285544 -0.02735431 -0.03655516 0.03017736 0.02861729 1.049434 
1341836646.304437 -0.141912 -0.07722835 -0.02673808 -0.03819349 0.02913428 0.03383219 1.04925 
1341836646.340458 -0.1446173 -0.07360459 -0.02577827 -0.03684087 0.02973886 0.0372549 1.049165 
1341836646.372536 -0.1462654 -0.07440668 -0.02530285 -0.03837269 0.03143634 0.03794095 1.049036 
1341836646.408321 -0.1477432 -0.08221146 -0.02489359 -0.04224084 0.03171345 0.03863956 1.048854 
1341836646.443411 -0.1498088 -0.08437882 -0.02462696 -0.0428619 0.03105361 0.04079609 1.048766 
1341836646.475541 -0.1506227 -0.08394292 -0.0252855 -0.04319318 0.02994057 0.04273641 1.048708 
1341836646.511330 -0.1555295 -0.08033867 -0.02417149 -0.04277204 0.0319543 0.04274934 1.048665 
1341836646.543429 -0.1584613 -0.08663353 -0.02371414 -0.04595261 0.03516058 0.04229756 1.048446 
1341836646.575532 -0.1550831 -0.09017139 -0.02598991 -0.0472978 0.03266702 0.04295434 1.04844 
1341836646.611374 -0.1598092 -0.08750435 -0.02552236 -0.04717629 0.03281344 0.04275238 1.04845 
1341836646.643418 -0.1642576 -0.09020157 -0.02468694 -0.04832051 0.03596916 0.04123134 1.048355 
1341836646.676255 -0.1633021 -0.09506944 -0.02605358 -0.0504863 0.03595602 0.04077675 1.048271 
1341836646.711566 -0.1638064 -0.1017454 -0.02660408 -0.05402166 0.03391036 0.04248689 1.048095 
1341836646.743612 -0.1692504 -0.1005365 -0.02540729 -0.05329641 0.03407871 0.04433391 1.04805 
1341836646.776453 -0.1758459 -0.1026833 -0.02248835 -0.05366604 0.03913568 0.04473351 1.047838 
1341836646.811314 -0.1732141 -0.1117787 -0.02408585 -0.05580961 0.03877443 0.04464293 1.047743 
1341836646.843456 -0.1720114 -0.1083068 -0.02481098 -0.05444883 0.03599131 0.04561079 1.047872 
1341836646.879601 -0.1771743 -0.110733 -0.02222762 -0.05789189 0.03753884 0.04776671 1.047537 
1341836646.911508 -0.1805762 -0.1220745 -0.0207038 -0.06171963 0.03883079 0.04854399 1.047236 
1341836646.944466 -0.1820242 -0.1197368 -0.02018936 -0.05794172 0.03891576 0.04621431 1.047554 
1341836646.979650 -0.1828199 -0.1195071 -0.01928581 -0.05739523 0.03937377 0.04460921 1.047637 
1341836647.011549 -0.1829956 -0.1240796 -0.01884148 -0.06000422 0.0384257 0.04505611 1.047506 
1341836647.047276 -0.1851855 -0.1249154 -0.01785899 -0.06179479 0.03785281 0.04677164 1.047348 
1341836647.079883 -0.1878264 -0.129086 -0.01682152 -0.0644904 0.0377591 0.04716381 1.047171 
1341836647.112309 -0.1912201 -0.127699 -0.01559697 -0.06404294 0.03902889 0.04524646 1.047237 
1341836647.147394 -0.1933189 -0.1382974 -0.01404119 -0.06823948 0.04018981 0.04226911 1.047052 
1341836647.179760 -0.1940514 -0.1425916 -0.01295134 -0.06896263 0.03875008 0.04235606 1.047056 
1341836647.215378 -0.1957992 -0.1393683 -0.01278272 -0.06850775 0.03744276 0.04442566 1.047047 
1341836647.247420 -0.2025622 -0.1446668 -0.008703654 -0.07232371 0.04059457 0.045979 1.046606 
1341836647.279655 -0.2039406 -0.1494997 -0.007774129 -0.07352881 0.04243149 0.0465229 1.046425 
1341836647.315536 -0.2033124 -0.1532542 -0.007876754 -0.07541249 0.04164841 0.04669232 1.046315 
1341836647.347424 -0.2064447 -0.1623509 -0.005881198 -0.07997537 0.04142319 0.04797524 1.045927 
1341836647.383428 -0.2091862 -0.1675135 -0.005133913 -0.08075403 0.0411073 0.04822873 1.045868 
1341836647.415868 -0.2122486 -0.1662456 -0.004555506 -0.07954137 0.04216957 0.04742848 1.045955 
1341836647.447313 -0.2133979 -0.1742946 -0.003801841 -0.08321105 0.04262744 0.04763818 1.045642 
1341836647.483323 -0.2136985 -0.1824547 -0.003695737 -0.08751844 0.04063152 0.04962326 1.045277 
1341836647.515268 -0.2196516 -0.1857104 -0.001408648 -0.08867826 0.04134582 0.05144531 1.049115 
1341836647.551310 -0.2240851 -0.1788937 -0.0004971846 -0.0848921 0.04407508 0.05172379 1.049303 
1341836647.583646 -0.2241171 -0.1811645 -0.00124262 -0.08817213 0.04517259 0.05189238 1.048978 
1341836647.615408 -0.2252117 -0.1973634 0.001433004 -0.0965058 0.04332384 0.05337618 1.048247 
1341836647.651361 -0.2284071 -0.1922487 0.0002860822 -0.09346253 0.0425156 0.05454069 1.048496 
1341836647.683468 -0.230723 -0.1900213 0.0004851937 -0.09421814 0.04362335 0.05454496 1.048383 
1341836647.719371 -0.2328198 -0.2039388 0.003242027 -0.1015591 0.04370613 0.05463832 1.047689 
1341836647.751530 -0.2363263 -0.1980366 0.003365561 -0.09830958 0.04489442 0.05549319 1.047904 
1341836647.783455 -0.2379792 -0.1972572 0.003569749 -0.09939453 0.04714712 0.05545671 1.047704 
1341836647.819686 -0.2399855 -0.2165971 0.008508831 -0.1085287 0.04829057 0.05543946 1.046746 
1341836647.853486 -0.2450738 -0.2311751 0.01390583 -0.1101605 0.05045165 0.05650158 1.046417 
1341836647.887413 -0.244843 -0.2328034 0.01258706 -0.1045736 0.05150087 0.05733877 1.046893 
1341836647.916534 -0.2430507 -0.2356489 0.01077971 -0.1018603 0.05117853 0.05689378 1.047201 
1341836647.948400 -0.2438253 -0.2416694 0.01159895 -0.102325 0.05191832 0.0562028 1.047157 
1341836647.980401 -0.2433115 -0.2523252 0.01246472 -0.1041729 0.05227289 0.05736039 1.046894 
1341836648.016248 -0.2422389 -0.2477312 0.008824491 -0.1003067 0.05167566 0.05898123 1.047211 
1341836648.048488 -0.2417665 -0.2503592 0.006790458 -0.1024253 0.05218467 0.06019968 1.046911 
1341836648.084384 -0.2431558 -0.263117 0.008383228 -0.1091344 0.05352155 0.0621495 1.046052 
1341836648.116380 -0.2429969 -0.2697905 0.007194233 -0.1106629 0.05292127 0.06407866 1.045805 
1341836648.148607 -0.2418537 -0.268511 0.003878942 -0.110194 0.05182814 0.06491273 1.045858 
1341836648.184359 -0.2454787 -0.2736131 0.005034977 -0.114079 0.0534692 0.06569463 1.04531 
1341836648.216432 -0.2338769 -0.3036068 0.007013152 -0.1276925 0.04841317 0.06857333 1.043796 
1341836648.248656 -0.2518632 -0.2826189 0.006275317 -0.1167682 0.05295799 0.07161505 1.04465 
1341836648.284489 -0.250425 -0.2933045 0.006139517 -0.1212046 0.05016242 0.07193136 1.044261 
1341836648.316520 -0.2314013 -0.3251178 0.004771938 -0.1338184 0.04272952 0.06853067 1.043279 
1341836648.352435 -0.2283092 -0.3296045 0.003429846 -0.1350533 0.04260819 0.06669995 1.043244 
1341836648.384520 -0.2260586 -0.343005 0.00558398 -0.1421169 0.04057354 0.06886411 1.042246 
1341836648.416398 -0.2273199 -0.348822 0.008217386 -0.1454937 0.03919735 0.07348159 1.041517 
1341836648.452470 -0.2292502 -0.3477554 0.008436999 -0.1447091 0.0422138 0.07619016 1.041314 
1341836648.484451 -0.2256574 -0.3640867 0.009205206 -0.153007 0.04278273 0.07684985 1.040055 
1341836648.516566 -0.2281199 -0.4009232 0.02105055 -0.1683188 0.04209185 0.07599365 1.037778 
1341836648.552359 -0.2297476 -0.3833107 0.01886511 -0.1562682 0.04128469 0.07539173 1.039737 
1341836648.584620 -0.2267587 -0.3777203 0.01444715 -0.1525353 0.04259912 0.07391946 1.040344 
1341836648.620348 -0.225078 -0.3950028 0.0171131 -0.1619603 0.04305529 0.07404758 1.038891 
1341836648.652456 -0.224911 -0.4064914 0.02006698 -0.1679315 0.04118954 0.07670607 1.037825 
1341836648.684673 -0.2246311 -0.4006837 0.01735738 -0.1662054 0.04001497 0.07757674 1.038084 
1341836648.720398 -0.2307014 -0.4058963 0.01937074 -0.1766235 0.04548641 0.07853699 1.078664 
1341836648.752718 -0.2277146 -0.4343647 0.02905356 -0.1814707 0.04339218 0.07436963 1.035624 
1341836648.784417 -0.2288543 -0.4236923 0.02186758 -0.1819586 0.0429257 0.07811355 1.077913 
1341836648.820311 -0.2301553 -0.4211741 0.02180089 -0.1823441 0.04408841 0.07839686 1.07778 
1341836648.852674 -0.2306814 -0.4260842 0.02514185 -0.1863056 0.04723133 0.07814303 1.076988 
1341836648.888350 -0.2330569 -0.452695 0.03456438 -0.1991159 0.04857027 0.07808074 1.074638 
1341836648.920522 -0.2327671 -0.456983 0.0354594 -0.1983313 0.04590771 0.08094872 1.074688 
1341836648.952600 -0.2309718 -0.4469637 0.02923426 -0.1923726 0.04553617 0.08129185 1.07576 
1341836648.988550 -0.2319288 -0.4597046 0.03349005 -0.1998728 0.04948124 0.08065747 1.074266 
1341836649.020401 -0.2338662 -0.4802488 0.04326632 -0.2095989 0.05037024 0.08413159 1.072102 
1341836649.052485 -0.2336786 -0.4857807 0.04333915 -0.2115022 0.0481884 0.09022441 1.071333 
1341836649.088537 -0.2344173 -0.4915004 0.04569578 -0.2144105 0.04897673 0.09367117 1.070423 
1341836649.120749 -0.2350833 -0.4904384 0.0457429 -0.2138762 0.05191047 0.09234334 1.070507 
1341836649.156447 -0.2424556 -0.5201518 0.06411961 -0.2275543 0.05877891 0.09049823 1.067485 
1341836649.191609 -0.2419205 -0.5270482 0.06658153 -0.2265585 0.05927288 0.09400631 1.067366 
1341836649.223378 -0.2379962 -0.5075462 0.05637118 -0.2158227 0.05873597 0.09725416 1.069328 
1341836649.259470 -0.2368715 -0.5064964 0.05613319 -0.2183459 0.06222781 0.09758817 1.068587 
1341836649.291408 -0.2404479 -0.5217738 0.06747034 -0.228793 0.06615572 0.09646418 1.066265 
1341836649.324308 -0.2414121 -0.5227001 0.07176921 -0.2295439 0.06825377 0.09759142 1.065869 
1341836649.359549 -0.2413273 -0.5215452 0.07289805 -0.2286452 0.07050505 0.09752439 1.065922 
1341836649.391538 -0.2395876 -0.5143558 0.06997451 -0.22554 0.07123343 0.09497426 1.066765 
1341836649.424392 -0.2397934 -0.5143149 0.07255979 -0.2283215 0.07392922 0.09255989 1.066202 
1341836649.459481 -0.2428298 -0.5321401 0.08385301 -0.2394612 0.07704597 0.0944825 1.063365 
1341836649.491553 -0.2439995 -0.5355517 0.08744244 -0.2415986 0.0759785 0.09831353 1.062611 
1341836649.527493 -0.2442584 -0.5218688 0.08626295 -0.2356433 0.07820511 0.09872649 1.063748 
1341836649.559630 -0.2478691 -0.5393247 0.09696127 -0.2436405 0.08532923 0.09506607 1.06173 
1341836649.592419 -0.2507212 -0.5559242 0.1066422 -0.2512562 0.08699235 0.09517476 1.059809 
1341836649.627461 -0.2510576 -0.5543364 0.1086401 -0.2503015 0.08700192 0.09946171 1.05964 
1341836649.659539 -0.2527612 -0.5532188 0.1120409 -0.2494521 0.09181526 0.1016247 1.059229 
1341836649.695475 -0.2541602 -0.5681505 0.1187901 -0.2560499 0.09517525 0.09989277 1.057521 
1341836649.727546 -0.257908 -0.5790842 0.1272668 -0.2614851 0.09656941 0.09923377 1.056126 
1341836649.759850 -0.2577777 -0.5778904 0.1276459 -0.2601759 0.09674369 0.1005615 1.056308 
1341836649.795598 -0.2570722 -0.5763561 0.1263952 -0.2597715 0.09806148 0.1010456 1.05624 
1341836649.827518 -0.2581281 -0.5812554 0.1306615 -0.2638078 0.1009917 0.1010874 1.054958 
1341836649.863348 -0.2586723 -0.5851646 0.1331728 -0.2668393 0.1040818 0.102143 1.053793 
1341836649.895428 -0.2614201 -0.5938292 0.1400642 -0.2724917 0.1084973 0.1029143 1.051825 
1341836649.927544 -0.2725369 -0.5839893 0.1394324 -0.2597257 0.1111634 0.1003402 1.025802 
1341836649.963501 -0.2619324 -0.5955418 0.1410218 -0.271644 0.1124216 0.1015238 1.051767 
1341836649.995553 -0.2759539 -0.6005462 0.1496601 -0.2690891 0.1189512 0.1017929 1.022366 
1341836650.031537 -0.2809371 -0.5967019 0.1471145 -0.2653105 0.1198669 0.1079547 1.022614 
1341836650.063598 -0.276685 -0.5902267 0.139601 -0.262722 0.1145203 0.1113594 1.02353 
1341836650.095501 -0.2774407 -0.5931162 0.1409466 -0.2666611 0.1169447 0.1092767 1.022461 
1341836650.131318 -0.2819692 -0.5977121 0.1397199 -0.2700998 0.117952 0.1086106 1.021513 
1341836650.163488 -0.2838777 -0.6014969 0.1401693 -0.2745679 0.1134694 0.1120587 1.020457 
1341836650.199592 -0.2809586 -0.6014442 0.1369141 -0.2756824 0.1103639 0.1151343 1.020154 
1341836650.231356 -0.2812577 -0.6027315 0.1350625 -0.2777522 0.1121629 0.1135531 1.019574 
1341836650.263424 -0.2847413 -0.6053872 0.1353576 -0.2814237 0.1133752 0.1139161 1.018392 
1341836650.299517 -0.2883226 -0.6133567 0.1403971 -0.2862135 0.1116297 0.1181877 1.016762 
1341836650.331411 -0.2840872 -0.6102378 0.1337069 -0.2834331 0.1089814 0.1200359 1.017611 
1341836650.367434 -0.2832648 -0.6080654 0.1279461 -0.2833614 0.1101456 0.117566 1.017794 
1341836650.399463 -0.2907555 -0.6162315 0.1362796 -0.2897084 0.1128142 0.1162279 1.015867 
1341836650.431372 -0.2947154 -0.6271965 0.1420844 -0.2931774 0.1089461 0.1188598 1.014989 
1341836650.467340 -0.2854157 -0.6123046 0.1254046 -0.284672 0.1016142 0.1206332 1.017957 
1341836650.499390 -0.2853259 -0.6120831 0.1262007 -0.2881624 0.1053689 0.1165046 1.017073 
1341836650.535414 -0.2977994 -0.6322226 0.1424441 -0.2986856 0.1119923 0.1136467 1.013647 
1341836650.567432 -0.2993928 -0.6323387 0.1407539 -0.295997 0.1064467 0.1179664 1.01454 
1341836650.599729 -0.2885876 -0.6164845 0.1226031 -0.2875506 0.09847085 0.1205936 1.017461 
1341836650.635523 -0.2885934 -0.6168791 0.1222107 -0.2916394 0.101701 0.11733 1.016361 
1341836650.667673 -0.3005901 -0.6343678 0.1386451 -0.3026209 0.1074135 0.1148448 1.01284 
1341836650.696472 -0.2965615 -0.6240335 0.1274796 -0.2963552 0.1007209 0.1196731 1.01482 
1341836650.728572 -0.2894073 -0.6153314 0.1176885 -0.2952105 0.09725145 0.1220276 1.015211 
1341836650.764407 -0.2932794 -0.6214921 0.1213982 -0.3023326 0.1020171 0.1200611 1.012879 
1341836650.796446 -0.3018096 -0.6325115 0.1345981 -0.3097449 0.1062225 0.1211945 1.010069 
1341836650.832440 -0.3042591 -0.637091 0.1367674 -0.3107591 0.1055435 0.1238692 1.009504 
1341836650.864388 -0.302586 -0.6347477 0.1321289 -0.3091722 0.1023079 0.1232932 1.010394 
1341836650.896427 -0.3054229 -0.6386458 0.1392557 -0.311787 0.1040252 0.1189896 1.009931 
1341836650.932458 -0.3074653 -0.6381019 0.1398375 -0.3104243 0.1061677 0.119295 1.010092 
1341836650.964559 -0.3065617 -0.6342671 0.1339418 -0.3095318 0.1048584 0.1255616 1.009743 
1341836650.996603 -0.3081557 -0.6374602 0.1375746 -0.315877 0.1053645 0.1331871 1.006744 
1341836651.032359 -0.3159939 -0.6300716 0.1521553 -0.3151307 0.1129866 0.1374535 1.005577 
1341836651.065106 -0.3232391 -0.6472314 0.1573974 -0.3192664 0.1158847 0.1332084 1.004513 
1341836651.100531 -0.323072 -0.6610958 0.1554146 -0.3244225 0.112387 0.1292511 1.003776 
1341836651.132412 -0.3237351 -0.6602848 0.1537381 -0.3260969 0.1104988 0.1273639 1.003684 
1341836651.164502 -0.3278817 -0.6625058 0.1577578 -0.3303634 0.1108607 0.1285541 1.002096 
1341836651.200408 -0.3382561 -0.6840262 0.1775832 -0.3434002 0.1134827 0.1293009 0.997312 
1341836651.232543 -0.3392148 -0.6858075 0.1800961 -0.3443523 0.1127346 0.1310137 0.9968449 
1341836651.264390 -0.3434178 -0.6909617 0.1851503 -0.3457876 0.1145914 0.1283402 0.9964841 
1341836651.300593 -0.3416239 -0.6864523 0.1797683 -0.3415751 0.1118784 0.1253646 0.9986217 
1341836651.332404 -0.3332627 -0.6625645 0.1592781 -0.3306894 0.1071063 0.1267678 1.002624 
1341836651.368411 -0.3476675 -0.6877886 0.1849527 -0.3466975 0.1126288 0.1255257 0.9967501 
1341836651.400453 -0.3472795 -0.6881994 0.185215 -0.3470042 0.1090257 0.1271396 0.9968395 
1341836651.432559 -0.3463341 -0.6866144 0.1851232 -0.346752 0.1095807 0.1255809 0.9970639 
1341836651.468558 -0.3513453 -0.6882741 0.1893408 -0.3485519 0.1116602 0.1233572 0.996483 
1341836651.500419 -0.3523638 -0.6868788 0.1912754 -0.3491813 0.1106483 0.1246523 0.9962144 
1341836651.536291 -0.3539079 -0.6898595 0.1969268 -0.3517515 0.1131085 0.126876 0.9947521 
1341836651.571607 -0.3575293 -0.6940038 0.2027741 -0.3539318 0.1169422 0.126641 0.9935647 
1341836651.603416 -0.3600663 -0.6943244 0.2044313 -0.3545064 0.1192444 0.1262316 0.9931382 
1341836651.636345 -0.366171 -0.6980614 0.2127299 -0.3575578 0.1221965 0.1268724 0.9916026 
1341836651.671520 -0.3696856 -0.7024491 0.2169808 -0.3594027 0.1223697 0.1278839 0.990784 
1341836651.703414 -0.3720568 -0.7026012 0.2179208 -0.3598636 0.1208127 0.1282129 0.9907653 
1341836651.739284 -0.3758422 -0.6995237 0.2213104 -0.3592926 0.1198295 0.1270195 0.9912455 
1341836651.771369 -0.3800984 -0.7108729 0.2314903 -0.3645879 0.1203264 0.1247916 0.9895333 
1341836651.804433 -0.3828238 -0.7142374 0.2349153 -0.3662485 0.1211883 0.1251146 0.9887738 
1341836651.839404 -0.3878374 -0.7172432 0.2411624 -0.3678173 0.1230714 0.1275746 0.9876439 
1341836651.871580 -0.3909902 -0.7164887 0.2419953 -0.3673677 0.1228726 0.131643 0.987302 
1341836651.907527 -0.3983011 -0.7219858 0.2518342 -0.3711768 0.1233197 0.1330187 0.9856358 
1341836651.971622 -0.4075286 -0.7173943 0.2614878 -0.365603 0.1257558 0.1291257 0.9879263 
1341836652.004368 -0.4136553 -0.7240869 0.2717065 -0.3679108 0.1262978 0.1275272 0.9872078 
1341836652.036385 -0.4190486 -0.7325709 0.2834251 -0.3699815 0.1283581 0.1278468 0.9861263 
1341836652.072378 -0.4196301 -0.7342034 0.2823197 -0.3664857 0.1287471 0.1301026 0.9870854 
1341836652.104579 -0.4214734 -0.7337352 0.2809926 -0.3657691 0.1280938 0.1326855 0.9870924 
1341836652.136528 -0.4229977 -0.7294912 0.2868399 -0.3659257 0.1248991 0.1361257 0.9869753 
1341836652.172406 -0.407349 -0.7107507 0.2773783 -0.3578938 0.1135778 0.1431057 0.9902953 
1341836652.204464 -0.384729 -0.678555 0.2632241 -0.3453249 0.09990558 0.1521795 0.9948683 
1341836652.236445 -0.3674284 -0.648116 0.2563838 -0.3328871 0.08896759 0.161722 0.9986335 
1341836652.272534 -0.3233027 -0.5519351 0.2196527 -0.2893494 0.06043371 0.1835971 1.010479 
1341836652.304539 -0.3182936 -0.5370721 0.2185015 -0.2835343 0.05668251 0.1884922 1.011444 
1341836652.340457 -0.3182415 -0.5344286 0.2217254 -0.2828129 0.05734792 0.1897476 1.011373 
1341836652.372354 -0.3185087 -0.5305481 0.2279237 -0.282134 0.05809031 0.1902811 1.01142 
1341836652.404586 -0.3184192 -0.5255882 0.236206 -0.230723 0.04826228 0.1593267 0.8354728 
