1341839845.462023 0 0 0 0 0 0 1 
1341839845.497851 -0.003679451 -0.001333753 -0.002099834 0.001218153 -0.0006544031 -0.0004568628 0.9999989 
1341839845.529877 -0.01172195 0.004163384 -0.006565608 0.001630015 8.634916e-06 -0.003835582 0.9999913 
1341839845.562013 -0.004463207 0.003114325 -0.001079388 -0.0009162456 -0.005389516 -0.006109307 0.9999664 
1341839845.598549 -0.002063263 -0.001908 -0.0002636421 -0.00179758 -0.006920703 -0.00712207 0.9999491 
1341839845.629819 -0.01100899 0.003912935 -0.003094551 0.0005661857 -0.002780684 -0.009536325 0.9999505 
1341839845.665955 -0.01646693 0.00931591 -0.0001117 0.001536325 -0.002343409 -0.01229054 0.9999205 
1341839845.698027 -0.01494977 0.006223395 -0.0004881606 -0.0009781706 -0.006233959 -0.01453275 0.9998745 
1341839845.730035 -0.00916281 0.003840456 0.0002238752 -0.002464975 -0.009434884 -0.01644206 0.9998173 
1341839845.766091 -0.01385781 0.00488555 0.001474315 -0.001520691 -0.008003295 -0.01720335 0.9998188 
1341839845.798274 -0.02212859 0.0106699 -0.0007595877 -0.0001964933 -0.005934218 -0.0189921 0.999802 
1341839845.833868 -0.0130472 0.008041586 0.003494472 -0.002554753 -0.01187308 -0.02116716 0.9997022 
1341839845.865884 -0.01757964 0.004841042 0.004104442 -0.002625673 -0.01104887 -0.02244346 0.9996836 
1341839845.897882 -0.0234622 0.01151526 -0.0009750937 -0.0004456203 -0.008429034 -0.0233442 0.9996919 
1341839845.933769 -0.0185525 0.01289548 0.004200122 -0.001730693 -0.01155553 -0.02454056 0.9996305 
1341839845.966008 -0.01465193 0.001859278 0.005369635 -0.005384588 -0.01501217 -0.02459449 0.9995703 
1341839845.997926 -0.0183099 0.005209181 -0.0001218727 -0.003576626 -0.01234048 -0.0250251 0.9996043 
1341839846.033941 -0.0179356 0.01114703 0.002460299 -0.002667671 -0.01123106 -0.0270924 0.9995663 
1341839846.065923 -0.0197003 0.007183866 0.005598573 -0.004150465 -0.0111297 -0.02624465 0.999585 
1341839846.101945 -0.01868632 0.007976347 0.002970322 -0.003659983 -0.01239068 -0.02668479 0.9995604 
1341839846.133881 -0.01061609 0.003308067 0.003151209 -0.00618706 -0.01577864 -0.02818465 0.999459 
1341839846.165870 -0.007274945 0.0003138061 0.001324031 -0.007287007 -0.01506346 -0.0290923 0.9994367 
1341839846.201921 -0.0139096 0.008307507 0.002672636 -0.004720593 -0.009398961 -0.03017539 0.9994893 
1341839846.233820 -0.01785202 0.007972577 0.006486905 -0.004941247 -0.008255909 -0.03058216 0.9994859 
1341839846.266171 -0.01193657 0.002953383 0.003844226 -0.006624062 -0.01124492 -0.02996809 0.9994657 
1341839846.302140 -0.01542938 0.01039044 0.00461166 -0.003865166 -0.008255832 -0.02953086 0.9995223 
1341839846.333843 -0.01749127 0.008833325 0.008711764 -0.004559309 -0.008898481 -0.03061194 0.9994813 
1341839846.369840 -0.01195286 0.004900393 0.003633371 -0.006766602 -0.01258248 -0.03306254 0.9993512 
1341839846.402011 -0.009123259 0.007418145 0.005614418 -0.007473502 -0.01134279 -0.03555089 0.9992755 
1341839846.433900 -0.009779779 0.004992022 0.01126331 -0.007742139 -0.009820519 -0.03522947 0.999301 
1341839846.469927 -0.01821698 0.008662011 0.009409419 -0.004945303 -0.006781109 -0.03397526 0.9993874 
1341839846.501920 -0.02132073 0.01578573 0.01169753 -0.003102434 -0.007549467 -0.03334661 0.9994105 
1341839846.535053 -0.01087863 0.004515935 0.01414533 -0.007843243 -0.0149556 -0.03341465 0.9992989 
1341839846.569928 -0.00395963 0.0004696764 0.01115922 -0.008757802 -0.01710016 -0.03310808 0.9992671 
1341839846.602754 -0.007549688 0.006289489 0.01483364 -0.006616986 -0.01389812 -0.03257084 0.9993509 
1341839846.637836 -0.005066571 -0.001843681 0.01877403 -0.009357044 -0.01634041 -0.03296904 0.999279 
1341839846.669984 0.001442354 -0.00318596 0.01590911 -0.009182843 -0.01873646 -0.03403237 0.9992029 
1341839846.701829 -0.002770924 0.001824566 0.02012093 -0.008097893 -0.01396801 -0.0340556 0.9992895 
1341839846.737910 -0.01051977 0.0005752959 0.02616283 -0.008345387 -0.0115789 -0.03298927 0.9993538 
1341839846.769925 -0.00413922 -0.006393736 0.0262962 -0.01069753 -0.0178561 -0.03234616 0.99926 
1341839846.805852 0.005836567 -0.00884831 0.02835634 -0.01132846 -0.02177165 -0.03252667 0.9991695 
1341839846.837837 0.006381677 -0.01516707 0.03229406 -0.01300346 -0.02010181 -0.03267999 0.9991791 
1341839846.869888 0.001666135 -0.01348625 0.03266495 -0.0116248 -0.01757004 -0.03366789 0.999211 
1341839846.906029 0.006435605 -0.01769098 0.03768788 -0.0140183 -0.0195189 -0.03509844 0.9990949 
1341839846.938034 0.009404368 -0.03239863 0.04245527 -0.01795425 -0.02021093 -0.03489618 0.9990252 
1341839846.969926 0.0007254971 -0.02537985 0.04248901 -0.01256031 -0.01554677 -0.03340735 0.999242 
1341839847.006052 0.001872172 -0.0329426 0.04595422 -0.01586163 -0.01809904 -0.03198147 0.9991987 
1341839847.037860 0.01685375 -0.04949432 0.05024218 -0.02042986 -0.02531873 -0.03095158 0.9989913 
1341839847.073971 0.01053812 -0.04272737 0.04978918 -0.01521684 -0.017315 -0.03027856 0.9992757 
1341839847.105943 0.005890701 -0.04541567 0.05565594 -0.01709612 -0.01415461 -0.02754636 0.9993741 
1341839847.137970 0.0144762 -0.061866 0.0603542 -0.02273609 -0.02056321 -0.0257879 0.9991973 
1341839847.173932 0.01977833 -0.05819004 0.05681392 -0.01875569 -0.01933969 -0.02342105 0.9448273 
1341839847.206020 0.01970137 -0.06493191 0.06438203 -0.02344583 -0.01714341 -0.02567201 0.9992484 
1341839847.238111 0.01421422 -0.07954895 0.06587158 -0.02665637 -0.01379585 -0.02265649 0.9447533 
1341839847.273912 0.008134948 -0.07372473 0.06521798 -0.02355435 -0.01190623 -0.02187461 0.9448798 
1341839847.305944 0.01253206 -0.09130922 0.07128065 -0.03203167 -0.01681045 -0.02078955 0.9445804 
1341839847.341841 0.02533887 -0.1032668 0.07898723 -0.03300394 -0.02386057 -0.01914458 0.9444299 
1341839847.373878 0.02324327 -0.09075435 0.07675259 -0.02487254 -0.02006155 -0.01965824 0.9447568 
1341839847.405870 0.01928984 -0.1029028 0.08054521 -0.0313488 -0.01779691 -0.01925666 0.9446177 
1341839847.441942 0.02378796 -0.1154865 0.08462787 -0.03478253 -0.02088418 -0.01767057 0.9444653 
1341839847.473884 0.01596171 -0.1055318 0.08412732 -0.02982622 -0.01685634 -0.01638642 0.9447384 
1341839847.505964 0.01525658 -0.1286836 0.08846769 -0.04071187 -0.01983779 -0.01256475 0.9443326 
1341839847.541985 0.02245584 -0.1295087 0.09232584 -0.03829799 -0.02705852 -0.01161437 0.9442665 
1341839847.573837 0.03217668 -0.1237333 0.09602347 -0.03474206 -0.03052827 -0.01264432 0.944285 
1341839847.609996 0.03617234 -0.1376675 0.1007531 -0.03958141 -0.02904599 -0.01273658 0.94414 
1341839847.642100 0.031751 -0.1393827 0.1012881 -0.03802308 -0.02439731 -0.01197888 0.9443455 
1341839847.674027 0.03354195 -0.1427774 0.1037557 -0.03870433 -0.0236996 -0.01165234 0.9443397 
1341839847.710094 0.03461366 -0.1481272 0.1059593 -0.04008745 -0.02261288 -0.01233012 0.9443 
1341839847.741882 0.02993759 -0.1379212 0.1062143 -0.0361255 -0.01858061 -0.01392274 0.9445257 
1341839847.773869 0.03210725 -0.152425 0.1120965 -0.04470264 -0.01922547 -0.01451177 0.9441369 
1341839847.809897 0.03192169 -0.1579599 0.1153072 -0.04679402 -0.01942499 -0.0160674 0.9440062 
1341839847.841880 0.03319924 -0.155865 0.1180133 -0.04641395 -0.0194971 -0.01722964 0.944003 
1341839847.878289 0.03572095 -0.16664 0.1240617 -0.05185318 -0.01943881 -0.01748652 0.9437164 
1341839847.909840 0.0283447 -0.1690724 0.1253485 -0.05245455 -0.01590442 -0.01700503 0.9437581 
1341839847.941861 0.0278877 -0.1704734 0.1292489 -0.05110236 -0.01635522 -0.01480884 0.8918762 
1341839847.977961 0.0428551 -0.1852815 0.1379512 -0.05997588 -0.02437463 -0.01450049 0.943171 
1341839848.009877 0.03392978 -0.174253 0.1364285 -0.05072054 -0.01697741 -0.01459979 0.8918898 
1341839848.045768 0.03332036 -0.1839558 0.1428877 -0.05619514 -0.01654168 -0.01263117 0.8915999 
1341839848.077904 0.03386671 -0.1941012 0.1483437 -0.0595898 -0.01827566 -0.01100175 0.8913672 
1341839848.109911 0.03012375 -0.1873449 0.148381 -0.05637971 -0.01871881 -0.00978859 0.8915809 
1341839848.145877 0.03882476 -0.1993185 0.1571062 -0.06300427 -0.02558074 -0.00845171 0.8909804 
1341839848.177941 0.05188421 -0.2173624 0.1671508 -0.06790343 -0.03177382 -0.006988557 0.8904337 
1341839848.210005 0.05517455 -0.2009011 0.1642945 -0.05634595 -0.03013311 -0.008979937 0.8912788 
1341839848.245924 0.04430011 -0.2038692 0.1674829 -0.05911499 -0.02332383 -0.009345908 0.8912999 
1341839848.278057 0.05080481 -0.2262544 0.1797908 -0.0689403 -0.02921052 -0.007631452 0.8904365 
1341839848.313996 0.06033731 -0.2217631 0.1792525 -0.06274107 -0.03319644 -0.007214619 0.8907586 
1341839848.345902 0.05145973 -0.2131813 0.1794015 -0.05955711 -0.02733438 -0.007517347 0.8911738 
1341839848.378083 0.05404035 -0.2311094 0.1903149 -0.06912641 -0.03087467 -0.004852113 0.8903854 
1341839848.413902 0.06586854 -0.2457512 0.1997527 -0.07290341 -0.03844863 9.237709e-05 0.8898023 
1341839848.446051 0.07624626 -0.2389227 0.1980477 -0.0652545 -0.04179683 -0.001033229 0.8902445 
1341839848.477990 0.08259116 -0.2219008 0.200946 -0.0562583 -0.03962482 -0.005881974 0.8909386 
1341839848.514027 0.07911576 -0.2388626 0.2052922 -0.06602297 -0.03348005 -0.006367976 0.8905172 
1341839848.545899 0.08085826 -0.2536606 0.2155158 -0.07135184 -0.03131476 -0.004409846 0.8901967 
1341839848.581848 0.07431449 -0.2505073 0.2127357 -0.06738994 -0.0273738 -0.002871812 0.8906416 
1341839848.614329 0.07548828 -0.2493301 0.2161926 -0.06886836 -0.03067269 -0.003880415 0.8904171 
1341839848.646056 0.08785978 -0.2658327 0.2256142 -0.07066388 -0.0344007 -0.004779209 0.8188925 
1341839848.681939 0.0962091 -0.2671796 0.2268485 -0.07420492 -0.03701265 -0.00807912 0.889719 
1341839848.713946 0.08759296 -0.2617452 0.2287319 -0.06545999 -0.02534842 -0.009495357 0.8196139 
1341839848.745899 0.0824276 -0.2759159 0.2346489 -0.07242715 -0.02325367 -0.009075664 0.8190945 
1341839848.782038 0.07887074 -0.2815803 0.2384268 -0.07458969 -0.02534776 -0.007823017 0.8188512 
1341839848.813915 0.07745608 -0.2819345 0.2423671 -0.07438319 -0.02877253 -0.005863358 0.8187732 
1341839848.850000 0.08117171 -0.2766548 0.2453807 -0.07147091 -0.03467592 -0.007079444 0.8187942 
1341839848.881968 0.08359492 -0.2663379 0.2463568 -0.06747818 -0.03706788 -0.0105667 0.8189906 
1341839848.914184 0.08463915 -0.2774173 0.2522543 -0.07459277 -0.03725105 -0.01082898 0.8183615 
1341839848.949897 0.08550323 -0.2939317 0.2611835 -0.082555 -0.03976188 -0.009238652 0.817498 
1341839848.981903 0.08738793 -0.2917102 0.2633552 -0.08020929 -0.04358636 -0.009360331 0.8175351 
1341839849.018057 0.08624245 -0.2832985 0.262839 -0.0770073 -0.04441723 -0.01089046 0.8177793 
1341839849.050047 0.08988353 -0.2921691 0.271319 -0.08254281 -0.0464304 -0.01008916 0.8171375 
1341839849.082045 0.09179814 -0.2977504 0.2763353 -0.08404181 -0.04729934 -0.009735111 0.8169392 
1341839849.118139 0.08805075 -0.2917376 0.2750754 -0.08105068 -0.04466101 -0.00972046 0.8173899 
1341839849.149926 0.08722622 -0.2990684 0.2811682 -0.08677362 -0.04559318 -0.008052341 0.8167689 
1341839849.181857 0.0916704 -0.3040522 0.2875702 -0.08957997 -0.04992445 -0.007341948 0.8162191 
1341839849.217924 0.09250422 -0.2992629 0.2886524 -0.08765641 -0.04991732 -0.007333964 0.8164285 
1341839849.249844 0.0947675 -0.3112377 0.2982852 -0.0938765 -0.04957379 -0.004024635 0.8157806 
1341839849.285792 0.09534265 -0.3236941 0.3055002 -0.09775611 -0.05068931 0.0001602442 0.8152662 
1341839849.317899 0.09914113 -0.3125271 0.3024735 -0.09040057 -0.05320119 -0.0002545583 0.8159546 
1341839849.349911 0.1051448 -0.3093233 0.306495 -0.08953742 -0.05281843 -0.001331116 0.8160736 
1341839849.385901 0.1026339 -0.3203784 0.3136326 -0.09497474 -0.04732883 0.000956837 0.8157962 
1341839849.417927 0.1008168 -0.330572 0.3193762 -0.09952396 -0.04700389 0.003741309 0.8152645 
1341839849.450043 0.1092022 -0.3353699 0.3272464 -0.09997932 -0.05256147 0.006452697 0.8148524 
1341839849.485994 0.1122842 -0.3337688 0.325544 -0.09410704 -0.04785082 0.008553403 0.815822 
1341839849.517976 0.111301 -0.3376573 0.3310515 -0.09487424 -0.04386256 0.01210364 0.8159124 
1341839849.554305 0.1174467 -0.3538852 0.342936 -0.1006429 -0.05060601 0.0172999 0.8147364 
1341839849.585964 0.1160041 -0.3466162 0.3401035 -0.08020328 -0.04533946 0.01816087 0.726795 
1341839849.618027 0.1189524 -0.3442912 0.3387707 -0.08616918 -0.04939852 0.02075304 0.8163875 
1341839849.653990 0.1196744 -0.3506518 0.3458159 -0.07818249 -0.0414318 0.02057278 0.7271841 
1341839849.686025 0.1220297 -0.3555689 0.3506641 -0.07682626 -0.04186885 0.02326955 0.7272223 
1341839849.718004 0.1241458 -0.3578325 0.3532221 -0.07378829 -0.04146541 0.0270537 0.7274291 
1341839849.753965 0.1238515 -0.3589699 0.3540679 -0.07145514 -0.03960239 0.03057604 0.7276263 
1341839849.786542 0.1265444 -0.3620822 0.3587758 -0.07121227 -0.04071818 0.03389377 0.7274415 
1341839849.822760 0.129899 -0.3646178 0.3629266 -0.06978669 -0.04149673 0.03631365 0.7274189 
1341839849.853815 0.1282934 -0.3635193 0.3625497 -0.06753106 -0.03980483 0.03702958 0.7276902 
1341839849.885920 0.1302553 -0.3675141 0.3685579 -0.06919179 -0.04114985 0.03890815 0.7273613 
1341839849.921991 0.132766 -0.3723889 0.3745324 -0.06948605 -0.04278449 0.04184482 0.7270758 
1341839849.953839 0.1323076 -0.3716813 0.3756198 -0.06737309 -0.04305717 0.04340575 0.7271671 
1341839849.985986 0.1369845 -0.3746322 0.3806477 -0.06757513 -0.04441886 0.0445189 0.7269991 
1341839850.022022 0.1377677 -0.3737163 0.3801078 -0.06559265 -0.04206154 0.04468988 0.7273103 
1341839850.053889 0.1348845 -0.3723863 0.3826053 -0.06591716 -0.03898723 0.04469072 0.7274522 
1341839850.089916 0.1400074 -0.3810758 0.3920775 -0.07011055 -0.04097154 0.0462757 0.7268517 
1341839850.122696 0.1360635 -0.3801143 0.3908859 -0.06784597 -0.03806923 0.04765245 0.7271354 
1341839850.153891 0.1335127 -0.3761257 0.392357 -0.06804965 -0.03880567 0.04811122 0.7270473 
1341839850.189806 0.1439215 -0.3875612 0.4034393 -0.07383053 -0.04478171 0.0497031 0.7260319 
1341839850.221923 0.14526 -0.3853129 0.3997621 -0.07020511 -0.0421642 0.04886952 0.7266046 
1341839850.257926 0.1398656 -0.3825632 0.4027455 -0.07020814 -0.0373893 0.04888839 0.7268644 
1341839850.289928 0.1443976 -0.3915753 0.4120152 -0.07475486 -0.04160622 0.05024088 0.7260892 
1341839850.322006 0.1456797 -0.3921469 0.4110441 -0.07318488 -0.04208537 0.05093466 0.7261732 
1341839850.358083 0.1455226 -0.3906922 0.4140955 -0.072951 -0.0413699 0.05084515 0.7262441 
1341839850.389942 0.1510286 -0.3986412 0.4221489 -0.07576474 -0.04461714 0.0517644 0.7256986 
1341839850.422122 0.1480499 -0.395338 0.418175 -0.07191455 -0.04267863 0.05034319 0.7263067 
1341839850.458155 0.1486871 -0.3959864 0.4232831 -0.07368709 -0.04286059 0.05019122 0.7261288 
1341839850.490219 0.1545714 -0.4050965 0.4314935 -0.07016676 -0.04222814 0.04798533 0.6653156 
1341839850.525914 0.1511236 -0.4017517 0.4286178 -0.07228302 -0.04383577 0.05222631 0.7260682 
1341839850.558165 0.1526521 -0.4018973 0.4337972 -0.07346575 -0.04532736 0.05174256 0.7258925 
1341839850.590065 0.1565717 -0.4081786 0.4403664 -0.06862645 -0.04456861 0.04805457 0.6653186 
1341839850.625868 0.1552229 -0.4065751 0.439385 -0.06522093 -0.0436726 0.04847186 0.6656902 
1341839850.658023 0.1585624 -0.4076359 0.4440115 -0.06501051 -0.04490638 0.04794024 0.6656672 
1341839850.689870 0.1631866 -0.4130884 0.447932 -0.06499619 -0.04575062 0.04609645 0.6657413 
1341839850.726039 0.1603033 -0.4102161 0.446064 -0.06152575 -0.04140888 0.04399291 0.6664972 
1341839850.758642 0.1562558 -0.4116676 0.4502845 -0.06322593 -0.03996729 0.04504743 0.6663557 
1341839850.794077 0.1630036 -0.4208634 0.4598542 -0.06561916 -0.04846362 0.04893407 0.6652856 
1341839850.826012 0.1678345 -0.4229095 0.4613602 -0.0621481 -0.05388685 0.05070099 0.6650694 
1341839850.857996 0.1701963 -0.4214977 0.4588172 -0.05965326 -0.05229339 0.04754565 0.6656578 
1341839850.897049 0.1741192 -0.4263334 0.4645201 -0.0600752 -0.04853549 0.04657043 0.6659734 
1341839850.925866 0.1727058 -0.4264386 0.4693731 -0.0582381 -0.04536011 0.04703151 0.6663279 
1341839850.958076 0.1716113 -0.4276165 0.4735908 -0.057332 -0.04663604 0.04840431 0.6662201 
1341839850.994159 0.1740997 -0.4309505 0.4777863 -0.05735478 -0.05186754 0.05197689 0.6655619 
1341839851.025938 0.1793578 -0.4357983 0.481131 -0.05743969 -0.05640298 0.05377767 0.6650424 
1341839851.061884 0.1822958 -0.4381182 0.4800638 -0.05543254 -0.05582171 0.05223774 0.6653844 
1341839851.093981 0.1819358 -0.4377705 0.4800124 -0.05389783 -0.05150239 0.05097713 0.6659564 
1341839851.125983 0.1849971 -0.4408453 0.4865264 -0.05359197 -0.04911354 0.05128175 0.6661381 
1341839851.162029 0.1832217 -0.4405902 0.4886345 -0.05098528 -0.04670116 0.05140622 0.6665065 
1341839851.201363 0.1821973 -0.4395357 0.490635 -0.05026281 -0.04672288 0.05233321 0.6664877 
1341839851.229772 0.1831575 -0.4431569 0.4927458 -0.04952965 -0.04691707 0.05106017 0.6461429 
1341839851.261859 0.1851377 -0.4423198 0.4943453 -0.05023761 -0.04868657 0.05259519 0.6663284 
1341839851.301178 0.1853233 -0.4401653 0.4963029 -0.05142438 -0.04812724 0.05198041 0.6663268 
1341839851.333106 0.1883253 -0.4461028 0.5033213 -0.05296033 -0.04749671 0.05135828 0.6458048 
1341839851.364936 0.1872655 -0.447782 0.5046503 -0.05009371 -0.0461156 0.05262707 0.6460314 
1341839851.400800 0.1806457 -0.4410296 0.4991897 -0.04748515 -0.04443754 0.05107356 0.6464706 
1341839851.432978 0.1894538 -0.4477798 0.5094497 -0.0533361 -0.04885973 0.05248075 0.6455819 
1341839851.468951 0.1930653 -0.4530348 0.5130396 -0.05251632 -0.04769548 0.05355355 0.6456481 
1341839851.500846 0.1862803 -0.4446072 0.5089281 -0.04832157 -0.04373406 0.0519983 0.6463828 
1341839851.532849 0.190778 -0.4507881 0.5180956 -0.05309135 -0.04638889 0.05276991 0.6457608 
1341839851.568942 0.1918158 -0.4543804 0.5204504 -0.05212079 -0.04679816 0.05381212 0.6457243 
1341839851.601011 0.18807 -0.4498738 0.518533 -0.05039213 -0.04592807 0.05303929 0.6459879 
1341839851.636933 0.1936515 -0.4564335 0.5272746 -0.05397886 -0.04936039 0.05422981 0.6453458 
1341839851.668994 0.1936002 -0.4583022 0.5285437 -0.05143246 -0.04943424 0.05623964 0.6453761 
1341839851.700879 0.190981 -0.4547668 0.5276805 -0.04961226 -0.04888832 0.05570097 0.6456068 
1341839851.736883 0.1942181 -0.4597797 0.534198 -0.05213701 -0.05114783 0.05656359 0.6451577 
1341839851.768951 0.1948496 -0.4609612 0.5352548 -0.05081858 -0.05145384 0.05789171 0.6451207 
1341839851.804954 0.1951942 -0.4604856 0.5372369 -0.05071977 -0.0513455 0.05774514 0.6451503 
1341839851.837032 0.2001706 -0.4669487 0.542858 -0.05246555 -0.0519655 0.05848594 0.6448942 
1341839851.868921 0.1967688 -0.4630112 0.5412168 -0.04905312 -0.04834929 0.05781237 0.6455045 
1341839851.904888 0.1954712 -0.4659415 0.5453776 -0.05120697 -0.0483914 0.05826276 0.6452936 
1341839851.936873 0.201052 -0.4738823 0.5525843 -0.05237787 -0.05317306 0.06222725 0.6444526 
1341839851.972969 0.2008028 -0.4694654 0.5495907 -0.04774804 -0.05161217 0.06232261 0.6449298 
1341839852.004880 0.2006554 -0.4698899 0.5532758 -0.04911406 -0.04932947 0.06134041 0.6451 
1341839852.036887 0.2032143 -0.4770657 0.5590589 -0.05147412 -0.04946152 0.06366462 0.6446806 
1341839852.072836 0.2038426 -0.4778877 0.5610088 -0.0492964 -0.0487236 0.06678615 0.6445911 
1341839852.104917 0.2040547 -0.4781982 0.5627535 -0.04800566 -0.04837875 0.06633077 0.6447615 
1341839852.140937 0.20376 -0.4799182 0.5646487 -0.0482529 -0.04813706 0.06651085 0.6447426 
1341839852.172894 0.2065064 -0.4845157 0.5690321 -0.04988549 -0.04945859 0.0688409 0.6442736 
1341839852.204924 0.2067052 -0.4895076 0.5717241 -0.04532126 -0.04697877 0.0644166 0.5956012 
1341839852.234030 0.2087017 -0.4855925 0.5720647 -0.04532861 -0.0510072 0.0699107 0.6443744 
1341839852.265924 0.2079262 -0.4872566 0.5746144 -0.04336376 -0.04464838 0.06481486 0.5958829 
1341839852.301932 0.2072579 -0.4967813 0.5789738 -0.0456166 -0.04478994 0.06718608 0.5954413 
1341839852.334063 0.2078053 -0.495754 0.5801891 -0.04161025 -0.04814425 0.0693852 0.5952207 
1341839852.365960 0.2120909 -0.4927061 0.5831515 -0.04000281 -0.05023298 0.06924267 0.5951749 
1341839852.402082 0.216158 -0.4994741 0.5874331 -0.04129999 -0.0486439 0.06986328 0.5951458 
1341839852.433897 0.2113556 -0.4965263 0.5858888 -0.03754733 -0.04474955 0.06989179 0.5956963 
1341839852.469906 0.2128655 -0.498734 0.5891539 -0.03935302 -0.04543486 0.07024103 0.5954868 
1341839852.501863 0.2161361 -0.5051243 0.5945165 -0.04083522 -0.04658704 0.07276185 0.5949951 
1341839852.533949 0.2155897 -0.5034546 0.5949491 -0.03763575 -0.04661528 0.07453188 0.5949848 
1341839852.569896 0.2164694 -0.5034666 0.5969208 -0.03687883 -0.04720561 0.07481536 0.59495 
1341839852.601883 0.2178754 -0.5058005 0.5999856 -0.03703398 -0.04763208 0.0757403 0.5947894 
1341839852.634062 0.2192379 -0.5052892 0.6017531 -0.03576116 -0.04727019 0.07589703 0.5948761 
1341839852.669878 0.2181196 -0.5048617 0.6022354 -0.0349803 -0.04467509 0.0746229 0.5952842 
1341839852.701915 0.2148209 -0.5066747 0.6028677 -0.03649861 -0.04312659 0.07491161 0.595271 
1341839852.737942 0.2145507 -0.5110515 0.6063002 -0.03904803 -0.04591139 0.07651733 0.5946964 
1341839852.769982 0.2154367 -0.5120922 0.6093709 -0.03835923 -0.04974507 0.07756455 0.5942971 
1341839852.801999 0.2147723 -0.5084674 0.6094608 -0.03729893 -0.05172176 0.07755211 0.5941975 
1341839852.838034 0.220925 -0.5126473 0.6167286 -0.04062966 -0.05408657 0.07849108 0.593645 
1341839852.869909 0.2199942 -0.5139004 0.6177639 -0.03936577 -0.05290459 0.07790315 0.593914 
1341839852.901899 0.2162934 -0.5116957 0.6164109 -0.03876263 -0.0522643 0.0765373 0.5941879 
1341839852.937980 0.2212907 -0.5183707 0.6229435 -0.04265764 -0.05463756 0.07842442 0.593461 
1341839852.969844 0.2225104 -0.5197432 0.6257142 -0.04060262 -0.05496096 0.07954586 0.5934261 
1341839853.005873 0.219508 -0.5147445 0.6238264 -0.03747162 -0.05431789 0.0774911 0.5939629 
1341839853.037853 0.2243645 -0.5189846 0.6293292 -0.04060326 -0.05529017 0.07730775 0.5936912 
1341839853.069999 0.2230289 -0.5205016 0.6298696 -0.03797091 -0.05097361 0.07436161 0.5759712 
1341839853.105921 0.2210249 -0.5176127 0.6295785 -0.03838696 -0.05100215 0.0769482 0.5942689 
1341839853.137883 0.2241974 -0.5214781 0.6341878 -0.0399501 -0.04950479 0.07490476 0.575895 
1341839853.170078 0.2246571 -0.523614 0.6368617 -0.03911123 -0.04784713 0.07552919 0.5760111 
1341839853.205871 0.2232312 -0.5224615 0.6369645 -0.03786067 -0.04695655 0.0757315 0.5761414 
1341839853.237899 0.2248033 -0.525282 0.6407991 -0.03904894 -0.04735339 0.07664704 0.5759085 
1341839853.273915 0.2253622 -0.5286111 0.6433647 -0.03871339 -0.0482087 0.07802681 0.5756748 
1341839853.305981 0.2266409 -0.5285088 0.6460338 -0.03645738 -0.05035198 0.07796454 0.5756471 
1341839853.337978 0.2281953 -0.5274831 0.6477537 -0.0341563 -0.05076997 0.07675997 0.5759133 
1341839853.373951 0.2255125 -0.5278794 0.6478012 -0.03421999 -0.04884982 0.07721946 0.5760142 
1341839853.405851 0.2278808 -0.5343302 0.6526061 -0.036677 -0.05080616 0.07988385 0.57533 
1341839853.442054 0.2270236 -0.5347775 0.6532049 -0.03392357 -0.05368116 0.08025609 0.5751861 
1341839853.473841 0.2300165 -0.5301176 0.6554611 -0.03208097 -0.05658392 0.07902244 0.5751844 
1341839853.505922 0.2356325 -0.5367404 0.6611701 -0.03515951 -0.05567319 0.07979665 0.5749864 
1341839853.542097 0.2351558 -0.5399751 0.66402 -0.03339039 -0.05335331 0.08137909 0.57509 
1341839853.573956 0.2339058 -0.5383923 0.6633426 -0.03031625 -0.05345592 0.08132424 0.5752584 
1341839853.606086 0.2361628 -0.5409799 0.6672122 -0.03030053 -0.05420845 0.08197647 0.5750962 
1341839853.641956 0.2354683 -0.5415266 0.6675967 -0.02844991 -0.05380291 0.08280505 0.5751102 
1341839853.710154 0.2382578 -0.5437578 0.6727589 -0.02740036 -0.05570046 0.08277679 0.5749845 
1341839853.742061 0.238938 -0.5428796 0.6740879 -0.02573041 -0.05546947 0.08169363 0.5752389 
1341839853.774203 0.239812 -0.5446645 0.6759457 -0.0254878 -0.05327538 0.08023359 0.5687707 
1341839853.809870 0.2390955 -0.5454681 0.6772925 -0.02516193 -0.05153298 0.08212973 0.5755679 
1341839853.841862 0.2374594 -0.5458355 0.6778487 -0.02503919 -0.05065952 0.08097128 0.5689251 
1341839853.874056 0.2389262 -0.5498581 0.6810532 -0.02614997 -0.0511282 0.08243997 0.5686222 
1341839853.910043 0.2384291 -0.5480203 0.6816175 -0.02410615 -0.05199175 0.08267234 0.5686005 
1341839853.941919 0.2407358 -0.5478362 0.6846025 -0.0243945 -0.05283831 0.08252784 0.5685311 
1341839853.977952 0.2416291 -0.5491693 0.6869734 -0.02443149 -0.05176519 0.08230117 0.5686611 
1341839854.017422 0.2395205 -0.5493962 0.6870101 -0.024449 -0.05028219 0.0820905 0.5688238 
1341839854.049528 0.2398857 -0.5519465 0.6896647 -0.02572017 -0.05113747 0.0824918 0.5686334 
1341839854.080991 0.2401523 -0.5524639 0.6910322 -0.02542047 -0.05235961 0.08299847 0.568462 
1341839854.116931 0.2420673 -0.5516691 0.6933286 -0.02542471 -0.05325028 0.08414047 0.5682111 
1341839854.148886 0.2453354 -0.5516693 0.6967782 -0.02478944 -0.0522281 0.08396452 0.56836 
1341839854.184921 0.2420307 -0.548951 0.6950431 -0.02323395 -0.04806167 0.08163616 0.569132 
1341839854.216976 0.2392008 -0.5519208 0.6955187 -0.02720452 -0.04641226 0.08186004 0.5690608 
1341839854.248759 0.2433715 -0.558618 0.7018936 -0.03078492 -0.04913803 0.08478327 0.5682209 
1341839854.284863 0.2434759 -0.5558887 0.7014923 -0.02733164 -0.05021226 0.08577572 0.5681546 
1341839854.316904 0.2447613 -0.5526829 0.7027233 -0.02695277 -0.05058696 0.08530816 0.5682099 
1341839854.352954 0.24831 -0.5567042 0.7064169 -0.02895836 -0.04903827 0.08549152 0.5682194 
1341839854.385229 0.2474881 -0.5546125 0.7063703 -0.02658291 -0.04521629 0.0844654 0.5688057 
1341839854.417199 0.2426798 -0.5552874 0.705295 -0.02825932 -0.04183924 0.08360218 0.5691107 
1341839854.452925 0.2435487 -0.5624152 0.7104129 -0.03253281 -0.04425668 0.0860456 0.5683349 
1341839854.484956 0.2466892 -0.5642133 0.7127501 -0.03119521 -0.04800196 0.08966056 0.5675466 
1341839854.520956 0.247556 -0.5610279 0.7135005 -0.02856863 -0.04966835 0.08986878 0.5675085 
1341839854.553347 0.249377 -0.5606934 0.7157352 -0.02837209 -0.04997842 0.0887208 0.5676718 
1341839854.621017 0.2492382 -0.5643557 0.7191789 -0.02849806 -0.04607797 0.08989444 0.5678108 
1341839854.649560 0.2496428 -0.5666104 0.7214954 -0.02884592 -0.04621716 0.09142254 0.5675379 
1341839854.682031 0.2505333 -0.5671687 0.7232148 -0.02797777 -0.04704901 0.09252442 0.5673344 
1341839854.713930 0.2517403 -0.5683066 0.7259105 -0.02658907 -0.04494773 0.09092083 0.5478513 
1341839854.745858 0.2539371 -0.5702024 0.7287608 -0.02720107 -0.04556335 0.09634914 0.5668566 
1341839854.781934 0.2517629 -0.5700109 0.7284199 -0.02422154 -0.04258964 0.09339384 0.5477335 
1341839854.813894 0.2530519 -0.5689846 0.7302777 -0.02421396 -0.04222764 0.09391069 0.5476735 
1341839854.845894 0.2563646 -0.5728976 0.7348444 -0.0257086 -0.04061801 0.09592986 0.5473771 
1341839854.882028 0.2532023 -0.5741861 0.7339491 -0.02406877 -0.03787257 0.09741344 0.5473865 
1341839854.913923 0.2509288 -0.5750622 0.7355703 -0.02491733 -0.03929077 0.09860991 0.5470342 
1341839854.950288 0.2588842 -0.5783581 0.7423496 -0.02580687 -0.04305761 0.1019554 0.5460953 
1341839854.982075 0.2599526 -0.5764013 0.7429613 -0.02100385 -0.04042629 0.1034146 0.5462279 
1341839855.013812 0.256518 -0.5749536 0.7408855 -0.01987756 -0.03773359 0.1017483 0.5467754 
1341839855.050129 0.257789 -0.5814907 0.7446822 -0.02330707 -0.03856191 0.1029874 0.54635 
1341839855.081800 0.2607073 -0.584626 0.7473398 -0.02228931 -0.04069593 0.1061971 0.5456227 
1341839855.114073 0.2629314 -0.5821436 0.7497521 -0.01898301 -0.04189475 0.1070333 0.5454937 
1341839855.150030 0.2633891 -0.5817171 0.7506128 -0.01636274 -0.04069021 0.1061193 0.5474337 
1341839855.182071 0.2631599 -0.5813155 0.7506538 -0.01486812 -0.0386925 0.104798 0.5462913 
1341839855.217767 0.2637211 -0.5837076 0.752596 -0.01534622 -0.0375311 0.1049417 0.5479156 
1341839855.249960 0.2627703 -0.5893342 0.7529555 -0.01505344 -0.03577389 0.107067 0.54763 
1341839855.281992 0.2583257 -0.5906939 0.7494534 -0.01243561 -0.03696383 0.1078813 0.5474569 
1341839855.317935 0.2635578 -0.5877305 0.7548514 -0.01088605 -0.04343265 0.1072037 0.5471479 
1341839855.349844 0.2703105 -0.5886042 0.7575014 -0.00974625 -0.04332068 0.1054793 0.5475133 
1341839855.381947 0.2656635 -0.5857724 0.7574466 -0.008540195 -0.03615239 0.1029092 0.5485418 
1341839855.417890 0.2624931 -0.590937 0.7580641 -0.01142463 -0.03443936 0.1028088 0.5486184 
1341839855.449975 0.2615397 -0.5996328 0.7578156 -0.01231985 -0.03724186 0.1053721 0.5479292 
1341839855.485969 0.2636043 -0.592236 0.7607748 -0.008793918 -0.04251824 0.1048725 0.5477089 
1341839855.517935 0.2685297 -0.5929116 0.7662818 -0.009972196 -0.04401461 0.1055564 0.547439 
1341839855.549932 0.2688378 -0.5944267 0.767634 -0.009243984 -0.04161036 0.1053722 0.5476753 
1341839855.585931 0.2634041 -0.5934563 0.7661615 -0.0100351 -0.03903837 0.1028929 0.5483217 
1341839855.617868 0.2643787 -0.5949424 0.7696608 -0.01368904 -0.04001406 0.1029678 0.5481583 
1341839855.653959 0.2655861 -0.6039139 0.7720251 -0.01689639 -0.04107863 0.1064221 0.5473297 
1341839855.686629 0.2645218 -0.595743 0.7720945 -0.01199705 -0.04418258 0.1057489 0.5473477 
1341839855.717974 0.265354 -0.5950834 0.774301 -0.01435575 -0.044835 0.1047312 0.5474335 
1341839855.754217 0.2681478 -0.5990377 0.7786366 -0.01741493 -0.04533269 0.1053353 0.5471878 
1341839855.785976 0.266624 -0.5995264 0.7789798 -0.01662317 -0.04514181 0.105717 0.5471546 
1341839855.817884 0.2650306 -0.6002582 0.7794866 -0.01732463 -0.04623719 0.1060511 0.5469767 
1341839855.853954 0.2668648 -0.603678 0.7824909 -0.0185437 -0.0495974 0.1069143 0.5464741 
1341839855.885819 0.2669637 -0.5994465 0.7829574 -0.0154962 -0.05164468 0.1048867 0.5467722 
1341839855.921856 0.267423 -0.5986246 0.7847547 -0.01570473 -0.05002327 0.1029254 0.5472895 
1341839855.953959 0.2674139 -0.6026621 0.7863054 -0.01759483 -0.04788551 0.1027969 0.5474473 
1341839855.985984 0.2653248 -0.6060326 0.786262 -0.01842609 -0.04915862 0.1025244 0.5473582 
1341839856.021829 0.2674922 -0.6052354 0.788655 -0.01785353 -0.05297057 0.102621 0.5470033 
1341839856.053782 0.2678639 -0.6039611 0.7900691 -0.01664498 -0.05285379 0.1016883 0.5472269 
1341839856.086616 0.2675172 -0.6053204 0.7911795 -0.01715783 -0.05204304 0.1003803 0.5475302 
1341839856.121800 0.2675244 -0.606018 0.7925227 -0.01722869 -0.0518613 0.09966809 0.5476753 
1341839856.153957 0.2661856 -0.6059921 0.7930185 -0.01746368 -0.05099726 0.09888425 0.547891 
1341839856.190048 0.2664735 -0.6089021 0.7958016 -0.01967032 -0.052433 0.09886361 0.5476844 
1341839856.222015 0.2672529 -0.6106849 0.7977582 -0.01985123 -0.05502911 0.09868449 0.5474554 
1341839856.253873 0.268028 -0.6101709 0.7991052 -0.01882255 -0.05632623 0.0980069 0.5474816 
1341839856.289840 0.2693072 -0.6123875 0.8017438 -0.01895273 -0.05581978 0.09839902 0.5474586 
1341839856.321942 0.2698577 -0.6146798 0.8033255 -0.01657423 -0.05273245 0.09377794 0.5201127 
1341839856.353811 0.2679993 -0.6122905 0.8015208 -0.01451641 -0.05507335 0.09695159 0.5479279 
1341839856.390102 0.2680571 -0.6147966 0.8028453 -0.0151068 -0.05365844 0.09123504 0.5205148 
1341839856.422082 0.2721511 -0.6180673 0.8071911 -0.01526764 -0.05562151 0.09222047 0.5201302 
1341839856.457814 0.2726765 -0.6154387 0.8074894 -0.01117235 -0.05530665 0.09116588 0.5204537 
1341839856.489904 0.2722857 -0.6136979 0.8073802 -0.0100471 -0.05428 0.08872414 0.5210064 
1341839856.521972 0.2732801 -0.6167153 0.8095128 -0.01147876 -0.05306675 0.08817764 0.5211946 
1341839856.557920 0.2716353 -0.6188346 0.8095943 -0.01153757 -0.052094 0.08857349 0.5212243 
1341839856.589888 0.2709673 -0.6201183 0.8103856 -0.01173017 -0.05380065 0.08896144 0.5209805 
1341839856.622023 0.2734549 -0.6192808 0.8133631 -0.01113102 -0.05655656 0.08876853 0.5207346 
1341839856.657871 0.2723479 -0.6175441 0.8136751 -0.009844978 -0.05550958 0.08693946 0.5211816 
1341839856.689931 0.2719953 -0.6194969 0.8152564 -0.01112175 -0.05456985 0.08596448 0.5214168 
1341839856.725899 0.2715917 -0.6211568 0.8170067 -0.01210902 -0.05509027 0.08544377 0.5214257 
1341839856.757992 0.2729515 -0.6231369 0.819869 -0.01326357 -0.05664511 0.08601468 0.521137 
1341839856.790085 0.2739291 -0.6234235 0.8219151 -0.01242499 -0.05667042 0.086954 0.5209991 
1341839856.839656 0.2730743 -0.6216152 0.8223221 -0.01068773 -0.05583946 0.08579606 0.5213192 
1341839856.865317 0.2728065 -0.623032 0.8236411 -0.01162048 -0.05555682 0.0850498 0.5214517 
1341839856.894594 0.273593 -0.6242063 0.825781 -0.01225043 -0.0557441 0.08570864 0.5213094 
1341839856.926373 0.273637 -0.6251929 0.8273157 -0.01255337 -0.05581854 0.08623016 0.5212082 
1341839856.958224 0.2750825 -0.6261703 0.8299997 -0.01226736 -0.05648919 0.08684051 0.5210414 
1341839857.004395 0.273464 -0.6241313 0.8294043 -0.01035365 -0.05588525 0.08520465 0.521418 
1341839857.027972 0.2744348 -0.6256946 0.831756 -0.01177471 -0.05580962 0.08490311 0.5214451 
1341839857.058153 0.2750164 -0.6276404 0.8341773 -0.01222269 -0.0555524 0.0859681 0.5212878 
1341839857.094172 0.2742008 -0.6276943 0.8349877 -0.01130755 -0.05630955 0.08610103 0.5212053 
1341839857.127349 0.2734181 -0.6271319 0.8351397 -0.0109481 -0.05770287 0.08540529 0.521175 
1341839857.161937 0.2745427 -0.6280302 0.8370289 -0.01198508 -0.05861601 0.08576186 0.5209917 
1341839857.193984 0.2772155 -0.629916 0.8406753 -0.01222522 -0.05836416 0.08540789 0.5135662 
1341839857.226017 0.2749483 -0.6273985 0.8393834 -0.009465965 -0.05700378 0.08578439 0.5212187 
1341839857.261913 0.2745511 -0.6278885 0.8396084 -0.01086104 -0.05571311 0.08388304 0.5141423 
1341839857.294048 0.2761764 -0.6307682 0.8437428 -0.01287039 -0.05656751 0.08566324 0.5137089 
1341839857.325950 0.2778991 -0.6314153 0.846105 -0.01074376 -0.05760349 0.08790744 0.5132633 
1341839857.361866 0.2757304 -0.6281899 0.846024 -0.008534553 -0.05733025 0.08633486 0.5136022 
1341839857.394079 0.2774132 -0.6282049 0.8483052 -0.01004113 -0.05801894 0.08551422 0.5136349 
1341839857.429949 0.2785217 -0.6320771 0.849719 -0.01105335 -0.05714969 0.08683902 0.5134893 
1341839857.461927 0.2773368 -0.6329837 0.8480226 -0.009201034 -0.05699283 0.08686002 0.5135397 
1341839857.494284 0.2778003 -0.6316877 0.8486274 -0.007904205 -0.05799835 0.08625106 0.5135514 
1341839857.529868 0.2781531 -0.632288 0.8502915 -0.008169191 -0.05733726 0.08704192 0.513488 
1341839857.561886 0.2794966 -0.6351233 0.8526725 -0.008073256 -0.05765969 0.08922056 0.5130794 
1341839857.594054 0.2800481 -0.6339579 0.8536569 -0.00489046 -0.05866438 0.08940292 0.5129739 
1341839857.629788 0.2813068 -0.6316059 0.8547418 -0.003003424 -0.05783203 0.08929838 0.5131012 
1341839857.661962 0.2829953 -0.6337744 0.8573042 -0.002912867 -0.05448043 0.09104729 0.5131611 
1341839857.697990 0.2815037 -0.6350485 0.8576363 -0.0008352076 -0.05205987 0.09231006 0.5134576 
1341839857.729964 0.282499 -0.634335 0.8585966 0.000743712 -0.05318838 0.09287002 0.5129777 
1341839857.762022 0.2841987 -0.6355527 0.859858 0.001800799 -0.05146574 0.09484484 0.5130529 
1341839857.798680 0.2861449 -0.6333905 0.8667608 0.004995292 -0.04822903 0.09712375 0.5129198 
1341839857.829963 0.282907 -0.6336801 0.8633316 0.006183854 -0.04481958 0.09679473 0.5132782 
1341839857.865820 0.2832778 -0.6352768 0.8640236 0.005651789 -0.04454928 0.0980347 0.5130725 
1341839857.897849 0.283989 -0.637809 0.8653968 0.006032978 -0.04529148 0.1011447 0.512399 
1341839857.929959 0.2852441 -0.6386537 0.8673269 0.008353287 -0.04728361 0.102904 0.5118359 
1341839857.965946 0.2871474 -0.6366905 0.8693218 0.01172533 -0.04778341 0.1040362 0.5147936 
1341839857.997930 0.2856689 -0.6353119 0.8691014 0.01350377 -0.04484587 0.1034605 0.5118331 
1341839858.030063 0.2887063 -0.6382169 0.8715336 0.01321435 -0.04442582 0.1054361 0.5147734 
1341839858.065790 0.2892947 -0.637716 0.8727452 0.01655628 -0.04259265 0.1061142 0.5146924 
1341839858.097903 0.2875228 -0.6361538 0.8715095 0.01827313 -0.03972859 0.1057747 0.5149331 
1341839858.134029 0.2898375 -0.6383308 0.8733047 0.01751112 -0.03931403 0.1076261 0.5146077 
1341839858.165977 0.288016 -0.6438848 0.8726993 0.01884225 -0.03930475 0.109499 0.5141661 
1341839858.198009 0.2907301 -0.6393011 0.8754734 0.02312273 -0.04156053 0.111253 0.513437 
1341839858.233911 0.2987724 -0.6382942 0.8803698 0.02503733 -0.04265278 0.1140929 0.5210105 
1341839858.265831 0.2962754 -0.6282755 0.86854 0.03171078 -0.03818452 0.1121905 0.5130364 
1341839858.297894 0.2954749 -0.6365047 0.8951119 0.02814888 -0.03975319 0.1167745 0.5204866 
1341839858.334040 0.2963687 -0.6424907 0.8947319 0.0284576 -0.04044752 0.1167283 0.5204266 
1341839858.365902 0.2969759 -0.6424219 0.8974887 0.03066187 -0.04152734 0.1190726 0.5196848 
1341839858.401915 0.2988681 -0.6424206 0.8995406 0.0319989 -0.04297726 0.1203962 0.5191811 
1341839858.433884 0.3027259 -0.644785 0.9015363 0.03268022 -0.04253702 0.1194364 0.5193966 
1341839858.465923 0.3045813 -0.6438707 0.8964761 0.03308327 -0.04021897 0.118963 0.5196643 
1341839858.501898 0.301691 -0.6468356 0.9026232 0.04151559 -0.0508527 0.1577164 0.6814678 
1341839858.533842 0.2995136 -0.6534996 0.9076701 0.04154291 -0.05133162 0.1586348 0.681217 
1341839858.565881 0.3037542 -0.6489728 0.9069432 0.04484113 -0.05414487 0.160236 0.6804149 
1341839858.601865 0.3065645 -0.6478466 0.9056421 0.04307053 -0.05340588 0.1605494 0.6805138 
1341839858.633984 0.3049216 -0.6569171 0.9129324 0.03965502 -0.05138552 0.159338 0.6811614 
1341839858.669940 0.3055673 -0.6600929 0.9127126 0.042116 -0.05048374 0.1591525 0.6811244 
1341839858.702025 0.3078445 -0.6534644 0.9109416 0.04411887 -0.05028192 0.1626455 0.6801868 
1341839858.733908 0.3075836 -0.660735 0.9169452 0.04091527 -0.04929224 0.1611507 0.680815 
1341839858.769859 0.3071194 -0.6654797 0.9178897 0.04258027 -0.04854998 0.1600542 0.6810249 
1341839858.801885 0.3099645 -0.6607269 0.9173722 0.04495493 -0.04912472 0.162406 0.6802738 
1341839858.833866 0.3125742 -0.6660184 0.9181248 0.05374282 -0.06044168 0.2008497 0.8570519 
1341839858.869844 0.3107957 -0.6705482 0.9204113 0.0536642 -0.05681807 0.2006749 0.8573457 
1341839858.901863 0.309111 -0.6691222 0.9247018 0.05580697 -0.05821686 0.2044372 0.8562254 
1341839858.937959 0.3119683 -0.6733455 0.9265164 0.05592893 -0.06182646 0.2019875 0.8565458 
1341839858.969922 0.3151705 -0.6723862 0.9250231 0.05738012 -0.06254587 0.2012198 0.8565782 
1341839859.001906 0.3165172 -0.6746545 0.9277788 0.05569735 -0.06146914 0.1994991 0.8571695 
1341839859.037871 0.317619 -0.6803009 0.932499 0.0546473 -0.05841418 0.197221 0.8579776 
