1341846434.710184 0 0 0 0 0 0 1 
1341846434.746225 0.002482956 -0.006386588 -0.00281288 0.0002067601 0.001182227 0.002889693 0.9999951 
1341846434.778203 0.008864016 -0.01668912 -0.006358071 -0.002826887 0.000325549 0.003157537 0.999991 
1341846434.810024 0.01458584 -0.02258229 -0.0104295 -0.005617074 -0.0001481973 0.001499795 0.9999831 
1341846434.846345 0.02136386 -0.01928812 -0.01158367 -0.005691459 -0.003342849 -0.002195076 0.9999758 
1341846434.878202 0.02555088 -0.03059958 -0.01220083 -0.01195751 -0.007311249 -0.0101316 0.9998504 
1341846434.914148 0.02721162 -0.0313549 -0.01459316 -0.01297217 -0.0145226 -0.01898401 0.9996301 
1341846434.946443 0.02838069 -0.04223996 -0.01595719 -0.01964243 -0.02759698 -0.02845505 0.999021 
1341846434.978088 0.03595284 -0.04511021 -0.01447539 -0.02086605 -0.0396847 -0.03299871 1.014797 
1341846435.014019 0.04399296 -0.0537201 -0.01407325 -0.02294002 -0.04796259 -0.03245035 0.9980583 
1341846435.045942 0.05330135 -0.05426042 -0.01327197 -0.02196668 -0.05531388 -0.03426048 1.014 
1341846435.077985 0.06112752 -0.05158834 -0.007712983 -0.01820146 -0.05772131 -0.03482903 1.013921 
1341846435.113961 0.06768345 -0.05657323 -0.009226916 -0.01680397 -0.05873121 -0.03557029 1.013861 
1341846435.146181 0.07095959 -0.0534728 -0.008822731 -0.01175324 -0.06074929 -0.03557315 1.013813 
1341846435.182052 0.07114547 -0.05433852 -0.00885495 -0.0099472 -0.06479659 -0.03289354 1.013672 
1341846435.213955 0.07644654 -0.05711202 -0.006434337 -0.009334394 -0.07305519 -0.02903436 1.013234 
1341846435.246495 0.08001663 -0.05805198 -0.005380537 -0.00638943 -0.07991693 -0.02329908 1.012887 
1341846435.281968 0.08536179 -0.07858449 -0.01284895 -0.01491467 -0.08957885 -0.01951527 0.9971076 
1341846435.319946 0.08959405 -0.04457952 -0.005628474 -0.0003862768 -0.1012015 -0.02208283 1.01103 
1341846435.350127 0.1019373 -0.07513366 -0.01132833 -0.01796395 -0.1103835 -0.01976989 0.9949639 
1341846435.382078 0.1073768 -0.07848502 -0.002703772 -0.01957489 -0.1149286 -0.01825689 0.9944477 
1341846435.414309 0.1188882 -0.07866201 -0.002409964 -0.01710372 -0.1220369 -0.0166708 0.9936739 
1341846435.450323 0.1260234 -0.07353924 -0.001942696 -0.01179208 -0.1293095 -0.01594457 0.9928429 
1341846435.482273 0.1487583 -0.07367573 0.00593694 -0.0110191 -0.1406343 -0.01633954 0.9913046 
1341846435.513983 0.1663726 -0.07258097 0.006416625 -0.01007672 -0.1448869 -0.01885402 0.9906574 
1341846435.550153 0.1790018 -0.06735919 0.00895562 -0.009331645 -0.1470849 -0.02158368 0.990285 
1341846435.582003 0.1757353 -0.06507082 0.0185485 -0.00932181 -0.1489271 -0.02407274 0.9899523 
1341846435.618180 0.2046715 -0.0719413 0.006606226 -0.009519592 -0.1594133 -0.02627679 0.9882599 
1341846435.650183 0.2035045 -0.07587067 -0.00255312 -0.009690769 -0.1571525 -0.02766054 0.9885825 
1341846435.681920 0.2274369 -0.06126018 -0.01333699 -0.001401363 -0.165863 -0.0323306 0.9870631 
1341846435.717877 0.252255 -0.0612168 -0.0251596 -0.001044053 -0.1741631 -0.0324182 0.98563 
1341846435.750187 0.2991267 -0.04004247 -0.02560324 0.008281734 -0.194614 -0.03867532 0.9951849 
1341846435.782022 0.2850204 -0.03973815 -0.0195581 0.009611098 -0.1909969 -0.0378323 0.9822667 
1341846435.818082 0.3045764 -0.03865406 -0.02264398 0.01072845 -0.2035451 -0.04087143 0.9932853 
1341846435.849992 0.3028117 -0.03915003 -0.02224216 0.0115859 -0.2048008 -0.04086103 0.993018 
1341846435.886101 0.3062398 -0.03828113 -0.02218765 0.01267899 -0.2100719 -0.04138075 0.9918813 
1341846435.918077 0.3077759 -0.03762499 -0.02194148 0.01255721 -0.2140153 -0.04018747 0.9910886 
1341846435.950077 0.3145015 -0.03680001 -0.01422056 0.01292132 -0.2204445 -0.03885013 0.9897271 
1341846435.986080 0.3124448 -0.03619539 -0.01124019 0.01474686 -0.22427 -0.03702139 0.9889119 
1341846436.018119 0.315666 -0.03462896 -0.01358998 0.01628622 -0.2307989 -0.03542107 0.9874431 
1341846436.050565 0.3219935 -0.0339117 -0.007906409 0.01592034 -0.2376008 -0.03375508 0.9858929 
1341846436.085970 0.3236096 -0.03174919 -0.004951455 0.01481775 -0.2415543 -0.03181171 0.9850136 
1341846436.118116 0.3255172 -0.03270936 -0.002065542 0.01294069 -0.2476383 -0.02993098 0.9835872 
1341846436.153952 0.325409 -0.03144005 0.003100404 0.01398821 -0.2513408 -0.02789191 0.9826933 
1341846436.185994 0.3282326 -0.03268451 0.004077679 0.01416811 -0.2533737 -0.02611488 0.9822174 
1341846436.218096 0.3307091 -0.03254713 0.004543656 0.01541327 -0.2574085 -0.02452303 0.98119 
1341846436.253965 0.334271 -0.0277626 0.007997853 0.01740804 -0.2605392 -0.02139963 0.9804031 
1341846436.286007 0.3359301 -0.02941266 0.009555328 0.01326206 -0.2602736 -0.02166382 0.9805327 
1341846436.318164 0.3359494 -0.03005537 0.01012904 0.01326552 -0.2626492 -0.02199333 0.9798916 
1341846436.354084 0.3397054 -0.02170283 0.01519018 0.01731362 -0.2668049 -0.02190455 0.9787071 
1341846436.385958 0.340216 -0.02564038 0.01610712 0.01411233 -0.2670324 -0.02428472 0.9786402 
1341846436.422052 0.3394775 -0.02978751 0.01412717 0.01235218 -0.2684098 -0.02448737 0.9782821 
1341846436.453972 0.3399943 -0.03179175 0.01620968 0.01288085 -0.2734746 -0.02436075 0.9768747 
1341846436.485966 0.3412951 -0.03038014 0.01657404 0.01449502 -0.2763911 -0.02332044 0.9760563 
1341846436.522075 0.3414991 -0.0301142 0.01542965 0.01255936 -0.2786214 -0.02419571 0.9754275 
1341846436.553975 0.3405795 -0.03140954 0.01716097 0.01074937 -0.2841713 -0.02520409 0.9738212 
1341846436.590103 0.344866 -0.03275065 0.01743375 0.008840959 -0.282984 -0.02329321 0.9410654 
1341846436.622042 0.345303 -0.0310705 0.016506 0.007653372 -0.2974747 -0.0269858 0.9698216 
1341846436.654125 0.3471767 -0.03236169 0.02752173 0.005841367 -0.292787 -0.0293116 0.9379164 
1341846436.690078 0.3461815 -0.03266222 0.02761986 0.006811373 -0.2975214 -0.03081464 0.9363706 
1341846436.722015 0.354954 -0.03150532 0.02987807 0.006888793 -0.3078664 -0.03211994 0.9329758 
1341846436.754167 0.3518104 -0.03244188 0.03775774 0.006142459 -0.3142397 -0.03367906 0.9307987 
1341846436.790021 0.3505056 -0.0345622 0.03996697 0.008426393 -0.3212116 -0.03424146 0.9283773 
1341846436.822079 0.3642399 -0.04178654 0.02947996 0.006120636 -0.331569 -0.03517335 0.9247119 
1341846436.858129 0.3663781 -0.04118219 0.02796414 0.003059709 -0.3347254 -0.03608964 0.9235539 
1341846436.889894 0.3603794 -0.03721253 0.03803416 0.00207245 -0.3364888 -0.03421844 0.9229869 
1341846436.922139 0.3618959 -0.04050913 0.04048545 0.00118231 -0.3414447 -0.03060976 0.9212936 
1341846436.958108 0.3684995 -0.04078831 0.03910686 3.536525e-05 -0.3477396 -0.0256951 0.9190874 
1341846436.990096 0.3686604 -0.04107589 0.04438541 -0.002078381 -0.3522959 -0.02421147 0.9173886 
1341846437.022352 0.3691737 -0.04313634 0.04558411 -0.00378446 -0.3557185 -0.02443867 0.9160554 
1341846437.058136 0.3714465 -0.04404178 0.04895451 -0.005387873 -0.3608308 -0.02258982 0.9140933 
1341846437.096585 0.3736164 -0.04443682 0.04960141 -0.007715839 -0.365167 -0.02027898 0.9124073 
1341846437.126102 0.3759492 -0.04384684 0.04829103 -0.01031459 -0.3688032 -0.02009768 0.9109219 
1341846437.158050 0.3811318 -0.04215266 0.04819755 -0.01442845 -0.3644521 -0.02024982 0.8907432 
1341846437.190123 0.3803932 -0.04240717 0.04884047 -0.02076442 -0.3748614 -0.02062862 0.9082549 
1341846437.226114 0.3839703 -0.0409233 0.04756015 -0.02769225 -0.3702568 -0.02401224 0.8879378 
1341846437.258123 0.3831008 -0.04273892 0.04927219 -0.03907252 -0.3708684 -0.02628115 0.8871901 
1341846437.290095 0.3834503 -0.0433336 0.04999822 -0.04519208 -0.3737405 -0.02437865 0.8857474 
1341846437.326061 0.382141 -0.04265407 0.05032901 -0.05141752 -0.377142 -0.02398961 0.883975 
1341846437.364153 0.3789383 -0.04362645 0.05478779 -0.05744854 -0.3811724 -0.02560367 0.881827 
1341846437.396140 0.377788 -0.043788 0.05869072 -0.06081927 -0.3853614 -0.0260274 0.8797655 
1341846437.431962 0.377904 -0.04327349 0.06111836 -0.0639637 -0.3917035 -0.02518997 0.8767608 
1341846437.464061 0.3785625 -0.04116163 0.06358321 -0.06920186 -0.3969644 -0.02574463 0.8739764 
1341846437.500080 0.3702883 -0.03883769 0.07269528 -0.07381682 -0.3994149 -0.02586468 0.8724775 
1341846437.536428 0.3660053 -0.02653407 0.1001593 -0.05316269 -0.3128102 -0.01168405 0.6638504 
1341846437.568842 0.3645818 -0.0268 0.1015642 -0.04990391 -0.3158627 -0.01131805 0.6626633 
1341846437.600736 0.365327 -0.02673921 0.1019561 -0.04698673 -0.3174409 -0.01004906 0.6621427 
1341846437.632742 0.360795 -0.02630403 0.1032758 -0.04520513 -0.3168345 -0.009430297 0.6625661 
1341846437.669713 0.358138 -0.02626538 0.1040739 -0.0436977 -0.3163135 -0.01005357 0.6629069 
1341846437.700232 0.3548623 -0.02587829 0.1058646 -0.04192183 -0.3146914 -0.01210218 0.6637588 
1341846437.739652 0.3562443 -0.02605887 0.1058583 -0.03951615 -0.3098667 -0.01620683 0.6660847 
1341846437.768078 0.3576632 -0.02676947 0.105274 -0.03775561 -0.3053244 -0.02122338 0.6681403 
1341846437.795294 0.354192 -0.02633895 0.10616 -0.03529863 -0.3011119 -0.02643951 0.6699977 
1341846437.830422 0.3473731 -0.02621112 0.1085286 -0.03324764 -0.299693 -0.02498004 0.6707943 
1341846437.863213 0.3450971 -0.02626137 0.10969 -0.03188826 -0.2989114 -0.02281147 0.6712862 
1341846437.894185 0.3287472 -0.02748164 0.1144413 -0.03078793 -0.2941131 -0.0233703 0.6734343 
1341846437.930096 0.3401769 -0.02836644 0.1100816 -0.03024498 -0.2917518 -0.02420826 0.6744557 
1341846437.961942 0.3480713 -0.02829961 0.1088643 -0.03279683 -0.2938935 -0.01936571 0.6735624 
1341846437.994103 0.3520795 -0.02825554 0.1069823 -0.03349581 -0.2952213 -0.01801648 0.6729845 
1341846438.030032 0.3614424 -0.03356368 0.1000777 -0.03883503 -0.294395 -0.02247261 0.6729255 
1341846438.068074 0.3582314 -0.03446772 0.1010761 -0.04439675 -0.2941608 -0.02115408 0.6727267 
1341846438.098017 0.3998764 -0.03934033 0.08269204 -0.0349994 -0.2994573 -0.03448106 0.6703893 
1341846438.130017 0.4079255 -0.0388886 0.08013998 -0.03099891 -0.3017569 -0.03341688 0.6696085 
1341846438.164374 0.4122099 -0.03809396 0.07810443 -0.03046617 -0.3017456 -0.03313775 0.6696519 
1341846438.198015 0.4103224 -0.03730023 0.07718489 -0.03069552 -0.2996732 -0.03627532 0.670409 
1341846438.229906 0.4064575 -0.03813644 0.07679671 -0.02933161 -0.298999 -0.03758877 0.6706987 
1341846438.262251 0.4066585 -0.04383892 0.07136956 -0.03060664 -0.2966449 -0.03897812 0.6716071 
1341846438.298333 0.4096375 -0.04613475 0.06946279 -0.03038782 -0.2924293 -0.04431702 0.673133 
1341846438.329987 0.4101373 -0.04676906 0.06907211 -0.0287887 -0.2900679 -0.04686391 0.6740519 
1341846438.366126 0.4122703 -0.04633039 0.06743001 -0.02991874 -0.2877218 -0.04458819 0.6751617 
1341846438.398154 0.4129767 -0.04931225 0.06368636 -0.0333235 -0.2825163 -0.04787855 0.6769728 
1341846438.430136 0.408485 -0.05065646 0.06312418 -0.03358925 -0.2763557 -0.04985406 0.6793557 
1341846438.465965 0.4076445 -0.04990206 0.06190515 -0.03283659 -0.2732161 -0.04656972 0.6808938 
1341846438.498124 0.4075734 -0.0495671 0.06178171 -0.03461498 -0.2721191 -0.04239914 0.6815172 
1341846438.530106 0.4078396 -0.05000507 0.06301979 -0.03736562 -0.2706669 -0.04051689 0.6820645 
1341846438.566686 0.4054975 -0.05037059 0.06401316 -0.03727209 -0.2695722 -0.03910382 0.6825854 
1341846438.598145 0.3996582 -0.05007938 0.06608023 -0.03755366 -0.2682677 -0.03566782 0.6832718 
1341846438.634113 0.4020016 -0.04969311 0.0680908 -0.03929059 -0.2682693 -0.0321372 0.6833487 
1341846438.665920 0.4040573 -0.04922906 0.06697845 -0.04150633 -0.2624495 -0.03314724 0.6854262 
1341846438.697986 0.406002 -0.04797881 0.06791902 -0.03837002 -0.260125 -0.03148911 0.6865723 
1341846438.734146 0.4130262 -0.04973687 0.06487001 -0.03690935 -0.2573801 -0.02898321 0.6877961 
1341846438.766996 0.4178713 -0.05474074 0.02968217 -0.03737356 -0.2464893 -0.02881567 0.6917559 
1341846438.801972 0.4266985 -0.05828912 0.02279506 -0.04024796 -0.2418362 -0.0295728 0.6932035 
1341846438.834118 0.4321714 -0.05897609 0.01935549 -0.03961457 -0.2416103 -0.03304024 0.6931622 
1341846438.865936 0.4946195 -0.08664325 -0.01924334 -0.04675492 -0.3109444 -0.07122985 0.8783671 
1341846438.902045 0.4564308 -0.06998985 0.003356309 -0.03517505 -0.2421859 -0.03712418 0.6929941 
1341846438.934115 0.4936915 -0.08293323 -0.01769582 -0.0438894 -0.3034727 -0.06844079 0.8813449 
1341846438.966314 0.48742 -0.08064401 -0.01379315 -0.0431612 -0.2993285 -0.07215768 0.8825008 
1341846439.001871 0.4833894 -0.07696522 -0.009747844 -0.04037795 -0.2951443 -0.07191464 0.8840603 
1341846439.034612 0.479721 -0.07863752 -0.008932328 -0.03902527 -0.2881123 -0.07328194 0.8863255 
1341846439.070117 0.4753167 -0.07573777 -0.0074664 -0.03485567 -0.2826742 -0.07269994 0.8882961 
1341846439.101969 0.472399 -0.07571015 -0.006221665 -0.03063473 -0.2749353 -0.07257424 0.8908872 
1341846439.134146 0.4687461 -0.0747929 -0.004766136 -0.02598052 -0.2687365 -0.07004738 0.8931259 
1341846439.170111 0.465915 -0.07346271 -0.003519109 -0.02151334 -0.2623342 -0.066278 0.8954329 
1341846439.202174 0.462325 -0.07070629 -0.001382721 -0.01821139 -0.2558435 -0.06398601 0.8975484 
1341846439.234198 0.4595855 -0.07029491 -0.0004659596 -0.01669036 -0.2492217 -0.0635343 0.8994711 
1341846439.269869 0.4540428 -0.06914425 0.002135852 -0.01304509 -0.241155 -0.06308399 0.901759 
1341846439.302022 0.4485749 -0.06706922 0.004207214 -0.007799148 -0.2345884 -0.06092394 0.9036983 
1341846439.338209 0.4463605 -0.06383471 0.005622061 -0.005274348 -0.2304395 -0.05895082 0.9049141 
1341846439.369920 0.4428507 -0.06382314 0.006786119 -0.004578175 -0.2250163 -0.06236216 0.9060533 
1341846439.402179 0.4359038 -0.06363266 0.008223831 0.0003774184 -0.2195784 -0.06457063 0.9072435 
1341846439.437979 0.4325093 -0.06126731 0.01027019 0.004533817 -0.2182792 -0.05999033 0.9078599 
1341846439.470001 0.4308936 -0.05972195 0.01127928 0.005933266 -0.2152975 -0.05695946 0.9087587 
1341846439.502101 0.4259864 -0.05824481 0.01377004 0.008175177 -0.2109723 -0.0585087 0.9096568 
1341846439.538102 0.421231 -0.05829507 0.01379098 0.01215999 -0.2088359 -0.06008826 0.9100022 
1341846439.570087 0.4191135 -0.05716166 0.01460683 0.01527099 -0.2083658 -0.05751315 0.9102294 
1341846439.605986 0.416858 -0.05623604 0.01521154 0.01690146 -0.2056235 -0.05564599 0.91094 
1341846439.638201 0.4139277 -0.05505178 0.01673342 0.01858023 -0.2024612 -0.05429294 0.911697 
1341846439.670177 0.4100485 -0.05368354 0.01851177 0.02037723 -0.1995887 -0.05415075 0.9123002 
1341846439.706034 0.4077552 -0.05323971 0.01885028 0.021219 -0.1971261 -0.05336684 0.9128625 
1341846439.737939 0.4041344 -0.05217687 0.02015242 0.02061324 -0.1740507 -0.04660523 0.8184766 
1341846439.774173 0.4041531 -0.05182643 0.02154778 0.02449616 -0.1897515 -0.04907426 0.9145824 
1341846439.806288 0.4013053 -0.05043619 0.02052714 0.02315698 -0.1638503 -0.04292089 0.8207126 
1341846439.846398 0.4031199 -0.05047759 0.01666556 0.02214025 -0.1594544 -0.04279003 0.8216128 
1341846439.874529 0.4009332 -0.05076638 0.0172664 0.02151265 -0.1524004 -0.04622613 0.8227812 
1341846439.906194 0.3916554 -0.04834134 0.02566862 0.02250137 -0.1449203 -0.04746978 0.8240345 
1341846439.938149 0.3886248 -0.0473551 0.0240495 0.02435066 -0.1395252 -0.04644307 0.8249711 
1341846439.974174 0.3906323 -0.04504959 0.01991861 0.02339012 -0.1344767 -0.04592143 0.825866 
1341846440.006174 0.3861121 -0.04346848 0.02403689 0.0186804 -0.1259782 -0.04807999 0.8272021 
1341846440.042214 0.3793983 -0.04584253 0.02483242 0.01614944 -0.1189 -0.04874144 0.8282637 
1341846440.073971 0.3782008 -0.04518343 0.02469392 0.01714329 -0.1152387 -0.04436922 0.8290066 
1341846440.106449 0.3774949 -0.04263601 0.02614379 0.01654071 -0.1088697 -0.04215022 0.829995 
1341846440.142076 0.3685634 -0.04327786 0.02958858 0.01662696 -0.101417 -0.04442238 0.8308184 
1341846440.173898 0.3662093 -0.04308775 0.02788858 0.01951098 -0.09823001 -0.03995512 0.8313653 
1341846440.206048 0.3653152 -0.04200371 0.02392991 0.0203448 -0.0940519 -0.03516141 0.8320448 
1341846440.242218 0.3588261 -0.04184754 0.02692942 0.02108834 -0.09149275 -0.03497447 0.8323194 
1341846440.274220 0.3574415 -0.04166524 0.02800887 0.02507868 -0.09132225 -0.03465851 0.8322407 
1341846440.310040 0.3584053 -0.04093298 0.02403027 0.0275433 -0.08767792 -0.03280872 0.8326296 
1341846440.341908 0.3553911 -0.0412653 0.02064769 0.02773475 -0.082401 -0.03221627 0.8331851 
1341846440.374065 0.3506372 -0.04067297 0.02289727 0.02925845 -0.07891108 -0.03174392 0.8334889 
1341846440.410065 0.3490412 -0.04005441 0.02271259 0.03172495 -0.07627572 -0.03197907 0.833635 
1341846440.442063 0.3467418 -0.03993327 0.0208873 0.03404654 -0.07154733 -0.0335186 0.8339022 
1341846440.474055 0.3422558 -0.038923 0.01961909 0.03621105 -0.06690194 -0.03658184 0.8340678 
1341846440.510034 0.3409893 -0.03998688 0.01355641 0.03707141 -0.06483188 -0.03888321 0.8340894 
1341846440.542081 0.3410923 -0.03886458 0.011037 0.03629601 -0.06134434 -0.03958278 0.8343543 
1341846440.578060 0.3369797 -0.03980656 0.01133771 0.03478307 -0.05651632 -0.04286865 0.8345974 
1341846440.610154 0.3333104 -0.04035098 0.01094864 0.03581401 -0.0520964 -0.04494844 0.834732 
1341846440.642042 0.3301035 -0.03867492 0.008615898 0.03687695 -0.0487278 -0.04469599 0.8349027 
1341846440.678071 0.3283295 -0.03782927 0.006843134 0.03548735 -0.04720574 -0.0435367 0.8351116 
1341846440.710213 0.3274835 -0.03733259 0.006600269 0.03332241 -0.04374674 -0.04273101 0.8354307 
1341846440.742033 0.3237782 -0.03684125 0.003757685 0.03099749 -0.03807064 -0.04326864 0.8357704 
1341846440.778145 0.3188538 -0.0366435 0.004214106 0.02882324 -0.0348466 -0.04341785 0.8359811 
1341846440.810360 0.3148105 -0.03632835 0.0020521 0.038622 -0.04511522 -0.06052487 1.168961 
1341846440.846329 0.3131092 -0.03744 0.006187833 0.02692255 -0.02784575 -0.04304696 0.836326 
1341846440.878141 0.3054753 -0.03649745 0.00277809 0.04076784 -0.03363364 -0.05810828 1.169397 
1341846440.920960 0.3053464 -0.0341435 -0.003780768 0.03996736 -0.03312532 -0.05370618 1.16965 
1341846440.952308 0.3031917 -0.03352147 -0.002145419 0.03344268 -0.03020724 -0.05200574 1.17001 
1341846440.986714 0.2974781 -0.03521201 0.0007527665 0.03013958 -0.02444226 -0.05134281 1.170264 
1341846441.052118 0.2904314 -0.03496628 -0.0009796449 0.03504307 -0.0302339 -0.03998393 1.170435 
1341846441.078163 0.2915623 -0.03402203 -0.002718667 0.0365982 -0.02970729 -0.03567714 1.17054 
1341846441.114116 0.2871732 -0.03323658 -0.003151704 0.03714998 -0.0255963 -0.03602176 1.170609 
1341846441.146132 0.2829854 -0.03254838 -0.004559246 0.03714397 -0.02686083 -0.03667458 1.170561 
1341846441.178054 0.2857382 -0.0323267 -0.006621332 0.03577361 -0.02889874 -0.03596464 1.170577 
1341846441.214136 0.2851862 -0.03284023 -0.005785871 0.03340731 -0.02176335 -0.03822521 1.17073 
1341846441.246039 0.2796218 -0.03400087 -0.005368531 0.0345178 -0.01511305 -0.04181918 1.170679 
1341846441.282130 0.2785242 -0.03258274 -0.007721475 0.03723461 -0.01312563 -0.04240105 1.170599 
1341846441.314084 0.2789782 -0.03154878 -0.009298709 0.0365458 -0.008683495 -0.04418754 1.170596 
1341846441.346088 0.2740839 -0.03308638 -0.007611452 0.03537857 -0.001330629 -0.04763272 1.170528 
1341846441.382129 0.2701264 -0.03367817 -0.008470066 0.03856676 0.001362134 -0.04966693 1.170343 
1341846441.414517 0.266718 -0.03203345 -0.009172466 0.04176226 0.001890882 -0.05006809 1.170216 
1341846441.445996 0.2662031 -0.03130978 -0.01043198 0.04257332 0.002164427 -0.05085317 1.170152 
1341846441.482023 0.2629899 -0.03087116 -0.01075292 0.04171883 0.005616788 -0.05328881 1.170063 
1341846441.514114 0.2561837 -0.03184306 -0.007804139 0.04151547 0.005551413 -0.05537255 1.169974 
1341846441.550064 0.2549574 -0.03228145 -0.01046402 0.04405937 0.001131095 -0.0519992 1.170048 
1341846441.582260 0.2563109 -0.03029079 -0.01256037 0.04494805 0.0009546723 -0.04929766 1.170131 
1341846441.614425 0.2525266 -0.0319857 -0.01063148 0.04354055 0.004780506 -0.0518867 1.170063 
1341846441.650563 0.2477191 -0.03354979 -0.009902049 0.04642895 0.005401443 -0.05185858 1.169951 
1341846441.681977 0.2489603 -0.0307755 -0.01358458 0.05049666 0.004449622 -0.04828699 1.169939 
1341846441.714170 0.2490701 -0.0285224 -0.01562936 0.04811082 0.009128619 -0.0490628 1.16998 
1341846441.750023 0.2445116 -0.02841586 -0.01320013 0.04313588 0.01502358 -0.05195023 1.169989 
1341846441.781910 0.2417898 -0.0288985 -0.01409161 0.0393497 0.01811386 -0.05033432 1.170149 
1341846441.818076 0.2404916 -0.02862029 -0.01426538 0.03614682 0.02108661 -0.05013773 1.170211 
1341846441.850011 0.2381522 -0.02822232 -0.01376303 0.03263013 0.02564805 -0.05226021 1.170131 
1341846441.882149 0.2340723 -0.0272842 -0.01322529 0.02845099 0.0298273 -0.05336698 1.170091 
1341846441.918074 0.2316441 -0.02717396 -0.01312772 0.02277025 0.03096688 -0.05487587 1.170116 
1341846441.950113 0.2294186 -0.02727341 -0.01188815 0.01687017 0.03333344 -0.05575976 1.170109 
1341846441.986157 0.2249326 -0.02835522 -0.01038962 0.01187623 0.03504113 -0.05505841 1.170153 
1341846442.018070 0.2229679 -0.0289063 -0.009264163 0.009628092 0.03379265 -0.04951965 1.170458 
1341846442.050044 0.2224312 -0.0285738 -0.01086015 0.007693328 0.03506252 -0.04495214 1.170619 
1341846442.086050 0.2201826 -0.02813497 -0.01006698 0.003678117 0.03954599 -0.04136321 1.170628 
1341846442.118273 0.2152225 -0.03069629 -0.006711107 -0.0001010287 0.04329083 -0.0404529 1.170533 
1341846442.150914 0.2107826 -0.03412031 -0.003918021 0.001065118 0.0411196 -0.03797481 1.100876 
1341846442.186309 0.2097722 -0.03402475 -0.004605777 0.005322462 0.04587491 -0.03799377 1.170505 
1341846442.218134 0.2074069 -0.03383881 -0.005278035 0.006998712 0.04723458 -0.03408884 1.100736 
1341846442.254276 0.2054283 -0.03383315 -0.006748383 0.007042229 0.05167156 -0.03705771 1.100441 
1341846442.286112 0.2059409 -0.03171473 -0.01121581 0.004358123 0.05977692 -0.03923056 1.099969 
1341846442.318240 0.1961177 -0.03623572 -0.02727788 -0.004909886 0.07314217 -0.03886974 1.099171 
1341846442.359932 0.1973974 -0.03405732 -0.007062036 -0.01063655 0.0842408 -0.04150439 1.09824 
1341846442.386154 0.197292 -0.03387618 -0.004276334 -0.01403842 0.09139043 -0.04118048 1.097642 
1341846442.417971 0.1955156 -0.03435641 -0.004082048 -0.01788323 0.1009248 -0.04270488 1.096692 
1341846442.455016 0.1922064 -0.03384643 0.0003692813 -0.02142923 0.110216 -0.0415578 1.095778 
1341846442.486191 0.1906992 -0.03474465 -0.0006079271 -0.02392431 0.1150672 -0.03624408 1.095416 
1341846442.522074 0.1928343 -0.03239685 -0.0008705965 -0.0258249 0.1221562 -0.0281704 1.094842 
1341846442.553917 0.1890176 -0.0324556 -0.002905965 -0.03227676 0.138022 -0.02928222 1.092755 
1341846442.585989 0.1863595 -0.03199147 0.002327085 -0.03283346 0.1265033 -0.02228764 0.9093952 
1341846442.627895 0.1835904 -0.03488788 0.002368264 -0.0432594 0.1653329 -0.03003012 1.088556 
1341846442.653923 0.1828722 -0.03392626 0.007773656 -0.03501994 0.1462525 -0.02407456 0.9063011 
1341846442.686166 0.1798738 -0.03381378 0.01119049 -0.03237345 0.1563303 -0.02776956 0.9046099 
1341846442.721990 0.1722159 -0.0306189 0.02384343 -0.02764351 0.1678392 -0.03627186 0.902401 
1341846442.754276 0.1703629 -0.02784653 0.03006527 -0.02399704 0.1715191 -0.03391931 0.9019048 
1341846442.790054 0.1710517 -0.02662503 0.02768693 -0.02267651 0.1728922 -0.0317163 0.9017569 
1341846442.822072 0.1695541 -0.02648364 0.02640272 -0.02493816 0.1763959 -0.03339791 0.9009576 
1341846442.854093 0.167347 -0.02904712 0.02558822 -0.02771013 0.1782782 -0.02976863 0.9006333 
1341846442.889944 0.162869 -0.03051658 0.02477242 -0.02640408 0.1796554 -0.02939173 0.9004112 
1341846442.922114 0.1631383 -0.02993568 0.02275804 -0.02597308 0.1806332 -0.02882427 0.9002465 
1341846442.954040 0.161775 -0.03319595 0.02239782 -0.0275394 0.1855666 -0.02563479 0.8992924 
1341846442.989997 0.153885 -0.03513206 0.0216498 -0.02460791 0.1878329 -0.02653514 0.8988807 
1341846443.022264 0.15232 -0.03244411 0.02410516 -0.02227615 0.1824228 -0.02203452 0.9001764 
1341846443.058071 0.1552686 -0.03326363 0.02567978 -0.02283923 0.1818011 -0.0186952 0.9003636 
1341846443.090123 0.1511016 -0.03374699 0.02712744 -0.02128076 0.1866887 -0.01675786 0.8994393 
1341846443.122143 0.1459317 -0.03415731 0.0273871 -0.02014473 0.1858651 -0.01369464 0.8996879 
1341846443.158076 0.1474381 -0.03396357 0.0292752 -0.01869134 0.1826253 -0.008857227 0.900443 
1341846443.190201 0.146117 -0.03312877 0.03066026 -0.01702639 0.1845136 -0.006550902 0.9001108 
1341846443.226121 0.1413907 -0.03290675 0.0299612 -0.01653791 0.1854533 -0.006059444 0.8999302 
1341846443.257975 0.1408427 -0.03327463 0.03222749 -0.0172851 0.1827452 -0.00432471 0.90048 
1341846443.289997 0.1405762 -0.03372734 0.03315105 -0.01631781 0.183097 -0.002412942 0.9004337 
1341846443.326118 0.1384244 -0.03391884 0.03248788 -0.01529263 0.1848841 -0.0009901771 0.9000892 
1341846443.358067 0.136211 -0.03411768 0.03449055 -0.01456573 0.1855587 -0.0005093368 0.8999628 
1341846443.390137 0.1360736 -0.03335458 0.03308149 -0.01336689 0.1857798 -0.0003232825 0.8999359 
1341846443.426198 0.1351597 -0.03261162 0.03268817 -0.01489994 0.1900834 -0.001028893 0.8990121 
1341846443.458405 0.1320733 -0.03363233 0.0362423 -0.01686887 0.1945843 -0.001942496 0.8980123 
1341846443.494173 0.1309557 -0.03376031 0.03800034 -0.0162422 0.1972628 -0.001684341 0.8974398 
1341846443.526056 0.1307141 -0.03106674 0.03596492 -0.01635117 0.2015569 -7.436053e-05 0.8964847 
1341846443.558139 0.1287572 -0.02956315 0.03728485 -0.02178789 0.2086477 0.0005366672 0.894745 
1341846443.594027 0.1257181 -0.03174096 0.04049705 -0.02671698 0.2151431 0.0005374857 0.8930716 
1341846443.626290 0.1242583 -0.03026068 0.04045851 -0.02908282 0.2216159 0.002257604 0.8914106 
1341846443.658166 0.1231554 -0.02861705 0.04189343 -0.03482849 0.2297292 0.004055148 0.8891414 
1341846443.694065 0.1200683 -0.03129055 0.04420057 -0.03939214 0.2371902 0.003429083 0.886992 
1341846443.726282 0.1174192 -0.03000727 0.04691658 -0.03939935 0.2418409 0.005626489 0.8857237 
1341846443.770837 0.1148114 -0.02972905 0.04856545 -0.03970025 0.244265 0.007855114 0.8850278 
1341846443.800403 0.112173 -0.02712728 0.04912536 -0.04052619 0.2448727 0.008531965 0.8848162 
1341846443.831984 0.1111022 -0.02574679 0.05142495 -0.04620497 0.2442237 0.008218761 0.8847202 
1341846443.868057 0.1089153 -0.02676655 0.05635702 -0.05116782 0.245046 0.005815005 0.8842386 
1341846443.900439 0.104767 -0.02840898 0.05589182 -0.05240932 0.2440881 0.006608053 0.8844253 
1341846443.932086 0.1031579 -0.02929578 0.05909345 -0.05269037 0.2418449 0.00715658 0.8850203 
1341846443.967918 0.1025931 -0.029791 0.06045799 -0.05088784 0.2407614 0.00827273 0.8854114 
1341846443.993912 0.1018346 -0.02618014 0.06334018 -0.04857493 0.2418255 0.007063966 0.8852618 
1341846444.029924 0.09961977 -0.02425038 0.06695069 -0.05069419 0.2428292 0.005613382 0.8848785 
1341846444.061948 0.09872878 -0.02427306 0.06869503 -0.0538889 0.2416692 0.004170396 0.8850153 
1341846444.093984 0.09755872 -0.02459405 0.06953133 -0.05609048 0.2416009 0.003397534 0.8849004 
1341846444.129916 0.09768451 -0.02469776 0.07148188 -0.05694273 0.2414481 0.003703765 0.8848865 
1341846444.162326 0.09622229 -0.02387125 0.07182152 -0.05719904 0.243848 0.00325619 0.8842134 
1341846444.198431 0.09386197 -0.02238192 0.07197596 -0.05936545 0.2438688 0.004347772 0.8840601 
1341846444.229953 0.09373952 -0.02316904 0.07411622 -0.0638257 0.2415054 0.006117664 0.8843876 
1341846444.261919 0.09302288 -0.02476995 0.07669153 -0.06405402 0.2397039 0.008923196 0.8848372 
1341846444.298029 0.09264106 -0.02024734 0.0776126 -0.06258453 0.2367781 0.01007681 0.8857173 
1341846444.335959 0.09213436 -0.0203568 0.07961154 -0.06964113 0.2341562 0.00821414 0.8859069 
1341846444.362420 0.09217914 -0.02196195 0.08210458 -0.07123778 0.2309503 0.009105571 0.8866125 
1341846444.398189 0.09110851 -0.02142925 0.08109708 -0.06919092 0.2267902 0.0104932 0.8878323 
1341846444.429979 0.09230075 -0.02050841 0.07958672 -0.070406 0.2221727 0.01083662 0.8888995 
1341846444.466022 0.09235098 -0.02085691 0.08072249 -0.07245997 0.2207595 0.008737944 0.8891096 
1341846444.498181 0.09120651 -0.02113993 0.08153189 -0.07243819 0.2182225 0.008441684 0.8897403 
1341846444.530364 0.09207423 -0.0205809 0.08068589 -0.0718253 0.211776 0.01022336 0.8913277 
1341846444.566040 0.09358108 -0.02122843 0.07775177 -0.07177866 0.2080007 0.008582755 0.8922373 
1341846444.598132 0.09402916 -0.02097873 0.07758923 -0.07139534 0.2058089 0.0060173 0.8927971 
1341846444.630024 0.095028 -0.02155023 0.07718721 -0.07069162 0.2014181 0.006142055 0.893853 
1341846444.666108 0.09749144 -0.02254959 0.07510913 -0.06908035 0.1978159 0.006942735 0.8947771 
1341846444.697995 0.100328 -0.02284369 0.0728867 -0.06650033 0.1976862 0.006925516 0.8950013 
1341846444.734205 0.100328 -0.02365352 0.07258222 -0.06418198 0.1983786 0.005988369 0.8950241 
1341846444.766262 0.1033289 -0.02492137 0.06997885 -0.06036475 0.1959587 0.007851927 0.8958081 
1341846444.798037 0.1052718 -0.02447066 0.06533576 -0.05650658 0.1955375 0.008532502 0.8961455 
1341846444.833972 0.1068793 -0.02405336 0.06403693 -0.0557437 0.1952249 0.007796338 0.8962681 
1341846444.866116 0.1088559 -0.02526629 0.06157048 -0.05498747 0.1932316 0.008380648 0.8967414 
1341846444.898025 0.1106389 -0.02534107 0.05855948 -0.05296978 0.19066 0.009213492 0.8974049 
1341846444.934155 0.112159 -0.02363411 0.05623075 -0.05284785 0.1884691 0.009532103 0.8978714 
1341846444.972057 0.1141012 -0.02567336 0.05533337 -0.0553563 0.185915 0.00870489 0.8982611 
1341846445.002068 0.1172714 -0.02654891 0.05155471 -0.05443114 0.1826785 0.009539526 0.8989729 
1341846445.034071 0.1194005 -0.02538471 0.04772632 -0.05396376 0.1791546 0.009773398 0.8997074 
1341846445.065987 0.1215473 -0.02637481 0.04543816 -0.05635151 0.1756927 0.008505017 0.9002565 
1341846445.102399 0.1239968 -0.02776276 0.04533034 -0.05649868 0.1722544 0.008079024 0.9009154 
1341846445.134054 0.1250711 -0.02677897 0.04224773 -0.05434386 0.1677966 0.006625844 0.9019005 
1341846445.170198 0.1265906 -0.02702552 0.04063708 -0.05526675 0.1603418 0.003577984 0.9032169 
1341846445.202068 0.1333454 -0.02938265 0.04207521 -0.05456479 0.1532066 -3.283607e-05 0.9045042 
1341846445.234202 0.1342255 -0.02819637 0.03379577 -0.05055047 0.1471852 -0.004144317 0.905727 
1341846445.270262 0.1357401 -0.02807787 0.03175792 -0.05034418 0.1392758 -0.009227768 0.9069509 
1341846445.302097 0.1402272 -0.02834998 0.03088116 -0.04989564 0.1313123 -0.01378647 0.9081051 
1341846445.334212 0.1430265 -0.02886676 0.02909532 -0.04843792 0.12794 -0.0165664 0.9086188 
1341846445.370095 0.1444255 -0.02681174 0.02840373 -0.04710713 0.1225997 -0.01840327 0.9093893 
1341846445.401934 0.1486193 -0.02680206 0.02734823 -0.04846013 0.115518 -0.02025547 0.9102057 
1341846445.437937 0.1526966 -0.0292543 0.02792766 -0.04933108 0.1119788 -0.0201912 0.9106025 
1341846445.469984 0.1532682 -0.03278062 0.0267852 -0.04624847 0.1076295 -0.02204673 0.9112455 
1341846445.502004 0.1581355 -0.03091611 0.02156359 -0.04029399 0.0969812 -0.02153158 0.9127348 
1341846445.537946 0.1626661 -0.02933485 0.02105356 -0.03825696 0.09291164 -0.02397738 0.9131847 
1341846445.570063 0.1648397 -0.02804093 0.02175815 -0.03761021 0.08967041 -0.02768122 0.9134308 
1341846445.602021 0.1696007 -0.02760075 0.02233163 -0.03766003 0.08488858 -0.03216156 0.9137389 
1341846445.638006 0.1712891 -0.02908445 0.02401052 -0.03705593 0.08354921 -0.03215273 0.9138873 
1341846445.670085 0.1681591 -0.02834878 0.02972564 -0.03208555 0.07670644 -0.03343432 0.914629 
1341846445.706037 0.1728479 -0.02722618 0.02607501 -0.02713682 0.06212497 -0.03106046 0.9159786 
1341846445.738075 0.1767287 -0.02554239 0.02438749 -0.02523968 0.05333468 -0.03083039 0.9165944 
1341846445.770102 0.1792974 -0.02488977 0.02231565 -0.02677182 0.04517015 -0.03316429 0.9169081 
1341846445.806006 0.1845775 -0.02438561 0.02687676 -0.0290193 0.03713733 -0.03472115 0.9171426 
1341846445.838049 0.1857722 -0.02606705 0.03029874 -0.02832279 0.03280576 -0.03539708 0.9173037 
1341846445.870081 0.1864462 -0.02488283 0.03252923 -0.02388266 0.02532168 -0.03851649 0.9175415 
1341846445.906156 0.1890845 -0.02224554 0.03388523 -0.0220815 0.01850661 -0.04517366 0.9174457 
1341846445.938036 0.1906542 -0.02167762 0.03482972 -0.02485514 0.01397619 -0.05348755 0.9170079 
1341846445.974028 0.1931088 -0.02118339 0.03732984 -0.02877224 0.009336824 -0.06365157 0.9163028 
1341846446.006089 0.2014484 -0.02072928 0.04306772 -0.02969162 0.003116058 -0.06244751 0.9163986 
1341846446.038148 0.2073645 -0.03059512 0.02758077 -0.02692363 -0.003064126 -0.0558263 0.9169114 
1341846446.073973 0.2100877 -0.03261577 0.01820092 -0.01868776 -0.01107088 -0.04902979 0.917443 
1341846446.106021 0.2144671 -0.02926559 0.01455257 -0.01363612 -0.01847175 -0.0484154 0.9174455 
1341846446.138290 0.2173953 -0.02900214 0.0133713 -0.01589823 -0.02203815 -0.05131441 0.9171727 
1341846446.174003 0.219724 -0.03298098 0.01411497 -0.01746178 -0.02742732 -0.04922165 0.9171137 
1341846446.206154 0.2241738 -0.03357201 0.01063241 -0.01376737 -0.03428023 -0.0464911 0.9170885 
1341846446.242005 0.2272752 -0.02696645 0.01513781 -0.01307448 -0.03398308 -0.04511943 0.9171782 
1341846446.273991 0.2267681 -0.02964483 0.0100626 -0.01916963 -0.03517912 -0.0455964 0.9170024 
1341846446.306170 0.2301619 -0.03152603 0.008757959 -0.02112849 -0.04233875 -0.0402038 0.916909 
1341846446.342032 0.2358416 -0.0283585 0.009957319 -0.0215292 -0.04680658 -0.03305467 0.9169681 
1341846446.373966 0.2352918 -0.0280648 0.00926897 -0.02586847 -0.04910011 -0.03268875 0.9167491 
1341846446.410081 0.2411102 -0.02812696 0.008001597 -0.02639583 -0.05267585 -0.02803987 0.8507505 
1341846446.441987 0.2411145 -0.02646938 0.01508097 -0.0313522 -0.05851393 -0.03088262 0.9160878 
1341846446.474066 0.2437646 -0.02812032 0.00719417 -0.03162877 -0.057908 -0.0292092 0.8501925 
1341846446.510038 0.2471783 -0.02820787 0.007174581 -0.03377543 -0.06489195 -0.03170347 0.8495159 
1341846446.542120 0.2531905 -0.02909106 0.007260701 -0.03519254 -0.06855653 -0.03350885 0.8491012 
1341846446.574035 0.2528414 -0.02960435 0.007697271 -0.03458238 -0.06880555 -0.03718204 0.8489532 
1341846446.610113 0.2569073 -0.02805867 0.004065335 -0.03335373 -0.07348439 -0.03898878 0.8485291 
1341846446.642107 0.2615859 -0.02666722 0.003971584 -0.03590556 -0.07501564 -0.04168636 0.8481626 
1341846446.678096 0.2604799 -0.02739106 0.002999438 -0.03860362 -0.07585902 -0.04608412 0.8477414 
1341846446.710293 0.2635646 -0.02534356 0.001718778 -0.04025304 -0.08222178 -0.04624864 0.8470623 
1341846446.742013 0.2692962 -0.02485212 0.001784964 -0.04539922 -0.08616713 -0.04460827 0.8464977 
1341846446.778116 0.2682064 -0.02608821 0.001359659 -0.05009728 -0.08711759 -0.0464652 0.8460354 
1341846446.810247 0.2700156 -0.02600172 0.0006341366 -0.05200299 -0.09412445 -0.04723663 0.8451267 
1341846446.842072 0.2764272 -0.02546567 0.0002257776 -0.05490225 -0.09979751 -0.04467951 0.8444312 
1341846446.877989 0.2783201 -0.02574092 -0.0001752222 -0.05871463 -0.1013551 -0.04506976 0.8439684 
1341846446.910210 0.2815667 -0.02586911 -0.00058141 -0.06115099 -0.1043825 -0.04569685 0.8433924 
1341846446.947240 0.2849453 -0.02555042 -0.001108681 -0.06361667 -0.1063866 -0.04463431 0.8430164 
1341846446.979416 0.2874094 -0.02643795 -0.0002988714 -0.05047074 -0.0817391 -0.03510353 0.6432173 
1341846447.048442 0.293329 -0.02672968 -0.001217575 -0.06369231 -0.1104655 -0.04360286 0.84254 
1341846447.078871 0.2956343 -0.02486201 -0.00195984 -0.04891498 -0.08415237 -0.03324684 0.6431249 
1341846447.110128 0.2986633 -0.02514936 -0.002221186 -0.05129106 -0.08399987 -0.03531481 0.6428495 
1341846447.146292 0.3015809 -0.02631613 -0.001168055 -0.05270886 -0.08247235 -0.03632098 0.6428765 
1341846447.179789 0.3022203 -0.02681463 -0.001829102 -0.05258753 -0.07996043 -0.03723637 0.6431514 
1341846447.216160 0.3039593 -0.02561419 -0.002767372 -0.05238233 -0.07946381 -0.0379559 0.6431876 
1341846447.252104 0.3072419 -0.02527191 -0.002467437 -0.05399747 -0.07797622 -0.03856178 0.6432 
1341846447.284847 0.3065829 -0.0259122 -0.002949493 -0.05548226 -0.07507262 -0.04017301 0.6433205 
1341846447.320107 0.3073079 -0.02602046 -0.003118159 -0.05646346 -0.0752444 -0.03927688 0.6432704 
1341846447.352050 0.3103323 -0.02504274 -0.003075638 -0.05770119 -0.07525284 -0.0380768 0.6432317 
1341846447.383924 0.3113793 -0.02513392 -0.00298045 -0.05981866 -0.07259321 -0.0396162 0.643251 
1341846447.420069 0.3096408 -0.02528814 -0.003605478 -0.06143727 -0.07050987 -0.04031668 0.6432867 
1341846447.452015 0.309969 -0.02544811 -0.003623557 -0.06283189 -0.07132492 -0.03818023 0.6431924 
1341846447.488160 0.3118859 -0.02508766 -0.003740675 -0.06401899 -0.07116202 -0.03773869 0.6431195 
1341846447.520057 0.3097069 -0.02547466 -0.004555836 -0.06558159 -0.06959096 -0.039203 0.6430464 
1341846447.551976 0.3077321 -0.02604109 -0.005188003 -0.06663767 -0.07117289 -0.03846206 0.6428093 
1341846447.588058 0.3090331 -0.02542745 -0.005886578 -0.06735717 -0.07383142 -0.03731526 0.642502 
1341846447.620036 0.3098981 -0.02435663 -0.006784801 -0.06972585 -0.07493989 -0.03749061 0.6421107 
1341846447.656059 0.3096518 -0.0251102 -0.006838188 -0.07383797 -0.07505657 -0.03914192 0.6415385 
1341846447.688035 0.3079276 -0.02720637 -0.006539866 -0.0764449 -0.07498916 -0.03875692 0.6412644 
1341846447.719948 0.307387 -0.02706776 -0.00773859 -0.07667599 -0.07684005 -0.03619566 0.6411674 
1341846447.756116 0.3092095 -0.0272604 -0.008050977 -0.07806822 -0.07867631 -0.03373215 0.640911 
1341846447.787990 0.3102511 -0.02684125 -0.008648942 -0.07987642 -0.07791422 -0.03263407 0.6408381 
1341846447.823997 0.3092904 -0.02802542 -0.008948225 -0.08210333 -0.07644495 -0.03278866 0.6407257 
1341846447.856048 0.3098039 -0.02928544 -0.008719882 -0.08277313 -0.07639626 -0.03219618 0.6406754 
1341846447.888261 0.310799 -0.02961929 -0.008979099 -0.08232656 -0.07491433 -0.03191186 0.6409221 
1341846447.924141 0.3102612 -0.03008839 -0.01010137 -0.08232917 -0.07243301 -0.03284465 0.6411598 
1341846447.956316 0.3085222 -0.03127434 -0.01076473 -0.08247873 -0.07147284 -0.03350973 0.6412139 
1341846447.992036 0.3094431 -0.03188797 -0.01140918 -0.08217915 -0.0725533 -0.0326068 0.6411776 
1341846448.024057 0.310942 -0.02988025 -0.0131233 -0.08239492 -0.07220678 -0.03379826 0.6411273 
1341846448.092100 0.3089924 -0.03330726 -0.01321349 -0.08863424 -0.07105941 -0.04012162 0.6400579 
1341846448.118259 0.3099628 -0.03311868 -0.01408127 -0.09051082 -0.07094378 -0.04040035 0.6397905 
1341846448.150222 0.3085263 -0.03546064 -0.01369774 -0.0937973 -0.07011326 -0.04258423 0.6392669 
1341846448.186133 0.3080902 -0.03922058 -0.01279609 -0.09466396 -0.07047355 -0.04324267 0.6390553 
1341846448.218203 0.3073186 -0.04112669 -0.01342941 -0.09178578 -0.07155738 -0.04241949 0.6394098 
1341846448.250175 0.3083866 -0.04048708 -0.01435685 -0.08822861 -0.07347631 -0.04183683 0.6397312 
1341846448.286053 0.3100759 -0.04005859 -0.01504269 -0.08677241 -0.07363967 -0.04206055 0.6398969 
1341846448.318080 0.3084184 -0.04054283 -0.01595829 -0.08681128 -0.07223771 -0.04213153 0.6400467 
1341846448.350345 0.3077634 -0.04097187 -0.01675168 -0.0867034 -0.07349799 -0.04098579 0.6399922 
1341846448.385982 0.3095792 -0.0395234 -0.01764484 -0.08671433 -0.07505954 -0.04060254 0.6398339 
1341846448.417971 0.310047 -0.03863116 -0.01834039 -0.08958467 -0.07462016 -0.04121797 0.6394504 
1341846448.454017 0.3082302 -0.03998268 -0.01833324 -0.09365391 -0.07397022 -0.04207987 0.6388865 
1341846448.486068 0.307953 -0.0420199 -0.01775234 -0.09612088 -0.07550942 -0.04348323 0.6382458 
1341846448.518032 0.3096067 -0.04289709 -0.01767515 -0.09698895 -0.07603336 -0.04369027 0.6380381 
1341846448.553970 0.3079717 -0.0443412 -0.01837862 -0.0854843 -0.06418697 -0.03847333 0.5492914 
1341846448.586105 0.3065561 -0.045948 -0.01780424 -0.1002149 -0.07615172 -0.0447735 0.63745 
1341846448.621936 0.3082639 -0.04811164 -0.01719255 -0.08547861 -0.06720201 -0.038699 0.5489157 
1341846448.653943 0.3092275 -0.04667056 -0.01868224 -0.08385274 -0.06655831 -0.04008709 0.5491452 
1341846448.686150 0.3083169 -0.0455872 -0.02025221 -0.08477901 -0.06568847 -0.04101313 0.5490393 
1341846448.722086 0.3089227 -0.04633006 -0.02035866 -0.0877957 -0.06584075 -0.04116765 0.5485352 
1341846448.753983 0.3108096 -0.04459801 -0.0210621 -0.0902248 -0.06438785 -0.04199178 0.5482509 
1341846448.786053 0.3087321 -0.04574431 -0.02092256 -0.09485204 -0.06161179 -0.04478487 0.5475674 
1341846448.822019 0.3047898 -0.0511974 -0.01971051 -0.09848673 -0.06174438 -0.0453374 0.5468649 
1341846448.854125 0.3069288 -0.05273826 -0.01941045 -0.09678307 -0.06476291 -0.04294062 0.5470134 
1341846448.890063 0.3088349 -0.05040334 -0.02096196 -0.09485722 -0.06500037 -0.04309963 0.54731 
1341846448.922419 0.3092134 -0.04741361 -0.02276874 -0.09655774 -0.06386163 -0.04549802 0.5469524 
1341846448.954059 0.3110096 -0.04506573 -0.02270595 -0.1014275 -0.06292192 -0.04787781 0.5459759 
1341846448.990056 0.3110457 -0.0473197 -0.02271641 -0.1087592 -0.06095017 -0.04990816 0.5446048 
1341846449.022043 0.3095174 -0.04989841 -0.02160176 -0.11401 -0.05894325 -0.05142655 0.5436096 
1341846449.054021 0.307352 -0.05577217 -0.01997779 -0.117944 -0.05774384 -0.05277323 0.5427693 
1341846449.090060 0.3058849 -0.05988772 -0.0192163 -0.1179252 -0.05736082 -0.05353418 0.5427395 
1341846449.121998 0.3065263 -0.06238796 -0.01894678 -0.1156944 -0.05838541 -0.05338665 0.5431248 
1341846449.158114 0.3090386 -0.06159164 -0.01965566 -0.1126133 -0.05971669 -0.05353615 0.5436127 
1341846449.190066 0.312525 -0.06140966 -0.020254 -0.1119264 -0.05990375 -0.05421876 0.5436663 
1341846449.222044 0.3114198 -0.06154486 -0.02041442 -0.1130336 -0.05744087 -0.05432768 0.5436922 
1341846449.258032 0.308493 -0.061727 -0.01961083 -0.1141341 -0.05616162 -0.05272426 0.5437538 
1341846449.290278 0.3070408 -0.06404509 -0.01865578 -0.1150132 -0.05586625 -0.05082613 0.5437797 
1341846449.321912 0.3079565 -0.06240812 -0.01888461 -0.1140641 -0.05513345 -0.0491857 0.5442051 
1341846449.357984 0.3073482 -0.06296808 -0.01854133 -0.116226 -0.05346664 -0.04839415 0.5439849 
1341846449.390027 0.3031164 -0.06920818 -0.01485878 -0.1197803 -0.05042355 -0.04712163 0.543616 
1341846449.426101 0.3033121 -0.07043433 -0.01408146 -0.1163883 -0.04966516 -0.04360846 0.5447148 
1341846449.458035 0.3053235 -0.06959719 -0.01487479 -0.1138224 -0.05034422 -0.0434255 0.545209 
1341846449.490185 0.3052373 -0.07085786 -0.01379758 -0.1153801 -0.04943456 -0.04381831 0.5449333 
1341846449.525989 0.3037874 -0.0737374 -0.01214409 -0.1173552 -0.04752154 -0.04362553 0.5446972 
1341846449.558288 0.3019604 -0.07990586 -0.009795901 -0.1193014 -0.04749186 -0.04326196 0.5443058 
1341846449.594265 0.3019935 -0.08334645 -0.007194648 -0.1171939 -0.04935037 -0.0431927 0.5446037 
1341846449.626133 0.3026975 -0.08260299 -0.007221718 -0.1132981 -0.04997772 -0.04342298 0.5453521 
