1341847980.722988 0 0 0 0 0 0 1 
1341847980.754743 3.264221e-05 0.0007721567 -0.0002338301 -0.0003187616 0.0001537607 -0.0002020864 0.9999999 
1341847980.786856 -0.0009940758 -0.0005109636 0.0005233903 -0.0006681588 0.0001708927 -0.0009007225 0.9999994 
1341847980.822978 -0.001320215 -0.0004228481 7.855241e-05 0.0003567172 0.0001541671 -0.001610653 0.9999986 
1341847980.854676 -0.001663884 0.0003005805 -0.0007140954 0.0007142418 0.0006589901 -0.002073778 0.9999974 
1341847980.890728 -0.002518228 -7.345136e-05 -0.0005694074 0.0006366451 0.001049786 -0.002202308 0.9999968 
1341847980.922978 -0.00286105 5.858011e-05 -0.0008906602 0.001099014 0.0008784685 -0.00271243 0.9999953 
1341847980.954645 -0.003956753 0.001004681 -0.001805322 0.001298155 0.001695503 -0.003010609 0.9999932 
1341847980.990699 -0.005459879 0.0001738092 -0.001082665 0.0006939629 0.002617017 -0.003046873 0.9999917 
1341847981.022715 -0.006668377 0.0001636244 -0.001877147 0.0009888348 0.00288402 -0.002988753 0.9999909 
1341847981.054711 -0.006315178 0.0005289279 -0.001701782 0.0009527404 0.00264575 -0.003086345 0.9999913 
1341847981.090715 -0.00769725 0.0009488743 -0.001653706 0.001391808 0.003752635 -0.003144511 0.999987 
1341847981.122985 -0.008019453 0.0001115047 -0.00229081 0.001278694 0.004414208 -0.002931071 0.9999851 
1341847981.158632 -0.01055265 0.0007366385 -0.002962939 0.001189304 0.005496727 -0.001838189 0.9999825 
1341847981.190636 -0.01225476 0.0003392345 -0.002376478 0.0007705243 0.005979384 -0.0001769465 0.9999818 
1341847981.222978 -0.0151133 -0.0005794904 -0.002191723 0.00105864 0.006792051 0.001400962 0.9999754 
1341847981.258722 -0.01546853 0.0003697262 -0.00359289 0.001583392 0.006076367 0.003011318 0.9999758 
1341847981.290787 -0.01524191 1.559377e-05 -0.003169983 0.001398666 0.005773341 0.003584486 0.9999759 
1341847981.322892 -0.01654269 0.0002930681 -0.00360234 0.001935717 0.007267473 0.003547704 0.9999654 
1341847981.358690 -0.01947983 0.0002859568 -0.004142096 0.002143503 0.008995131 0.003895882 0.9999497 
1341847981.390810 -0.02305533 0.0001671938 -0.00405746 0.002118464 0.01004713 0.004899574 0.9999353 
1341847981.426707 -0.02565223 -0.0004113203 -0.004492459 0.002501374 0.01028303 0.005970137 0.9999262 
1341847981.458797 -0.02731135 0.001126227 -0.00610962 0.003228539 0.01025671 0.006847355 0.9999187 
1341847981.490701 -0.02895752 0.0009398682 -0.006173675 0.002903163 0.01075941 0.007067029 0.9999129 
1341847981.527039 -0.03264215 0.000504426 -0.007267986 0.003271411 0.01229381 0.006624265 0.9998971 
1341847981.558722 -0.03384551 0.001806868 -0.008292858 0.003588786 0.01280211 0.006212965 0.9998923 
1341847981.594855 -0.03915803 0.001125211 -0.007637082 0.003853115 0.01561398 0.005668552 0.9998546 
1341847981.626675 -0.04238454 0.002049044 -0.009303176 0.005190979 0.01700452 0.005991684 0.999824 
1341847981.658738 -0.04403558 0.005280598 -0.01122459 0.005293802 0.017265 0.005878439 0.9998197 
1341847981.694720 -0.04802797 0.002777972 -0.01031226 0.003970328 0.01900867 0.005378843 0.999797 
1341847981.726650 -0.05099866 0.006391556 -0.01226616 0.005055595 0.01998933 0.006232067 0.999768 
1341847981.758846 -0.05480467 0.008253041 -0.0118617 0.004632677 0.02085147 0.006346392 0.9997517 
1341847981.794659 -0.05638138 0.008479787 -0.0134341 0.003358512 0.02083424 0.006078572 0.9997588 
1341847981.826678 -0.05993152 0.01001127 -0.01354326 0.002007346 0.02202473 0.005856453 0.9997383 
1341847981.862719 -0.06655696 0.006619847 -0.0122627 0.0003090498 0.02403431 0.005020828 0.9996985 
1341847981.894631 -0.06683698 0.01094917 -0.01519794 0.001835353 0.02224759 0.005424261 0.9997361 
1341847981.926602 -0.06975482 0.0128722 -0.01496291 -0.0004378926 0.02198097 0.005344531 0.999744 
1341847981.962757 -0.07283722 0.01031869 -0.01416983 -0.002631238 0.02247885 0.005463057 0.9997289 
1341847981.994808 -0.07525036 0.009614277 -0.01413217 -0.002890578 0.022827 0.004899911 0.9997232 
1341847982.027112 -0.07956369 0.008083813 -0.01372725 -0.002732841 0.02374753 0.003526886 0.999708 
1341847982.062739 -0.08187477 0.007593236 -0.01385832 -0.001487295 0.02368295 0.002449397 0.9997154 
1341847982.094786 -0.08347868 0.009836585 -0.01495844 0.0001899746 0.02321293 0.001488517 0.9997294 
1341847982.130710 -0.0897105 0.007730998 -0.01194591 0.0009290037 0.02447926 0.0006822898 0.9996997 
1341847982.162730 -0.08845313 0.007005082 -0.01546253 0.003595525 0.02160497 0.00179931 0.9997585 
1341847982.194674 -0.08406329 0.0103222 -0.0183703 0.003739024 0.01883799 0.002703224 0.9998119 
1341847982.230594 -0.08615962 0.007675051 -0.01667592 0.001122864 0.02135953 0.002829158 0.9997672 
1341847982.262666 -0.08817866 0.004782841 -0.01672852 0.0009819427 0.02399211 0.001750477 0.9997101 
1341847982.294994 -0.09001209 0.006026952 -0.01661632 0.002006317 0.02663955 0.001050146 0.9996425 
1341847982.330655 -0.0970081 0.002783364 -0.01466868 0.00250296 0.03068843 0.003209365 0.9995207 
1341847982.362722 -0.10088 0.00245855 -0.01461426 0.005336595 0.03072585 0.006767334 0.9994907 
1341847982.398909 -0.1012494 0.002910688 -0.01599389 0.007732216 0.02829523 0.008707216 0.9995318 
1341847982.430770 -0.09841867 0.002743823 -0.01769988 0.008727506 0.02691586 0.009869645 0.9995509 
1341847982.462624 -0.0980986 0.002260914 -0.01813531 0.009255242 0.02944596 0.01061059 0.9994672 
1341847982.498616 -0.09919277 0.00425231 -0.01903611 0.009877028 0.03224419 0.01080677 0.9993728 
1341847982.530757 -0.1039924 0.004252176 -0.01756717 0.008569596 0.03549845 0.01129808 0.9992691 
1341847982.566660 -0.1045549 0.005182925 -0.01875253 0.007458908 0.03673579 0.01267957 0.9992167 
1341847982.598726 -0.1075039 0.004474302 -0.01710083 0.004516216 0.0401829 0.01415418 0.9990819 
1341847982.630723 -0.1110554 0.002413418 -0.01601876 0.002877387 0.04371092 0.01416522 0.9989396 
1341847982.666620 -0.1133785 0.003224125 -0.01582292 0.002057083 0.0465445 0.01482983 0.998804 
1341847982.698638 -0.1147586 0.002657728 -0.01530654 0.0004517872 0.05121959 0.0156571 1.032076 
1341847982.730674 -0.1223564 0.001721209 -0.01314526 -0.0007674404 0.05574907 0.0151707 0.9983293 
1341847982.766706 -0.1275763 0.0003183518 -0.01201002 -0.0008825138 0.06131588 0.01686631 1.031506 
1341847982.798737 -0.1321446 0.0004812284 -0.01156967 -0.0005776295 0.06394695 0.01867716 1.031315 
1341847982.834747 -0.1400271 -0.003252428 -0.009751416 -0.001081549 0.06773798 0.01889838 1.031069 
1341847982.866670 -0.1469951 -0.004647203 -0.008729682 0.001105683 0.070073 0.02006706 1.030891 
1341847982.898700 -0.1517901 -0.001408274 -0.0093583 0.004421894 0.06985569 0.02149813 1.030868 
1341847982.934803 -0.1570425 0.002671025 -0.009806856 0.005358045 0.06838231 0.02373925 1.030913 
1341847982.966708 -0.1603997 0.000385607 -0.009833803 0.002915789 0.06692549 0.02465727 1.030997 
1341847982.998783 -0.1633829 0.0001757905 -0.01019514 0.001736175 0.06813701 0.02366406 1.030943 
1341847983.034693 -0.1712712 0.001088321 -0.008614346 0.0007693074 0.07165258 0.02345418 1.030711 
1341847983.066707 -0.1782664 0.001918903 -0.007366454 7.833576e-05 0.07286369 0.0245104 1.030602 
1341847983.102757 -0.184279 0.0001871415 -0.006101571 -0.001690466 0.07373441 0.02569559 1.030509 
1341847983.134717 -0.1921686 -0.002914954 -0.00412397 -0.002271609 0.075514 0.02684838 1.03035 
1341847983.166651 -0.197216 -0.002237193 -0.003968219 -0.0005308137 0.07492285 0.0279881 1.030365 
1341847983.202653 -0.200794 -0.000541681 -0.004768941 0.0003671433 0.07322782 0.02930076 1.030451 
1341847983.234717 -0.2035399 -0.000557173 -0.005512592 -0.0003828163 0.07225039 0.03016477 1.030495 
1341847983.266753 -0.2050756 0.001045083 -0.006913933 -0.002058899 0.07206939 0.02970542 1.030519 
1341847983.302701 -0.211189 -0.00067912 -0.00513194 -0.005443729 0.07532889 0.02884525 1.030298 
1341847983.334718 -0.2169409 -0.003196343 -0.003595317 -0.00776804 0.07906659 0.02806201 1.030024 
1341847983.370887 -0.2263001 -0.007067567 -0.0002051014 -0.00921301 0.08462861 0.02740342 1.029588 
1341847983.402670 -0.2323718 -0.004518888 0.0003209369 -0.006536125 0.0860389 0.02877157 1.029454 
1341847983.434705 -0.2359287 -0.001142917 -0.0005525814 -0.006084355 0.08430455 0.03186461 1.02951 
1341847983.470674 -0.2410257 -0.00757135 0.001141979 -0.009492527 0.08483995 0.03130781 1.029457 
1341847983.502767 -0.2437297 -0.009252097 -0.0002617188 -0.008647451 0.08724541 0.02810533 1.029356 
1341847983.534806 -0.2492651 -0.006831271 -0.0007886256 -0.007127303 0.09207398 0.02694945 1.028978 
1341847983.570684 -0.2585922 -0.005774406 0.001600597 -0.006941511 0.09660108 0.02743579 1.028551 
1341847983.602741 -0.2669354 -0.008868026 0.003192571 -0.007147023 0.09896091 0.02801218 1.02831 
1341847983.638729 -0.2717078 -0.00909096 0.001827731 -0.005683582 0.1001115 0.02836419 1.028198 
1341847983.670715 -0.2777927 -0.01155998 0.002122403 -0.004625349 0.1029736 0.02831246 1.03247 
1341847983.702857 -0.286682 -0.00870491 0.002157311 -5.522885e-05 0.1048139 0.03044265 1.027685 
1341847983.738736 -0.2916439 -0.007087499 0.0005077336 0.001711139 0.1044646 0.03253455 1.032205 
1341847983.770707 -0.2983754 -0.008356178 0.000251481 0.002362684 0.1048893 0.03393238 1.032116 
1341847983.806672 -0.3050424 -0.01119545 0.0002944234 0.002820407 0.1069549 0.03352043 1.031916 
1341847983.838719 -0.3143919 -0.01050737 0.001461131 0.00694636 0.1097891 0.03336859 1.031604 
1341847983.870712 -0.321041 -0.002524924 -0.0001643191 0.01209091 0.1086016 0.03678287 1.031566 
1341847983.906692 -0.3293857 -0.004577955 0.0009583242 0.01159923 0.1075584 0.03976831 1.03157 
1341847983.938757 -0.3331671 -0.002258043 -0.001284064 0.01262244 0.1055935 0.04113274 1.031707 
1341847983.970809 -0.3382005 -0.002737587 -0.001780719 0.01041128 0.1073424 0.03976906 1.031605 
1341847984.006722 -0.3451792 -0.001521622 -0.0007766886 0.009892384 0.1103447 0.03907838 1.03132 
1341847984.038718 -0.3500425 -0.000210239 -0.00154673 0.008638678 0.112497 0.03896994 1.031103 
1341847984.074737 -0.3552599 0.003596032 -0.002052864 0.007420721 0.1150533 0.03775486 1.030875 
1341847984.106759 -0.3626917 0.004512943 0.0007722154 0.003160507 0.1187234 0.03667461 1.03052 
1341847984.138698 -0.3728765 0.002101193 0.006496209 0.001254588 0.1230407 0.03573998 1.03005 
1341847984.174831 -0.3759244 0.008032181 0.003168395 0.001066165 0.1223474 0.03416303 1.030186 
1341847984.206711 -0.3845358 0.008198396 0.008750147 -0.003727484 0.1256862 0.03264627 1.029827 
1341847984.238670 -0.3908849 0.008046411 0.01194392 -0.004721349 0.1252518 0.03358068 1.029846 
1341847984.274795 -0.3943137 0.009470134 0.01154514 -0.006575993 0.1231089 0.03438054 1.030068 
1341847984.306662 -0.3996489 0.00952854 0.01481114 -0.009309699 0.123832 0.03434035 1.029962 
1341847984.343094 -0.4059045 0.01052317 0.0195526 -0.01059697 0.1246244 0.03484816 1.029837 
1341847984.374794 -0.4111335 0.01373055 0.02199138 -0.01049702 0.1232104 0.03658571 1.029947 
1341847984.406718 -0.4159993 0.01363822 0.02542804 -0.01295128 0.121622 0.03837142 1.030043 
1341847984.442894 -0.4203205 0.0101941 0.03066067 -0.01577574 0.1206242 0.0390328 1.018444 
1341847984.474640 -0.426273 0.01091312 0.03607245 -0.01505362 0.1236111 0.0391463 1.029749 
1341847984.506747 -0.4290272 0.009414701 0.03885722 -0.01633028 0.1223643 0.03802184 1.018266 
1341847984.542747 -0.4318931 0.008539577 0.04195525 -0.0166786 0.1242019 0.038548 1.018018 
1341847984.574807 -0.436624 0.008206335 0.04761629 -0.01824665 0.1279965 0.03907596 1.017501 
1341847984.610792 -0.4439269 0.003874757 0.05680852 -0.01849255 0.1304425 0.0384109 1.017211 
1341847984.642667 -0.4474034 0.003180585 0.06039554 -0.01531683 0.1291078 0.03977387 1.017382 
1341847984.674804 -0.4498701 0.002384078 0.0637165 -0.0145631 0.1285608 0.04095824 1.017415 
1341847984.710651 -0.4557813 -0.00144816 0.07301087 -0.0141249 0.1301054 0.04078305 1.017232 
1341847984.743352 -0.4586872 -0.00308549 0.07696811 -0.0111528 0.1292065 0.04063067 1.01739 
1341847984.778881 -0.4609771 -0.003682254 0.0802276 -0.01008179 0.1292129 0.04152164 1.017364 
1341847984.810639 -0.4659373 -0.007082577 0.08931514 -0.0097269 0.1314859 0.04349002 1.016994 
1341847984.842655 -0.4698569 -0.0105449 0.09643089 -0.007201626 0.1326821 0.04493132 1.016797 
1341847984.878779 -0.4715867 -0.01078279 0.09910545 -0.004208223 0.1323875 0.04665869 1.016774 
1341847984.910613 -0.4739577 -0.01143152 0.1027039 -0.00359115 0.1318026 0.04958608 1.016714 
1341847984.943053 -0.4770705 -0.01368895 0.1089541 -0.004788461 0.1307141 0.05320091 1.016667 
1341847984.979236 -0.4786846 -0.01602353 0.1133136 -0.005932998 0.1286308 0.05620851 1.016765 
1341847985.010633 -0.4789231 -0.0178544 0.1168157 -0.00823988 0.128097 0.05752332 1.016743 
1341847985.046612 -0.4807496 -0.02137582 0.1231746 -0.01174176 0.1317693 0.05821473 1.016199 
1341847985.078667 -0.4830845 -0.0249022 0.1294007 -0.01322792 0.1360179 0.05782488 1.015643 
1341847985.110771 -0.4847502 -0.02575947 0.1345939 -0.01369523 0.13906 0.05945523 1.015131 
1341847985.146824 -0.4862005 -0.02970325 0.1401105 -0.01507506 0.142103 0.06109167 1.014593 
1341847985.178699 -0.4880881 -0.03285385 0.1462929 -0.01555735 0.1459494 0.06204787 1.013981 
1341847985.210840 -0.4901843 -0.03689167 0.1521764 -0.01498669 0.1490175 0.06223924 1.013532 
1341847985.246735 -0.4905685 -0.03871705 0.1542276 -0.01425682 0.151271 0.06298641 1.013162 
1341847985.278902 -0.4926903 -0.04258568 0.1605662 -0.01533848 0.1554173 0.06297596 1.012519 
1341847985.314648 -0.4951203 -0.04623633 0.1665521 -0.01404176 0.1592621 0.06277513 1.011953 
1341847985.346842 -0.4957886 -0.04582933 0.1687367 -0.01177625 0.1604583 0.06322118 1.011765 
1341847985.378830 -0.4972798 -0.04806395 0.1728361 -0.01325387 0.1619175 0.0634058 1.011503 
1341847985.414650 -0.4993278 -0.05266041 0.1794032 -0.01505075 0.1656473 0.06374569 1.010852 
1341847985.446854 -0.5011942 -0.05461221 0.1848242 -0.01384618 0.1685969 0.06361585 1.01039 
1341847985.478685 -0.5024941 -0.05488175 0.1888046 -0.01250989 0.1699681 0.06501402 1.010088 
1341847985.514673 -0.5039602 -0.0584655 0.1936553 -0.01416849 0.1719705 0.06577446 1.009678 
1341847985.546814 -0.505658 -0.06160394 0.1996665 -0.01528558 0.1754925 0.06662911 1.009 
1341847985.582581 -0.5079678 -0.0647098 0.2069649 -0.01478903 0.1794783 0.06742787 1.008253 
1341847985.614773 -0.5092684 -0.06593252 0.2118245 -0.01063265 0.1551441 0.05904059 0.8617939 
1341847985.647097 -0.5119682 -0.06985062 0.2187528 -0.01122465 0.1847999 0.07102276 1.00709 
1341847985.682842 -0.5135919 -0.07198213 0.2238438 -0.007350574 0.1601959 0.06265192 0.8606481 
1341847985.714719 -0.5163075 -0.07531245 0.229857 -0.004459882 0.1619317 0.06536153 0.8601415 
1341847985.746954 -0.518374 -0.07751693 0.2347559 -0.001282733 0.1632973 0.0674278 0.8597343 
1341847985.782765 -0.5212418 -0.08176376 0.2406892 0.0005999944 0.1662651 0.06895127 0.8590451 
1341847985.814703 -0.5237906 -0.0832549 0.245998 0.007532466 0.1685746 0.07126237 0.8583733 
1341847985.850739 -0.5259352 -0.08188231 0.2493583 0.01508512 0.1694512 0.07391405 0.8578768 
1341847985.882782 -0.5272269 -0.08022738 0.2509699 0.01650139 0.1693236 0.07713555 0.8575923 
1341847985.914968 -0.5289518 -0.08612859 0.2564408 0.01255271 0.1721493 0.07942158 0.8568877 
1341847985.950751 -0.5309615 -0.09172628 0.2621365 0.01052043 0.1770081 0.0787118 0.8559901 
1341847985.982712 -0.5330645 -0.09323684 0.2675028 0.01164679 0.1814484 0.07870438 0.855046 
1341847986.018756 -0.5349791 -0.09361062 0.2717292 0.01322686 0.1837454 0.0807195 0.8543443 
1341847986.051991 -0.5366024 -0.09587043 0.2764563 0.01291241 0.1851203 0.08346501 0.8537884 
1341847986.082612 -0.5377971 -0.1000091 0.2812261 0.01206654 0.1865275 0.08451739 0.8533908 
1341847986.118719 -0.5385915 -0.1029732 0.2848459 0.01062669 0.1889903 0.08440921 0.8528787 
1341847986.150636 -0.5395562 -0.10491 0.2893774 0.008595364 0.1928747 0.08502016 0.8519708 
1341847986.182648 -0.5411949 -0.1098287 0.2965564 0.006970216 0.1972784 0.08537755 0.850941 
1341847986.218674 -0.5424293 -0.1122633 0.30122 0.00875797 0.1999671 0.08593895 0.8502401 
1341847986.250584 -0.5432122 -0.1147594 0.3054737 0.009916358 0.2022898 0.08771709 0.849496 
1341847986.286733 -0.5438162 -0.1188881 0.3107931 0.01035609 0.2052598 0.08867262 0.8486787 
1341847986.326156 -0.5444978 -0.1221253 0.3160574 0.01216438 0.2084403 0.08958312 0.8477834 
1341847986.359210 -0.5447718 -0.1239087 0.3200172 0.01455814 0.2110047 0.09140808 0.8469161 
1341847986.394467 -0.5450833 -0.1239949 0.3246242 0.01593009 0.2133528 0.09314156 0.8461139 
1341847986.425858 -0.5452709 -0.1290326 0.330032 0.01440646 0.2161756 0.09421472 0.8453055 
1341847986.457691 -0.5455338 -0.1325915 0.3350503 0.01298171 0.2193448 0.09511126 0.8444113 
1341847986.493735 -0.5459877 -0.1336236 0.3415357 0.01327338 0.2221113 0.09626773 0.8435521 
1341847986.525772 -0.5464034 -0.1362883 0.3470295 0.01395857 0.2239947 0.09742037 0.8429105 
1341847986.561706 -0.5465596 -0.1389232 0.3519895 0.01285297 0.2259892 0.09807404 0.8423197 
1341847986.593712 -0.5467833 -0.142855 0.3589187 0.01071209 0.2293684 0.09813195 0.841429 
1341847986.625740 -0.5472448 -0.1456187 0.365819 0.0118651 0.2328264 0.09867532 0.8403996 
1341847986.661920 -0.5476622 -0.1456728 0.3696333 0.0141916 0.234297 0.1010601 0.8396711 
1341847986.693739 -0.5479603 -0.1476195 0.3750401 0.01236927 0.1972366 0.08813528 0.7034694 
1341847986.725896 -0.5483128 -0.1494968 0.3800987 0.0156837 0.2355197 0.1095812 0.8382325 
1341847986.762616 -0.5480969 -0.1514045 0.3842403 0.01244312 0.197544 0.09475412 0.7025208 
1341847986.793794 -0.5479272 -0.1540465 0.3894287 0.00959691 0.1991765 0.09647184 0.7018705 
1341847986.829823 -0.5482556 -0.1576737 0.395842 0.007455274 0.2018392 0.09794336 0.7009314 
1341847986.861756 -0.548704 -0.1586965 0.4002964 0.00767643 0.2028267 0.09957522 0.7004138 
1341847986.886746 -0.5490914 -0.1597917 0.4048435 0.006968497 0.2028308 0.1020605 0.7000622 
1341847986.922699 -0.5494006 -0.1622496 0.41036 0.005322302 0.2033882 0.1046408 0.6995338 
1341847986.954690 -0.5492481 -0.1653958 0.4158241 0.003448733 0.2047289 0.1057315 0.6989902 
1341847986.990631 -0.5495194 -0.1676258 0.4214536 0.0023584 0.2067797 0.1065011 0.6982739 
1341847987.022895 -0.5498027 -0.1685776 0.4255961 0.00266994 0.2081611 0.1083 0.6975853 
1341847987.054629 -0.5502018 -0.1690038 0.4294905 0.002216275 0.2086918 0.1104186 0.697096 
1341847987.091223 -0.5502169 -0.1725335 0.4351813 -0.0001225716 0.2098273 0.1115591 0.6965769 
1341847987.123199 -0.5497868 -0.1765938 0.4406016 -0.002255306 0.2125404 0.1109972 0.6958401 
1341847987.154654 -0.5496269 -0.1778421 0.4437847 -0.003445458 0.2157557 0.1096131 0.6950647 
1341847987.190716 -0.5503827 -0.178289 0.4493904 -0.004562856 0.219901 0.1096041 0.6937593 
1341847987.222678 -0.5514945 -0.1778893 0.4541418 -0.004334096 0.2225003 0.1110043 0.6927086 
1341847987.259261 -0.5516111 -0.1804413 0.4592396 -0.005700727 0.2247531 0.1119855 0.6918129 
1341847987.290653 -0.5515908 -0.1838287 0.4638926 -0.007454622 0.2284486 0.1114575 0.6906701 
1341847987.322780 -0.5522281 -0.1854146 0.4689846 -0.007610778 0.2333927 0.1103814 0.6891866 
1341847987.358780 -0.5533721 -0.187122 0.4759921 -0.006722104 0.2384125 0.1085302 0.6877702 
1341847987.390720 -0.5545074 -0.1882044 0.4799489 -0.004321407 0.2427157 0.1067469 0.6865624 
1341847987.422820 -0.5557036 -0.1887604 0.4835904 -0.002444721 0.247293 0.1053612 0.6851507 
1341847987.458620 -0.5575399 -0.1879471 0.4903086 0.0007522389 0.2520222 0.1054866 0.6834099 
1341847987.490754 -0.5594947 -0.1868229 0.4944571 0.005668138 0.254475 0.1064349 0.68233 
1341847987.526761 -0.5612019 -0.1859324 0.4945358 0.006530399 0.2554424 0.108663 0.6816093 
1341847987.558679 -0.5619295 -0.188649 0.5037839 0.005585005 0.2599667 0.109966 0.6796955 
1341847987.590776 -0.5638277 -0.1870589 0.507837 0.0098131 0.2632423 0.1113493 0.6781599 
1341847987.626925 -0.566034 -0.1848964 0.5097995 0.01240373 0.264627 0.1145241 0.6770489 
1341847987.658922 -0.5673517 -0.1852823 0.5153771 0.01207563 0.2665262 0.1164875 0.6759741 
1341847987.691638 -0.56924 -0.1841433 0.5206958 0.01307676 0.2681548 0.118061 0.6750377 
1341847987.726721 -0.570542 -0.1847405 0.5248509 0.0112703 0.2253909 0.1005833 0.5672261 
1341847987.758741 -0.5717927 -0.1846184 0.5298342 0.0146601 0.2688297 0.1226403 0.6739194 
1341847987.794708 -0.5734082 -0.1847265 0.5336337 0.01273402 0.2260204 0.1054664 0.5660565 
1341847987.826748 -0.5750213 -0.1849882 0.5384916 0.01361727 0.225981 0.1076236 0.5656455 
1341847987.865879 -0.5763875 -0.1860446 0.5433414 0.01342997 0.2258279 0.1087572 0.5654943 
1341847987.897796 -0.5781351 -0.1865357 0.5487204 0.01455561 0.2262521 0.1100352 0.5650495 
1341847987.933722 -0.5797739 -0.1880935 0.5539691 0.01519958 0.2259707 0.1103638 0.565081 
1341847987.965806 -0.5812384 -0.1900398 0.5582505 0.01586254 0.2263642 0.1088458 0.5651997 
1341847987.997794 -0.5832881 -0.1902974 0.5615406 0.01696259 0.2268981 0.1075005 0.5652112 
1341847988.033757 -0.5843474 -0.1926085 0.5673466 0.01700299 0.228279 0.1054041 0.5650487 
1341847988.065746 -0.5861457 -0.1928545 0.5720424 0.0192563 0.2291469 0.1031057 0.5650492 
1341847988.098165 -0.5875528 -0.1940884 0.5749044 0.02026309 0.2295705 0.1003574 0.5653368 
1341847988.133763 -0.5886643 -0.1949744 0.5788401 0.02090579 0.231241 0.09826834 0.5649995 
1341847988.165801 -0.5910952 -0.1928639 0.5813857 0.02384039 0.2318343 0.09839634 0.5646177 
1341847988.201710 -0.5931108 -0.1913201 0.5837027 0.02451702 0.2306505 0.1006867 0.5646698 
1341847988.233777 -0.5930086 -0.1938629 0.5881432 0.02216159 0.230355 0.1022048 0.564615 
1341847988.265702 -0.5928026 -0.1957337 0.5925804 0.02136363 0.2316643 0.1020761 0.5641332 
1341847988.301776 -0.5945341 -0.1940329 0.5943781 0.02256378 0.2323495 0.1027509 0.563682 
1341847988.333739 -0.5953936 -0.1930939 0.5977994 0.02206677 0.2323544 0.1050152 0.5632822 
1341847988.369715 -0.5952398 -0.1946412 0.6020947 0.02085426 0.2329485 0.1065161 0.562801 
1341847988.401745 -0.596552 -0.1931243 0.605441 0.02258245 0.233231 0.1088273 0.5621748 
1341847988.433996 -0.5968121 -0.1942433 0.6087728 0.02205682 0.2328407 0.1108671 0.5619588 
1341847988.469742 -0.5968527 -0.1964067 0.6116234 0.02151174 0.234205 0.1101235 0.5615591 
1341847988.502496 -0.5991214 -0.1944533 0.6122714 0.02311702 0.2355966 0.1105079 0.5608372 
1341847988.537778 -0.6012439 -0.192085 0.6146839 0.02425253 0.2359765 0.1132092 0.5600903 
1341847988.569700 -0.6024011 -0.1928934 0.6172231 0.02279483 0.2352622 0.1145797 0.5601733 
1341847988.601796 -0.6036137 -0.1942876 0.6183984 0.02044238 0.2355969 0.1142054 0.5601998 
1341847988.637768 -0.6048025 -0.19492 0.6207467 0.01822928 0.2372066 0.1132557 0.5597896 
1341847988.669807 -0.6064958 -0.1947017 0.6232032 0.01749071 0.2384385 0.1126052 0.5594209 
1341847988.706192 -0.6085912 -0.1947049 0.6244922 0.01664793 0.2392018 0.1127946 0.5590825 
1341847988.737940 -0.6103444 -0.1950535 0.6266549 0.01659787 0.2402133 0.1141871 0.5583672 
1341847988.769740 -0.6123316 -0.1955241 0.6288606 0.01729924 0.2405091 0.1166033 0.5577188 
1341847988.806051 -0.6144802 -0.1971999 0.6298826 0.01740406 0.2406363 0.1179353 0.5573805 
1341847988.837897 -0.6175425 -0.1979666 0.6295225 0.01680458 0.241277 0.1189258 0.5569113 
1341847988.873917 -0.6193049 -0.1999705 0.6317971 0.01486048 0.2431581 0.1191121 0.556108 
1341847988.937824 -0.625863 -0.2005963 0.6339385 0.01516711 0.2456014 0.1209313 0.5546315 
1341847988.966828 -0.6286506 -0.2017819 0.6357928 0.01405088 0.2466727 0.1225529 0.5538289 
1341847988.998737 -0.6322632 -0.2024001 0.6372279 0.01442598 0.2471641 0.1244047 0.5531869 
1341847989.034678 -0.636311 -0.2034066 0.6378489 0.0135023 0.2469864 0.1257032 0.5529961 
1341847989.066658 -0.6382133 -0.2068112 0.6411375 0.010909 0.2480345 0.1255988 0.5526078 
1341847989.098821 -0.6406769 -0.2089342 0.6450183 0.01162586 0.2491788 0.1247247 0.5522762 
1341847989.134676 -0.645186 -0.2102464 0.6455275 0.01403254 0.2487932 0.1251597 0.5522958 
1341847989.166672 -0.6487285 -0.2126852 0.647152 0.01554389 0.2487364 0.1257639 0.5521436 
1341847989.202743 -0.6532004 -0.2140548 0.648703 0.01787407 0.2478793 0.1260786 0.5523867 
1341847989.234728 -0.6578326 -0.216216 0.6494104 0.01922066 0.2463005 0.1262423 0.5530099 
1341847989.266651 -0.661904 -0.2190546 0.650319 0.01919974 0.2454805 0.1251112 0.553632 
1341847989.302773 -0.6664456 -0.2208114 0.6513552 0.01878694 0.2447167 0.1227402 0.5545143 
1341847989.334871 -0.6710303 -0.2225937 0.6519343 0.01767651 0.2438275 0.1204045 0.5554539 
1341847989.366685 -0.6747219 -0.2254746 0.6525991 0.01472381 0.2435248 0.1170518 0.5563886 
1341847989.402777 -0.6773882 -0.2281086 0.6547226 0.01243697 0.2446342 0.1139037 0.5566111 
1341847989.434824 -0.6809811 -0.2294087 0.6564947 0.01331035 0.2451472 0.1115704 0.5568377 
1341847989.470712 -0.6867059 -0.2304212 0.6538521 0.01310551 0.2444504 0.1104628 0.5573695 
1341847989.502614 -0.6893086 -0.2324487 0.6553591 0.0114278 0.2451825 0.1106271 0.5570522 
1341847989.534687 -0.6919747 -0.2335913 0.6576287 0.01239594 0.2452623 0.1116154 0.5567991 
1341847989.570705 -0.6963543 -0.2357346 0.6558372 0.01163268 0.2445534 0.1115284 0.5571448 
1341847989.602804 -0.6972908 -0.2395961 0.6583265 0.008908344 0.2462745 0.1107031 0.5566011 
1341847989.634745 -0.7003636 -0.2413303 0.6590859 0.009338259 0.2484852 0.1086351 0.5560187 
1341847989.670627 -0.7058526 -0.2404312 0.6577375 0.01054107 0.249827 0.1086392 0.5553948 
1341847989.702606 -0.7081627 -0.2419058 0.6596704 0.009413658 0.2507575 0.1088603 0.5549523 
1341847989.738929 -0.7115171 -0.2437116 0.6603119 0.008550848 0.2521771 0.1079956 0.5544917 
1341847989.770735 -0.7163335 -0.243484 0.6602885 0.008634164 0.253421 0.1082543 0.5538725 
1341847989.802890 -0.7193735 -0.2444831 0.6617832 0.008287939 0.2726621 0.116444 0.5929335 
1341847989.838780 -0.7229912 -0.2455188 0.6630512 0.007270431 0.255237 0.1090744 0.5528965 
1341847989.870960 -0.7259464 -0.2484626 0.6652955 0.006937615 0.2755877 0.1156456 0.5917534 
1341847989.902718 -0.73148 -0.2475321 0.6651479 0.009415216 0.2768434 0.1161061 0.5910424 
1341847989.938921 -0.7370191 -0.2470244 0.6663673 0.01155924 0.2765351 0.118834 0.5906064 
1341847989.970730 -0.7407356 -0.2500781 0.6678839 0.01116595 0.2759723 0.1194924 0.5907443 
1341847990.006923 -0.7457789 -0.2521798 0.6674033 0.01055693 0.2767601 0.1189107 0.5905043 
1341847990.039001 -0.7504026 -0.252588 0.6692565 0.01095418 0.2783182 0.1187632 0.589794 
1341847990.070686 -0.7552663 -0.2531691 0.6706521 0.01179193 0.2785452 0.1182021 0.5897834 
1341847990.106701 -0.7606407 -0.2544592 0.6703688 0.01183369 0.2786051 0.1182451 0.5897456 
1341847990.139194 -0.7647246 -0.2556227 0.672153 0.01218199 0.2794056 0.1188181 0.5892445 
1341847990.171055 -0.7698006 -0.2559689 0.6735274 0.014575 0.2790395 0.1196265 0.5892 
1341847990.207022 -0.7753371 -0.2568154 0.6735521 0.01622373 0.2776764 0.120352 0.589653 
1341847990.238920 -0.7805053 -0.2579372 0.673452 0.01602055 0.2770416 0.1213346 0.5897558 
1341847990.274709 -0.7838164 -0.2595937 0.6762662 0.01660044 0.2770904 0.1216641 0.5896489 
1341847990.306743 -0.7900369 -0.2601398 0.6753876 0.01733636 0.2762469 0.1212178 0.5901153 
1341847990.339079 -0.7940866 -0.261073 0.6766693 0.01621474 0.2763567 0.1212585 0.5900874 
1341847990.374663 -0.7977796 -0.261714 0.6789734 0.01665614 0.2765706 0.1212499 0.5899767 
1341847990.406760 -0.8037464 -0.2615446 0.6784102 0.01688539 0.2756534 0.1212588 0.5903974 
1341847990.442575 -0.807 -0.2620684 0.68012 0.0153527 0.2755144 0.1229936 0.5901452 
1341847990.474644 -0.808908 -0.2638715 0.682904 0.01478038 0.275561 0.1229948 0.5901378 
1341847990.506783 -0.8144332 -0.2636645 0.6818376 0.01468141 0.2753767 0.1227084 0.5902859 
1341847990.542835 -0.817701 -0.2636645 0.6833779 0.0141432 0.2760969 0.1249441 0.5894931 
1341847990.574711 -0.820187 -0.2644341 0.6857729 0.01473405 0.2761388 0.1271746 0.5889818 
1341847990.606790 -0.8239643 -0.265733 0.6857509 0.01411098 0.2760582 0.1274209 0.5889816 
1341847990.642783 -0.827407 -0.2665962 0.6856676 0.01267722 0.2772214 0.127718 0.5884033 
1341847990.674787 -0.8300046 -0.266173 0.6877729 0.0133406 0.2785839 0.1295183 0.5873506 
1341847990.710795 -0.8337422 -0.2658079 0.6886955 0.01521612 0.2784605 0.1319172 0.5868294 
1341847990.742712 -0.8373514 -0.2645307 0.6879495 0.01599319 0.277777 0.1348118 0.5864747 
1341847990.774671 -0.8382025 -0.2674416 0.6910327 0.01474708 0.2785199 0.1365831 0.5857447 
1341847990.810771 -0.8414872 -0.2681056 0.691781 0.01596434 0.2798985 0.1366294 0.5850445 
1341847990.842713 -0.8455815 -0.2679644 0.6923115 0.016553 0.2807811 0.1379729 0.5842894 
1341847990.874745 -0.8471386 -0.2696379 0.6943815 0.01540956 0.2818756 0.1387362 0.5836126 
1341847990.910825 -0.8497276 -0.2706052 0.6961757 0.01541588 0.2833298 0.1389518 0.5828565 
1341847990.942685 -0.8527898 -0.271928 0.6968387 0.01428626 0.2847264 0.1390842 0.5821727 
1341847990.978824 -0.8538219 -0.2734796 0.7001719 0.01317229 0.2868197 0.139123 0.5811613 
1341847991.010797 -0.8558219 -0.2747512 0.7022313 0.01379844 0.2881238 0.1389954 0.5805318 
1341847991.042752 -0.8589415 -0.2756451 0.703115 0.01436524 0.2892146 0.1398065 0.5797805 
1341847991.078680 -0.8602268 -0.2773018 0.7059765 0.01446528 0.2906769 0.140982 0.5787612 
1341847991.111319 -0.862321 -0.2786769 0.7081977 0.01572517 0.2916112 0.1422761 0.577941 
1341847991.142784 -0.8646019 -0.2801265 0.7101264 0.01566644 0.2926026 0.1425987 0.5773618 
1341847991.178778 -0.8664634 -0.2816704 0.7127981 0.015501 0.2941699 0.1431175 0.5764407 
1341847991.210687 -0.8700789 -0.284564 0.7146863 0.01748093 0.3164322 0.1538751 0.6164822 
1341847991.246842 -0.8719049 -0.2845781 0.7185339 0.01695631 0.296759 0.1430743 0.5750817 
1341847991.278726 -0.8751182 -0.2872061 0.7198766 0.0178112 0.3191433 0.1538656 0.615076 
1341847991.310807 -0.878424 -0.2876643 0.7229068 0.02050112 0.3205733 0.1552339 0.6139036 
1341847991.346722 -0.8832265 -0.2871973 0.7254898 0.02389687 0.3195537 0.158352 0.6135159 
1341847991.378800 -0.8853236 -0.2890897 0.7274819 0.02365258 0.3177759 0.1631993 0.6131785 
1341847991.414715 -0.886401 -0.2914704 0.7303952 0.02173714 0.318099 0.1657828 0.6123883 
1341847991.446744 -0.8884318 -0.2929122 0.7332127 0.02021438 0.3196984 0.166042 0.6115367 
1341847991.478824 -0.890278 -0.2942971 0.7357309 0.01882278 0.3216816 0.166724 0.6103545 
1341847991.514709 -0.8923607 -0.2956035 0.73849 0.0182387 0.3235013 0.1680023 0.6090585 
1341847991.546725 -0.8947148 -0.2964165 0.7405338 0.01905756 0.3245184 0.1702921 0.6078553 
1341847991.578804 -0.8966268 -0.2976615 0.7420664 0.01956349 0.3253319 0.1738811 0.6063865 
1341847991.614853 -0.8975201 -0.2994765 0.7437195 0.01987691 0.3266967 0.1770838 0.6047134 
1341847991.646714 -0.8980986 -0.3013601 0.7446404 0.02072286 0.3290239 0.1798723 0.6025965 
1341847991.689872 -0.8989381 -0.3034412 0.7457231 0.02093531 0.3326712 0.1814489 0.6001089 
1341847991.714700 -0.9007642 -0.3045709 0.7471998 0.02171104 0.3358756 0.1821915 0.5980679 
1341847991.746823 -0.9028466 -0.3052965 0.7481649 0.02270331 0.3375342 0.1843631 0.5964296 
1341847991.782657 -0.9034702 -0.3074055 0.7493575 0.02194492 0.3392251 0.1865696 0.5948103 
1341847991.814748 -0.9031338 -0.3105533 0.7514834 0.02045036 0.3418734 0.1868907 0.5932445 
1341847991.846729 -0.9040711 -0.3127709 0.7528099 0.02035556 0.3450689 0.1855772 0.5918082 
1341847991.882784 -0.907099 -0.3128833 0.7536478 0.02119698 0.347578 0.1861054 0.5901422 
1341847991.915817 -0.9083575 -0.3151893 0.7560528 0.0213651 0.3489364 0.1876058 0.588858 
1341847991.950761 -0.9092541 -0.3177601 0.7578271 0.02110041 0.3500897 0.1876467 0.5881696 
1341847991.982826 -0.9100708 -0.3198968 0.7597297 0.01995571 0.3522236 0.1866333 0.5872573 
1341847992.014724 -0.9116394 -0.3216293 0.761905 0.01944712 0.3549594 0.1860451 0.585812 
1341847992.050647 -0.9149644 -0.3224367 0.7637873 0.01966608 0.3565182 0.1859163 0.5848982 
1341847992.082793 -0.915999 -0.3247102 0.7667908 0.01868383 0.3573843 0.1860648 0.5843544 
1341847992.114842 -0.9176469 -0.3264422 0.7691941 0.01826452 0.3588962 0.18581 0.5835215 
1341847992.150789 -0.9199359 -0.3280658 0.7718209 0.01844447 0.3606372 0.1859268 0.5824042 
1341847992.182813 -0.9232303 -0.3292089 0.7742769 0.01900542 0.3615631 0.1864602 0.581641 
1341847992.218736 -0.9244065 -0.3314651 0.7776245 0.01888139 0.3626447 0.1873439 0.580687 
1341847992.250652 -0.9266709 -0.3334057 0.7800931 0.0186971 0.3648405 0.1872351 0.579351 
1341847992.282910 -0.9290102 -0.3349629 0.7830799 0.01856219 0.3673997 0.1873239 0.5777071 
1341847992.318683 -0.93222 -0.3364388 0.7856465 0.0197035 0.3694846 0.1881348 0.5760738 
1341847992.350695 -0.9357065 -0.3376767 0.7879072 0.02034656 0.3710104 0.1892909 0.5746904 
1341847992.382858 -0.9382469 -0.33945 0.7908682 0.02082557 0.3724878 0.1910685 0.5731272 
1341847992.418855 -0.940732 -0.3416889 0.7934861 0.02197294 0.3741071 0.1930603 0.5713594 
1341847992.450822 -0.944791 -0.3431881 0.7956853 0.02281116 0.3756399 0.1945376 0.5698177 
1341847992.486713 -0.9478341 -0.345022 0.7983973 0.02339046 0.3768621 0.1969056 0.5681715 
1341847992.518735 -0.9504684 -0.3478564 0.8016952 0.02362556 0.3781683 0.1980545 0.5668931 
1341847992.550596 -0.9544423 -0.3494105 0.8040637 0.02414271 0.3792795 0.1984211 0.5660001 
1341847992.586730 -0.9583659 -0.350833 0.8067495 0.0236459 0.3801381 0.1991452 0.5651901 
1341847992.618832 -0.961271 -0.3526131 0.8099065 0.02315643 0.3810131 0.2000775 0.5642912 
1341847992.654692 -0.9648192 -0.3541738 0.8126248 0.02289373 0.3815244 0.2013106 0.5635174 
1341847992.686829 -0.9666763 -0.3565813 0.8163336 0.02205682 0.38224 0.2017132 0.5629215 
1341847992.718718 -0.9689533 -0.3585663 0.8193207 0.02220038 0.3836087 0.2012965 0.5621334 
1341847992.754765 -0.9738674 -0.359418 0.8216794 0.0234033 0.3845949 0.202034 0.5611453 
1341847992.786631 -0.9763373 -0.3614491 0.8246746 0.02320425 0.3845453 0.2027491 0.5609297 
1341847992.818723 -0.9783278 -0.3633479 0.8276509 0.02233377 0.3853256 0.2023467 0.5605747 
1341847992.854856 -0.9812705 -0.3644928 0.8296903 0.0209212 0.3864978 0.2022914 0.5598417 
1341847992.886610 -0.9832165 -0.3657359 0.8327108 0.01962457 0.3873905 0.2033015 0.558905 
1341847992.922713 -0.9843974 -0.3675066 0.8358524 0.0191739 0.3878452 0.2040847 0.5583195 
1341847992.954645 -0.9856299 -0.3689898 0.8385667 0.01843205 0.3887378 0.2043669 0.5576201 
1341847992.986720 -0.9864469 -0.370582 0.8417759 0.0186524 0.3900415 0.2050295 0.5564579 
1341847993.022736 -0.9895924 -0.3716147 0.8438274 0.01937298 0.3905682 0.2054997 0.5558902 
1341847993.054757 -0.9904321 -0.3732529 0.8471274 0.01868127 0.3911225 0.2063182 0.5552205 
1341847993.086751 -0.9924744 -0.374489 0.8499073 0.0170593 0.3725293 0.1959417 0.5270493 
1341847993.122668 -0.9934808 -0.3761775 0.8532171 0.01623329 0.3929989 0.2062256 0.5540055 
1341847993.154688 -0.9942324 -0.377699 0.8567111 0.01406599 0.374749 0.1957857 0.5256201 
1341847993.190779 -0.9940271 -0.379703 0.8604438 0.01369536 0.3765839 0.1959308 0.5242627 
1341847993.222703 -0.9956011 -0.3812398 0.8638426 0.01552761 0.3781403 0.1968251 0.5227541 
1341847993.261799 -0.9973933 -0.3829546 0.8670055 0.01771129 0.3786814 0.1981951 0.5217745 
1341847993.291547 -0.9975415 -0.3856837 0.8703652 0.01899347 0.3792102 0.1993138 0.5209185 
1341847993.322794 -0.9984734 -0.387969 0.8734598 0.01995575 0.3807481 0.1996171 0.519643 
1341847993.354702 -1.000465 -0.3894903 0.8767246 0.02048293 0.3821879 0.2000973 0.5183793 
1341847993.390722 -1.000416 -0.3917749 0.8806646 0.01996308 0.3837517 0.200498 0.5170879 
1341847993.422745 -1.001033 -0.3935482 0.8846751 0.01954566 0.3856931 0.2008102 0.5155359 
1341847993.458848 -1.001298 -0.3954398 0.8888515 0.0201373 0.3874632 0.2015151 0.5139082 
1341847993.490680 -1.002654 -0.3967915 0.8927551 0.02166846 0.3885859 0.2027862 0.5124963 
1341847993.522707 -1.005 -0.3981233 0.8960706 0.02331914 0.3889702 0.2049162 0.5112836 
1341847993.558719 -1.006183 -0.3998397 0.8999408 0.02371915 0.3890729 0.2076828 0.5100693 
1341847993.590981 -1.00709 -0.4019346 0.904071 0.02326397 0.3889278 0.209517 0.5094505 
1341847993.626764 -1.007968 -0.4039853 0.9082156 0.02227088 0.3890437 0.2108982 0.5088361 
1341847993.658928 -1.010191 -0.4053997 0.911887 0.02062137 0.3890156 0.2125185 0.5082526 
1341847993.690739 -1.009357 -0.4075403 0.9165303 0.01753751 0.3886839 0.2141989 0.5079166 
1341847993.727062 -1.005908 -0.4110683 0.9213677 0.01424636 0.389791 0.2140756 0.5072227 
1341847993.758693 -1.006131 -0.413171 0.9248294 0.01251118 0.3922255 0.2130441 0.5058241 
1341847993.790887 -1.007924 -0.4141494 0.928151 0.01244133 0.39361 0.2131641 0.5046986 
1341847993.826735 -1.008811 -0.4160157 0.9318338 0.01266966 0.3935668 0.2139396 0.5043984 
1341847993.858891 -1.009274 -0.4190017 0.934674 0.01131671 0.3937236 0.2141776 0.5042071 
1341847993.901726 -1.008375 -0.4212732 0.9386613 0.009333134 0.394793 0.2142267 0.50339 
1341847993.933661 -1.00822 -0.4240919 0.9419686 0.009611353 0.3957428 0.2142646 0.5026223 
1341847993.965821 -1.010316 -0.42671 0.9439223 0.008614749 0.3961964 0.2138557 0.5024571 
1341847994.001991 -1.00761 -0.4298278 0.9474318 0.00576195 0.3982547 0.2136496 0.5009562 
1341847994.034008 -1.007017 -0.4329393 0.9499815 0.006600195 0.4004894 0.2131363 0.4993805 
1341847994.065706 -1.010289 -0.4343024 0.9518067 0.008606603 0.40157 0.2129759 0.4985498 
1341847994.101772 -1.009363 -0.4369365 0.9546809 0.008121586 0.4028086 0.2135664 0.4973046 
1341847994.133885 -1.008464 -0.4399831 0.95761 0.008918821 0.404577 0.2130841 0.4960607 
1341847994.169705 -1.011502 -0.4415365 0.9596738 0.01121557 0.4060902 0.2127159 0.4949345 
1341847994.201675 -1.012843 -0.4431817 0.9624934 0.01271058 0.4071811 0.2142351 0.4933442 
1341847994.233618 -1.011364 -0.4468534 0.9658122 0.01505732 0.4083816 0.2155275 0.4917203 
1341847994.269680 -1.014675 -0.4493687 0.9678693 0.01701075 0.4098635 0.2148653 0.4907124 
1341847994.301751 -1.016595 -0.4512286 0.9709848 0.01694482 0.4112793 0.2151467 0.4894051 
1341847994.333755 -1.015628 -0.4546526 0.9745895 0.01780437 0.4130926 0.2153312 0.4877634 
1341847994.369712 -1.018945 -0.4569661 0.9778691 0.01964429 0.4146693 0.2145813 0.4866843 
1341847994.401655 -1.020807 -0.4594418 0.9815372 0.02101281 0.415822 0.2151601 0.4853863 
1341847994.433802 -1.022055 -0.4622753 0.9858162 0.02318281 0.4168308 0.2160522 0.4840241 
1341847994.469690 -1.02518 -0.4653827 0.9893403 0.02487301 0.4173926 0.2165266 0.4832434 
1341847994.501736 -1.027032 -0.4679592 0.9938304 0.0254852 0.4182241 0.2173786 0.4821088 
1341847994.537738 -1.027863 -0.4707039 0.998419 0.02663129 0.4193009 0.2182734 0.4807051 
1341847994.569734 -1.031832 -0.4733818 1.001963 0.02782108 0.4199274 0.2193388 0.4796047 
1341847994.601688 -1.033601 -0.4757698 1.00622 0.02707603 0.4206874 0.2211131 0.4781644 
1341847994.637836 -1.03333 -0.4778247 1.011068 0.0266502 0.4216041 0.2225069 0.4767323 
1341847994.669750 -1.035946 -0.4804179 1.014824 0.02704964 0.4220931 0.2232169 0.4759444 
1341847994.701643 -1.03818 -0.4827496 1.018934 0.02556682 0.4226481 0.2244569 0.4749497 
1341847994.769803 -1.03686 -0.4877569 1.028223 0.02400476 0.4258386 0.2252775 0.4717823 
1341847994.798790 -1.042198 -0.4902142 1.030859 0.02297288 0.4274027 0.2259292 0.4701047 
1341847994.831306 -1.044985 -0.4911188 1.034498 0.02071303 0.4277033 0.2291523 0.468373 
1341847994.866828 -1.044333 -0.4919081 1.03935 0.02023977 0.4277411 0.2312666 0.4673188 
1341847994.898727 -1.045394 -0.4936615 1.042992 0.01984133 0.4388857 0.2381268 0.4783382 
1341847994.930711 -1.045394 -0.4965742 1.047261 0.01660688 0.4291115 0.2329479 0.4653665 
1341847994.966673 -1.044593 -0.4966514 1.051867 0.01637817 0.4419988 0.2391875 0.4750624 
1341847994.998679 -1.04536 -0.4991267 1.054549 0.01713033 0.4434745 0.2402409 0.4731251 
1341847995.030768 -1.046731 -0.5007132 1.058755 0.01717173 0.4454876 0.2421283 0.4702616 
1341847995.066673 -1.044064 -0.5019972 1.062513 0.01744349 0.4472584 0.2434354 0.4678899 
1341847995.098711 -1.04464 -0.5043484 1.065412 0.0186871 0.4497386 0.2437157 0.4653115 
1341847995.134939 -1.046473 -0.5061849 1.068353 0.0187424 0.4520026 0.2444296 0.4627339 
1341847995.166644 -1.044273 -0.5074358 1.072199 0.01941712 0.4539343 0.2450866 0.460462 
1341847995.198787 -1.045579 -0.5099942 1.074756 0.02047553 0.4557165 0.2448956 0.4587543 
1341847995.234663 -1.047568 -0.5120816 1.07752 0.0205528 0.4571813 0.2452417 0.4571056 
1341847995.266776 -1.045616 -0.5135477 1.080883 0.02088569 0.458268 0.2461239 0.4555253 
1341847995.298812 -1.04525 -0.5157474 1.083665 0.02275026 0.4599104 0.2463957 0.45363 
1341847995.334686 -1.049129 -0.5187292 1.085949 0.0225834 0.4608226 0.24678 0.4525022 
1341847995.366701 -1.046351 -0.5196819 1.089717 0.02159875 0.4620898 0.2474394 0.4508951 
1341847995.402793 -1.047029 -0.5218189 1.09277 0.02155377 0.4632086 0.2469469 0.4500184 
1341847995.434743 -1.047892 -0.5236088 1.095952 0.02083166 0.4637991 0.2471864 0.4493122 
1341847995.466776 -1.045728 -0.5247898 1.100076 0.02041539 0.4650863 0.2473584 0.4479039 
1341847995.502702 -1.045524 -0.5259567 1.10291 0.02176168 0.4656605 0.2471661 0.4473497 
1341847995.534752 -1.04643 -0.5282226 1.106299 0.02390271 0.4651224 0.2482868 0.4471797 
1341847995.566681 -1.04747 -0.530356 1.108983 0.02616997 0.4640197 0.2516867 0.4462967 
1341847995.602698 -1.047226 -0.5315358 1.112264 0.02725018 0.4627424 0.2546779 0.4458612 
1341847995.634814 -1.04614 -0.5332384 1.115915 0.02661834 0.4624782 0.2566231 0.4450575 
1341847995.670769 -1.045113 -0.5348312 1.118755 0.02512032 0.4627711 0.2582475 0.443899 
1341847995.702780 -1.043849 -0.5357668 1.121659 0.02394796 0.4632289 0.2605152 0.4421577 
1341847995.734774 -1.0404 -0.5357965 1.12513 0.0239974 0.4635512 0.2618659 0.4410179 
1341847995.770704 -1.040493 -0.5380069 1.127487 0.0240224 0.4637474 0.262752 0.4402826 
1341847995.802752 -1.039503 -0.5386226 1.130275 0.0238351 0.4644953 0.263722 0.4389223 
1341847995.838779 -1.037992 -0.5391548 1.13285 0.02418506 0.4651059 0.2637474 0.4382409 
1341847995.870641 -1.038504 -0.5413573 1.134648 0.02412697 0.4656361 0.2636328 0.4377497 
1341847995.902803 -1.039443 -0.5429079 1.136611 0.02247807 0.4664726 0.2639137 0.4367766 
1341847995.938733 -1.036135 -0.5428948 1.139572 0.02225582 0.4679752 0.2643277 0.4349263 
1341847995.970733 -1.036445 -0.5452883 1.140779 0.02279803 0.4693431 0.2645497 0.4332862 
1341847996.002709 -1.037817 -0.5466468 1.141497 0.02141245 0.4704218 0.2645452 0.4321883 
1341847996.038762 -1.034875 -0.5466886 1.143591 0.02134742 0.4720662 0.2647957 0.4302408 
1341847996.070721 -1.0347 -0.5483769 1.144486 0.02267279 0.4734028 0.2644209 0.428933 
1341847996.106729 -1.036819 -0.5502306 1.145027 0.02265377 0.4743347 0.2639966 0.4281651 
1341847996.138845 -1.034393 -0.5508003 1.147495 0.02242275 0.4764152 0.2641037 0.4257948 
1341847996.170714 -1.033892 -0.5515132 1.14843 0.02399518 0.4785563 0.2633875 0.4237467 
1341847996.206643 -1.037257 -0.5534168 1.148811 0.02354433 0.4799017 0.2619579 0.4231362 
1341847996.239003 -1.037167 -0.5542784 1.150705 0.02280866 0.4812784 0.2623842 0.4213449 
1341847996.270754 -1.037225 -0.5544593 1.152155 0.0237325 0.4820488 0.2635084 0.4197084 
1341847996.306636 -1.037283 -0.5553874 1.153577 0.02433911 0.4826366 0.2641957 0.4185646 
1341847996.338944 -1.03817 -0.5568329 1.154966 0.02410561 0.4835947 0.2647265 0.4171344 
1341847996.374711 -1.037517 -0.5576063 1.157147 0.02363178 0.4850952 0.2653692 0.4150055 
1341847996.406705 -1.037173 -0.5582929 1.158594 0.02480066 0.4863829 0.2660428 0.4129939 
1341847996.438632 -1.039675 -0.5600956 1.159617 0.02531947 0.4872267 0.2668461 0.4114466 
1341847996.474783 -1.038362 -0.5599989 1.16244 0.02575346 0.4883919 0.2675366 0.4095856 
1341847996.506707 -1.03747 -0.5611055 1.164652 0.02766226 0.4895574 0.2677696 0.4079142 
1341847996.538771 -1.041298 -0.5637614 1.165874 0.02843909 0.4902241 0.2677842 0.4070495 
1341847996.574796 -1.042821 -0.5642482 1.16881 0.0277229 0.4905507 0.2686144 0.4061575 
1341847996.607104 -1.041198 -0.5650961 1.172095 0.02800709 0.4914009 0.2693735 0.4046045 
1341847996.642752 -1.04505 -0.5675329 1.1738 0.02723778 0.491191 0.2705205 0.4041464 
1341847996.674774 -1.044164 -0.5672773 1.177862 0.02521794 0.4913288 0.2721174 0.4030364 
1341847996.706896 -1.042248 -0.5687636 1.180885 0.02349477 0.4930217 0.272922 0.4005213 
1341847996.742663 -1.044961 -0.5703079 1.182825 0.02006613 0.4946242 0.2731418 0.3985774 
1341847996.774747 -1.043319 -0.5693011 1.187586 0.01806608 0.4964263 0.2739366 0.3958781 
1341847996.806787 -1.043603 -0.5703908 1.191003 0.01887551 0.4976622 0.2753688 0.3932864 
1341847996.842763 -1.045869 -0.5717769 1.193817 0.01917422 0.4982145 0.2764439 0.3918157 
1341847996.874766 -1.046164 -0.571997 1.19868 0.02034586 0.4987879 0.2773829 0.3903608 
1341847996.910785 -1.046204 -0.5742082 1.202601 0.02205275 0.4993424 0.2778427 0.3892305 
1341847996.942686 -1.048297 -0.5763782 1.206176 0.02376459 0.4992777 0.2785791 0.388686 
1341847996.974782 -1.046797 -0.578263 1.210853 0.02522928 0.4999803 0.2786825 0.387615 
1341847997.010744 -1.048747 -0.5814542 1.214446 0.02621006 0.5005918 0.278055 0.3872111 
1341847997.042675 -1.049806 -0.5836656 1.218774 0.02677489 0.5008519 0.2780146 0.3868649 
1341847997.078725 -1.050372 -0.5860166 1.222844 0.02771157 0.5011091 0.2776769 0.3867084 
1341847997.110693 -1.051692 -0.5887501 1.227045 0.02727349 0.5013434 0.2771428 0.386819 
1341847997.142993 -1.051528 -0.5903772 1.23167 0.02669545 0.5018206 0.2762634 0.3868696 
1341847997.178794 -1.051521 -0.5927418 1.235874 0.02667269 0.5021406 0.2750415 0.3873264 
1341847997.210888 -1.053361 -0.5957651 1.239461 0.02581737 0.5020654 0.2743667 0.3879598 
1341847997.242959 -1.052554 -0.5983541 1.243911 0.02617623 0.5471118 0.2987557 0.422117 
1341847997.278756 -1.052975 -0.5999498 1.247619 0.02445066 0.5021834 0.2752047 0.3873015 
1341847997.311412 -1.051308 -0.6022656 1.251217 0.02486154 0.5473225 0.2997887 0.4211899 
1341847997.346642 -1.049027 -0.6040686 1.254244 0.02410423 0.5485124 0.2997446 0.4197148 
1341847997.378668 -1.048889 -0.6066211 1.257327 0.02411392 0.5501615 0.2993014 0.417868 
1341847997.410817 -1.047397 -0.6086634 1.260627 0.02379188 0.5516127 0.2993609 0.4159263 
1341847997.446693 -1.044621 -0.6112541 1.262885 0.02438164 0.5532397 0.2985627 0.4143017 
1341847997.478752 -1.045487 -0.6142473 1.266107 0.02483146 0.5556218 0.2973328 0.4119651 
1341847997.510941 -1.044219 -0.6164354 1.269416 0.02417695 0.5573938 0.2976224 0.4093932 
1341847997.546599 -1.041613 -0.6187669 1.272387 0.02405172 0.5588518 0.2973821 0.4075835 
1341847997.578740 -1.040045 -0.6214161 1.275436 0.0235086 0.5605586 0.2963904 0.4059907 
1341847997.614736 -1.038306 -0.6238619 1.278813 0.02214942 0.5627498 0.2953648 0.4037771 
1341847997.646995 -1.035453 -0.6263553 1.282208 0.0220952 0.5644967 0.2946597 0.4018522 
1341847997.678842 -1.033418 -0.6293448 1.286365 0.023568 0.565584 0.2935763 0.4010317 
1341847997.714639 -1.031438 -0.6320683 1.28973 0.02428282 0.566471 0.2928022 0.4003025 
1341847997.746602 -1.028185 -0.6343848 1.293321 0.02442621 0.56836 0.2916124 0.3984806 
1341847997.778734 -1.026169 -0.6373686 1.297777 0.02529573 0.5703396 0.2900802 0.3967122 
1341847997.814628 -1.024388 -0.6403961 1.302153 0.02629542 0.5713577 0.2896455 0.3954981 
1341847997.846906 -1.022332 -0.6433775 1.305894 0.02798758 0.5720211 0.2902054 0.3940097 
1341847997.882641 -1.020786 -0.6460505 1.310002 0.02919279 0.5726234 0.2918383 0.3918352 
1341847997.915169 -1.017227 -0.6484001 1.313711 0.03033524 0.5729179 0.2935612 0.3900268 
1341847997.946999 -1.015209 -0.6513775 1.31759 0.03185113 0.5730674 0.2952276 0.3884253 
1341847997.982715 -1.011558 -0.6535801 1.32116 0.0327315 0.5729638 0.2967424 0.3873492 
1341847998.014866 -1.008614 -0.6560719 1.324574 0.03363637 0.5734219 0.2971986 0.3862424 
1341847998.050805 -1.006473 -0.6587773 1.328565 0.03453675 0.5738315 0.29763 0.385221 
1341847998.082631 -1.00503 -0.6618558 1.332782 0.03574326 0.573161 0.2983451 0.3855558 
1341847998.122275 -1.002985 -0.6642227 1.336429 0.03704211 0.5716907 0.3001113 0.3862448 
1341847998.154051 -1.000485 -0.6658114 1.339851 0.0366035 0.5711571 0.3010629 0.3863355 
1341847998.185663 -0.9974973 -0.6678165 1.343038 0.03492825 0.5707828 0.3006992 0.3873257 
1341847998.253760 -0.9926191 -0.6721386 1.349617 0.03275691 0.570618 0.3005539 0.3878706 
1341847998.283062 -0.9893997 -0.6745131 1.352604 0.0318221 0.5702494 0.2996387 0.3891965 
1341847998.318804 -0.9884024 -0.6775357 1.356187 0.03207771 0.5699568 0.2992024 0.389939 
1341847998.351206 -0.9866864 -0.6794335 1.360241 0.03117928 0.5692777 0.2994908 0.3907817 
1341847998.382723 -0.9841481 -0.6800431 1.362602 0.03110907 0.5678589 0.2993007 0.3929909 
1341847998.419237 -0.9827136 -0.6826582 1.367107 0.0290682 0.5678897 0.2982631 0.3938904 
1341847998.450786 -0.9804367 -0.6850087 1.371823 0.02612463 0.5678199 0.2976522 0.3946587 
1341847998.484037 -0.977493 -0.6875647 1.376649 0.02477496 0.5670504 0.2978614 0.395693 
1341847998.518722 -0.9760265 -0.6895439 1.381062 0.02323965 0.5663985 0.2976829 0.3968524 
1341847998.550746 -0.9731354 -0.6915462 1.385304 0.0207853 0.5662224 0.2971855 0.3976118 
1341847998.586740 -0.9711494 -0.6936235 1.389738 0.01963662 0.5662179 0.296881 0.397904 
1341847998.618771 -0.9695684 -0.6961126 1.394633 0.0186856 0.5659884 0.2967762 0.3983543 
1341847998.650736 -0.9687177 -0.6983533 1.3998 0.01669919 0.5661704 0.2969577 0.3980485 
1341847998.686862 -0.9658386 -0.6998213 1.404326 0.01500035 0.5666 0.2974216 0.3971574 
1341847998.718741 -0.9635962 -0.7021582 1.408993 0.01577232 0.56686 0.2976175 0.3966094 
1341847998.750838 -0.9637636 -0.7048877 1.414823 0.01605071 0.5668388 0.2978528 0.3964519 
1341847998.786762 -0.9615285 -0.7062383 1.418986 0.01587873 0.5665602 0.299165 0.3958686 
1341847998.818756 -0.9603808 -0.7078164 1.422808 0.01643861 0.5673958 0.299266 0.3945706 
1341847998.854711 -0.9591308 -0.7097289 1.428493 0.01477818 0.5686091 0.2986632 0.3933445 
1341847998.886699 -0.9575577 -0.712317 1.433456 0.01422832 0.5687193 0.299523 0.3925507 
1341847998.918666 -0.9565519 -0.7140209 1.438674 0.01549407 0.567915 0.301831 0.391899 
1341847998.954799 -0.9552593 -0.715341 1.443504 0.0154892 0.5671223 0.3043698 0.3910826 
1341847998.986722 -0.9526671 -0.7165073 1.447539 0.01471741 0.5662295 0.3057748 0.3913101 
1341847999.018809 -0.9516916 -0.7181035 1.451971 0.01465363 0.5661307 0.3066791 0.3907473 
1341847999.054894 -0.9503558 -0.7192691 1.456957 0.01440825 0.566522 0.3076312 0.3894387 
1341847999.086763 -0.9489869 -0.7210031 1.461372 0.01388252 0.6098979 0.3333299 0.4200115 
1341847999.122718 -0.9467578 -0.7220617 1.465431 0.01227124 0.5654222 0.3101838 0.3890854 
1341847999.154891 -0.9459733 -0.7231946 1.468045 0.01267091 0.6103109 0.3354391 0.4177647 
1341847999.186738 -0.9431509 -0.7242582 1.471614 0.01235693 0.6120417 0.3361523 0.414657 
1341847999.222717 -0.9404797 -0.7251761 1.474548 0.01219296 0.6142087 0.3349866 0.412395 
1341847999.254873 -0.9386667 -0.7265224 1.477501 0.01311465 0.6171834 0.3336995 0.4089547 
1341847999.290995 -0.9368838 -0.728967 1.481159 0.01562891 0.6201959 0.3338037 0.4041961 
1341847999.322701 -0.9348344 -0.7315853 1.484691 0.01942663 0.6212082 0.3351748 0.4013321 
1341847999.354861 -0.933188 -0.7332297 1.487036 0.02333686 0.6216234 0.3363756 0.3994718 
1341847999.390790 -0.9324566 -0.7340369 1.48844 0.02579066 0.6228294 0.3369434 0.3969561 
1341847999.423935 -0.9297661 -0.7350396 1.490348 0.02601441 0.6249105 0.3369788 0.3936268 
1341847999.454933 -0.9272428 -0.7364396 1.4924 0.02674643 0.6275249 0.3361877 0.3900788 
1341847999.490878 -0.9264574 -0.737623 1.493687 0.02777228 0.6301741 0.3357839 0.3860635 
1341847999.522673 -0.9234713 -0.7396239 1.496803 0.03011967 0.6332484 0.33838 0.3785165 
1341847999.558926 -0.9201588 -0.7410794 1.499167 0.03362225 0.6347946 0.3404306 0.3737632 
1341847999.590686 -0.918066 -0.7417209 1.500626 0.0352843 0.6360034 0.3413713 0.3706844 
1341847999.622896 -0.9153803 -0.7420762 1.50212 0.03488451 0.6379826 0.3422228 0.3665125 
1341847999.658843 -0.9104617 -0.7428581 1.503561 0.03556903 0.6399657 0.3430025 0.3622356 
1341847999.691111 -0.9080315 -0.7442673 1.506138 0.03693419 0.6419037 0.3428993 0.3587508 
1341847999.722697 -0.9041137 -0.744521 1.50803 0.036264 0.6431661 0.3437949 0.355688 
1341847999.758778 -0.8990729 -0.7443237 1.508287 0.03727749 0.6446392 0.3442996 0.3524132 
1341847999.791003 -0.895563 -0.7452421 1.510272 0.03899232 0.6468356 0.343917 0.3485555 
1341847999.826747 -0.8924314 -0.7457808 1.51196 0.03937611 0.6481024 0.344648 0.3454232 
1341847999.858757 -0.8885967 -0.7454823 1.512687 0.04084808 0.6493058 0.3472927 0.3403054 
1341847999.897730 -0.8847483 -0.7457608 1.514448 0.04243803 0.6502102 0.350673 0.3348743 
1341847999.927117 -0.8810044 -0.7451256 1.515342 0.04320593 0.6504181 0.3540962 0.3307447 
1341847999.958786 -0.877316 -0.7443319 1.51618 0.04327911 0.6508783 0.3574779 0.3261603 
1341847999.990848 -0.8729874 -0.7444976 1.517006 0.04339891 0.6509766 0.361576 0.321396 
1341848000.026656 -0.8688665 -0.7442352 1.517418 0.04388521 0.6511919 0.3641439 0.3179766 
1341848000.058724 -0.8659625 -0.7435113 1.518036 0.04282501 0.6514649 0.3664429 0.3149059 
1341848000.094780 -0.8623909 -0.7427179 1.517951 0.04142678 0.6514896 0.3698813 0.3109977 
1341848000.126737 -0.8588591 -0.7418874 1.517869 0.03993501 0.6521489 0.3723629 0.3068215 
1341848000.158633 -0.8558571 -0.7417267 1.518463 0.03736078 0.6527212 0.3748464 0.3028795 
1341848000.194808 -0.8519136 -0.741647 1.518693 0.03599129 0.652938 0.3774571 0.2993147 
1341848000.227063 -0.8490238 -0.7415778 1.518869 0.03557355 0.6530329 0.3797186 0.2962817 
1341848000.266975 -0.8455179 -0.7405985 1.518476 0.03430065 0.6529241 0.3819979 0.2937307 
1341848000.295643 -0.8424351 -0.7403638 1.519256 0.02986878 0.5748272 0.3371982 0.2551434 
1341848000.327132 -0.8403608 -0.7400766 1.519219 0.03370778 0.6534042 0.3855351 0.2880555 
1341848000.362696 -0.8357458 -0.7397769 1.520308 0.02894314 0.5742276 0.3412352 0.2512028 
1341848000.394654 -0.8323366 -0.7383138 1.519885 0.02911155 0.5744485 0.3422304 0.2493172 
1341848000.426772 -0.8296266 -0.7387653 1.520742 0.02906679 0.5748233 0.3431991 0.2471174 
1341848000.462696 -0.8262799 -0.7374294 1.520592 0.02820167 0.5747801 0.3442511 0.2458515 
1341848000.494711 -0.8222875 -0.7361725 1.519651 0.02741865 0.575467 0.3446066 0.2438268 
1341848000.530849 -0.8188014 -0.7369093 1.520292 0.02735381 0.5763614 0.3446525 0.241647 
1341848000.562770 -0.8151812 -0.7362603 1.51978 0.0276967 0.5767437 0.3447362 0.2405739 
1341848000.594838 -0.8117121 -0.7353988 1.518724 0.02814904 0.5777794 0.3445355 0.238313 
1341848000.630641 -0.8081482 -0.7359161 1.518863 0.02829721 0.5790615 0.3440601 0.235858 
1341848000.662663 -0.8044017 -0.735434 1.517852 0.02883115 0.5803271 0.3433856 0.2336554 
1341848000.695377 -0.8010902 -0.7361043 1.518252 0.0292827 0.5818674 0.3430315 0.2302639 
1341848000.730805 -0.7971996 -0.7363656 1.517609 0.02989949 0.5827423 0.3433475 0.2274846 
1341848000.762655 -0.7932698 -0.7364049 1.51687 0.03131524 0.5837178 0.3433468 0.2247778 
1341848000.798741 -0.7898429 -0.7374688 1.517585 0.03332459 0.5847997 0.3432611 0.221788 
1341848000.830729 -0.7851682 -0.7373092 1.517231 0.03485658 0.585525 0.3432948 0.2195757 
1341848000.862750 -0.7815251 -0.7375569 1.517071 0.03576184 0.5870042 0.3423231 0.2169825 
1341848000.898723 -0.778079 -0.7394058 1.518632 0.03660884 0.5881262 0.3424548 0.2135681 
1341848000.930722 -0.7741984 -0.7404789 1.519628 0.03818146 0.5883166 0.3431106 0.2117076 
1341848000.963197 -0.7697509 -0.739988 1.519333 0.03887547 0.5886472 0.3433847 0.2102126 
1341848000.998783 -0.7654752 -0.7403037 1.519409 0.03865058 0.5893191 0.3431275 0.2087869 
1341848001.030740 -0.7615555 -0.7409972 1.519983 0.03968515 0.5898391 0.3433109 0.2068135 
1341848001.067042 -0.7574181 -0.7414162 1.52047 0.04093498 0.589944 0.3439532 0.2051973 
1341848001.098800 -0.7530367 -0.7411148 1.520484 0.04224579 0.590039 0.344585 0.203592 
1341848001.130714 -0.748306 -0.7402349 1.520067 0.04328051 0.5905658 0.3448602 0.2013692 
1341848001.205951 -0.7400418 -0.7391942 1.521347 0.04197168 0.5923547 0.3440025 0.1978278 
1341848001.233611 -0.7361528 -0.7380676 1.521563 0.03955544 0.5935065 0.3433657 0.195971 
1341848001.266775 -0.7317931 -0.7376604 1.52255 0.03217295 0.5189339 0.2989512 0.1691436 
1341848001.299150 -0.7277568 -0.7358178 1.521773 0.03583359 0.5958009 0.342414 0.1913351 
1341848001.334803 -0.7241944 -0.7350446 1.522316 0.03027438 0.521015 0.2986418 0.1635505 
1341848001.366701 -0.7202098 -0.7341118 1.522198 0.02813344 0.5221843 0.2984111 0.160598 
1341848001.399276 -0.7164077 -0.7326498 1.5215 0.0267018 0.523159 0.2984131 0.1576392 
1341848001.434718 -0.7125471 -0.7313557 1.520854 0.02677141 0.5242337 0.2986978 0.1534628 
1341848001.466720 -0.709651 -0.7303311 1.520386 0.02557075 0.525227 0.2988515 0.1499313 
1341848001.502686 -0.7060276 -0.728725 1.519351 0.02324464 0.525926 0.2996774 0.1461638 
1341848001.534905 -0.7021323 -0.7264683 1.517216 0.02273059 0.5269814 0.2996976 0.142352 
1341848001.567011 -0.6992452 -0.7248143 1.515614 0.02252042 0.5288295 0.2986286 0.1377026 
1341848001.602899 -0.6964994 -0.7243843 1.515967 0.02070091 0.5301231 0.2988359 0.1324648 
1341848001.634657 -0.6922231 -0.7227723 1.514198 0.02023943 0.5308601 0.2995093 0.1279882 
1341848001.666646 -0.6890343 -0.7223076 1.513093 0.01870524 0.4800138 0.2693659 0.1123663 
1341848001.702767 -0.6862769 -0.7216639 1.512337 0.01992003 0.5330086 0.2982499 0.1219053 
1341848001.734859 -0.6824856 -0.7201317 1.510574 0.01748224 0.4811946 0.2695563 0.1069249 
1341848001.770725 -0.6788015 -0.7188233 1.508395 0.01868953 0.4822565 0.2686741 0.1041201 
1341848001.802763 -0.6763013 -0.7189187 1.507807 0.01857929 0.4830857 0.2681943 0.1014995 
1341848001.834761 -0.6727639 -0.7176514 1.506516 0.01818871 0.4830938 0.2696328 0.09764749 
1341848001.870724 -0.6686414 -0.7164378 1.504304 0.0191066 0.483492 0.2699252 0.09464751 
1341848001.902749 -0.6659529 -0.7166875 1.50332 0.01764595 0.4841416 0.2694753 0.09287583 
1341848001.934732 -0.6626837 -0.7158471 1.502815 0.01816779 0.4839198 0.2709878 0.08946777 
1341848001.970708 -0.6586955 -0.7145789 1.500112 0.02061448 0.4838948 0.2716127 0.08714796 
1341848002.002731 -0.6556355 -0.7147669 1.498731 0.02150989 0.484194 0.2717557 0.08479169 
1341848002.038858 -0.6522077 -0.7138061 1.497018 0.02249587 0.4839792 0.2728453 0.08222439 
1341848002.070767 -0.6486556 -0.7127972 1.494313 0.02347555 0.4842467 0.2731397 0.0793481 
1341848002.102720 -0.6453823 -0.7129368 1.493902 0.02451365 0.4846124 0.273008 0.07722579 
1341848002.138653 -0.6418238 -0.7117189 1.491334 0.02374983 0.4846492 0.273257 0.07634831 
1341848002.171849 -0.638707 -0.7104824 1.489647 0.02381898 0.4846996 0.2739535 0.07345597 
1341848002.202698 -0.6351139 -0.7097605 1.488626 0.02473652 0.4848579 0.2742859 0.07081988 
1341848002.238731 -0.6316164 -0.7086307 1.48704 0.02424364 0.4850216 0.2744062 0.06938979 
1341848002.270763 -0.6284069 -0.7076215 1.485976 0.02242285 0.4851483 0.2748705 0.06724472 
1341848002.306708 -0.6252154 -0.7061959 1.485549 0.02130227 0.485163 0.275411 0.06526242 
1341848002.338850 -0.622213 -0.7043195 1.483789 0.02050125 0.4848727 0.2765004 0.06303217 
1341848002.370786 -0.6195076 -0.70375 1.483997 0.01757126 0.4283442 0.2452729 0.05281147 
1341848002.406793 -0.6159063 -0.7004347 1.481979 0.02089071 0.4843225 0.2786038 0.05764168 
1341848002.438766 -0.6135746 -0.7002465 1.480736 0.01762502 0.4282952 0.2459714 0.04986017 
1341848002.474697 -0.6112738 -0.6989679 1.481311 0.01710165 0.4281155 0.2466493 0.04821 
1341848002.506756 -0.6078978 -0.6964629 1.479292 0.01722097 0.4276647 0.2476486 0.04703132 
1341848002.538812 -0.6051016 -0.695447 1.478405 0.01631286 0.4276686 0.2480331 0.04525958 
1341848002.574707 -0.6025559 -0.6937448 1.478568 0.0154249 0.4271668 0.2492221 0.04375281 
1341848002.606780 -0.5996325 -0.6912705 1.477299 0.01495379 0.4267241 0.2501255 0.04307664 
1341848002.639359 -0.5966707 -0.6895796 1.476362 0.0133866 0.4267174 0.2503407 0.04240247 
1341848002.674651 -0.5940617 -0.6880839 1.477312 0.01259882 0.4262649 0.2513061 0.04147415 
1341848002.713789 -0.5907678 -0.6854675 1.47613 0.01268112 0.4255219 0.2525883 0.04128986 
1341848002.742817 -0.5877582 -0.6842375 1.475494 0.0115834 0.425343 0.2529675 0.04113387 
1341848002.774760 -0.5849314 -0.6822631 1.475902 0.01099365 0.4246033 0.2543673 0.04029739 
1341848002.806780 -0.5816124 -0.6799245 1.474377 0.01188859 0.4241103 0.2552948 0.0393577 
1341848002.842833 -0.5781103 -0.6794542 1.474479 0.0126223 0.4245043 0.2545789 0.03951926 
1341848002.875238 -0.5750712 -0.678081 1.474126 0.0130568 0.4247422 0.2540358 0.040309 
1341848002.906656 -0.5715358 -0.6777102 1.473684 0.0134128 0.4248637 0.253791 0.04045261 
1341848002.943323 -0.5673958 -0.6780502 1.474363 0.01323689 0.4252727 0.2527459 0.04269464 
1341848002.974597 -0.5644048 -0.6765057 1.473543 0.01324808 0.4252479 0.252332 0.04530612 
1341848003.010885 -0.5610406 -0.6745693 1.471485 0.01318818 0.4252245 0.2522653 0.04591053 
1341848003.042638 -0.5572765 -0.6742895 1.470852 0.01346146 0.4258912 0.2510643 0.04623444 
1341848003.074988 -0.5539276 -0.6743576 1.471704 0.01265352 0.4262419 0.2502258 0.04775103 
1341848003.110641 -0.5506372 -0.6729201 1.470846 0.01216498 0.4258727 0.2507131 0.04860897 
1341848003.142626 -0.5470216 -0.6725753 1.468766 0.01101452 0.4258719 0.2507472 0.04871412 
1341848003.175700 -0.5436237 -0.672369 1.469566 0.008800301 0.4262232 0.2500784 0.04952305 
1341848003.210749 -0.540739 -0.6702203 1.468196 0.007547501 0.426359 0.2499019 0.04945159 
1341848003.242926 -0.5372662 -0.6699695 1.468866 0.006611065 0.4267726 0.2493901 0.04859477 
1341848003.278886 -0.533957 -0.6686664 1.46849 0.005820518 0.4267776 0.2491669 0.04978215 
1341848003.310739 -0.5309122 -0.6672467 1.467851 0.00433755 0.4269076 0.2488226 0.0505355 
1341848003.342708 -0.5266565 -0.6654124 1.467068 0.003076355 0.4271396 0.2482922 0.05127082 
1341848003.378999 -0.5228981 -0.6641903 1.46642 0.001482839 0.4275721 0.2471891 0.05303629 
1341848003.410779 -0.5182391 -0.6631657 1.466988 -0.0001779224 0.4278214 0.2462987 0.05514704 
1341848003.442728 -0.5144958 -0.6629742 1.466049 -0.0001192514 0.4272493 0.2467911 0.05733766 
