1305031526.671473 0 0 0 0 0 0 1 
1305031526.707547 0.03111018 -0.02341325 0.0006207866 0.002982548 -0.001968187 0.002075604 0.9999915 
1305031526.739478 0.02835775 -0.02045934 -0.007914188 0.02097374 0.0126361 0.00188452 0.9996984 
1305031526.771481 0.07076683 -0.05487332 -0.002870685 0.02583563 0.007164249 0.0008134446 0.9996402 
1305031526.807455 0.06633026 -0.06092779 -0.01515323 0.05160587 0.0226318 8.849284e-05 0.9984111 
1305031526.839480 0.04622741 -0.04802775 -0.03373383 0.07711418 0.04138829 -0.003294811 0.9961574 
1305031526.871446 0.06066491 -0.06582683 -0.03582583 0.08932086 0.04386403 -0.006533442 0.9950151 
1305031526.907484 0.04450919 -0.05665026 -0.05171979 0.1135416 0.06113972 -0.009719795 0.9916026 
1305031526.939618 0.05929042 -0.06699781 -0.05414194 0.1307199 0.06462042 -0.01020365 1.01508 
1305031526.971510 0.03836875 -0.05306242 -0.0645289 0.1518779 0.07984634 -0.01286808 0.9850848 
1305031527.007595 0.04706423 -0.05979815 -0.07121302 0.1664404 0.08346819 -0.0121797 1.008433 
1305031527.039512 0.05177339 -0.05878673 -0.07282849 0.183738 0.08795642 -0.01296491 1.005033 
1305031527.071487 0.04494324 -0.05298952 -0.08219502 0.1996993 0.09700205 -0.01330741 1.001144 
1305031527.107498 0.04204484 -0.05154836 -0.08533936 0.20796 0.1023467 -0.01170381 0.9989474 
1305031527.139473 0.04322433 -0.04876485 -0.08966396 0.2203069 0.1066589 -0.01325434 0.9958254 
1305031527.171540 0.03364064 -0.0405322 -0.09687313 0.2285592 0.114563 -0.01249904 0.9930936 
1305031527.207588 0.02453341 -0.0276231 -0.1003903 0.2453481 0.1263479 -0.01330184 1.04837 
1305031527.239531 0.02130771 -0.03493748 -0.1107989 0.2229057 0.1211225 -0.01360088 0.9935857 
1305031527.271501 0.02027158 -0.02609035 -0.1045354 0.229452 0.1278087 -0.009063696 1.051832 
1305031527.307472 0.01801645 -0.02459502 -0.1034181 0.2185615 0.1256656 -0.00564237 1.05443 
1305031527.339636 0.0154933 -0.02301579 -0.101571 0.2075152 0.1226499 -0.0002087794 1.057029 
1305031527.371505 0.01463256 -0.0210925 -0.100604 0.1963977 0.1209583 0.003007863 1.059341 
1305031527.407412 0.009801243 -0.01663334 -0.09969843 0.1858436 0.1229069 0.0058001 1.061008 
1305031527.439476 0.008763867 -0.01667347 -0.09734839 0.1729456 0.1236038 0.009244117 1.063081 
1305031527.471497 0.007507787 -0.01666398 -0.09333108 0.1619028 0.1238769 0.01144763 1.064766 
1305031527.507487 0.00572908 -0.01495453 -0.09313932 0.1501282 0.1233533 0.01266114 1.066537 
1305031527.539741 0.009103171 0.006131641 -0.1180051 0.1411512 0.1186594 0.01466208 1.068268 
1305031527.571506 0.01421016 0.02701196 -0.1432876 0.1280305 0.114441 0.01475891 1.070378 
1305031527.607559 -0.006838149 0.04169665 -0.1746643 0.1263666 0.135481 0.017214 1.205722 
1305031527.639833 -0.01719646 0.04211945 -0.17955 0.105604 0.1370722 0.01902787 1.207511 
1305031527.671547 -0.03219809 0.04165999 -0.1812668 0.08106448 0.1357117 0.02100727 1.209527 
1305031527.707520 -0.007927749 0.03497983 -0.1696238 0.06249251 0.1125173 0.01844919 1.213046 
1305031527.739511 -0.006464102 0.03143084 -0.1677064 0.04835214 0.1023182 0.02345202 1.214508 
1305031527.771461 -0.007199755 0.03034711 -0.168644 0.03651203 0.09413319 0.02408078 1.215571 
1305031527.807581 -0.006446562 0.02625775 -0.1679933 0.02295425 0.08268683 0.02597243 1.216695 
1305031527.839601 -0.0135947 0.01659579 -0.1736848 0.01073183 0.05971843 0.02645723 1.038857 
1305031527.871464 -0.008499476 0.02427887 -0.1698164 0.005237531 0.049341 0.02334995 1.218761 
1305031527.907477 -0.01652218 0.01598247 -0.1754491 -0.006818301 0.02791188 0.01935071 1.040387 
1305031527.939566 -0.01668771 0.01291948 -0.1662805 -0.009532569 0.007562989 0.01086907 1.040835 
1305031527.971502 -0.01900886 0.01043414 -0.1700536 -0.007203277 -0.01437675 -0.002407226 1.040836 
1305031528.007566 -0.02459019 0.0081728 -0.1745093 -0.00815118 -0.0346621 -0.01668277 1.04022 
1305031528.039560 -0.02732654 0.004827808 -0.1692936 -0.005030441 -0.05816819 -0.03251638 1.038816 
1305031528.071546 -0.02947415 0.004262328 -0.1712166 0.001855682 -0.07999638 -0.04628626 1.036851 
1305031528.107513 -0.03177634 0.003661434 -0.1719321 0.008094579 -0.103842 -0.06221742 1.033869 
1305031528.139513 -0.05141485 -0.01500624 -0.2145256 0.006427308 -0.1283031 -0.08572758 1.091102 
1305031528.171523 -0.03541747 0.001478929 -0.1806118 0.01858668 -0.1445515 -0.09621063 1.02621 
1305031528.207527 -0.0559309 -0.01747209 -0.2157562 0.01955263 -0.1626465 -0.1209159 1.083005 
1305031528.239493 -0.06121084 -0.0178924 -0.2269294 0.03073524 -0.1745716 -0.1335937 1.079393 
1305031528.275450 -0.06895492 -0.01758874 -0.2314014 0.03908229 -0.1915222 -0.1462453 1.074598 
1305031528.307665 -0.07384142 -0.01843613 -0.2382207 0.04962658 -0.21971 -0.1579307 1.067089 
1305031528.339593 -0.07477328 -0.01924292 -0.2480036 0.05994999 -0.2500953 -0.1650876 1.058754 
1305031528.375435 -0.0822012 -0.02188789 -0.2581164 0.06513265 -0.2792002 -0.1687255 1.050568 
1305031528.407459 -0.07894444 -0.02152603 -0.265503 0.09256372 -0.4053639 -0.2181574 1.326239 
1305031528.439469 -0.06673955 -0.02014885 -0.2681387 0.07828465 -0.3591615 -0.1736529 1.024244 
1305031528.475342 -0.09006416 -0.02361435 -0.2815327 0.1001348 -0.4931765 -0.2234715 1.294682 
1305031528.507469 -0.09167926 -0.02183078 -0.2871093 0.1027461 -0.538642 -0.2226857 1.276366 
1305031528.539626 -0.09105575 -0.01990386 -0.2986687 0.1028958 -0.584065 -0.2232806 1.256112 
1305031528.575449 -0.08401323 -0.01944911 -0.3117189 0.09504415 -0.6253144 -0.2287185 1.235729 
1305031528.607841 -0.08780297 -0.02171477 -0.311272 0.08705751 -0.6626139 -0.2307553 1.21635 
1305031528.639487 -0.0776528 -0.02308932 -0.3257793 0.07991735 -0.6940842 -0.2377983 1.197791 
1305031528.675460 -0.07167309 -0.03107274 -0.3316416 0.07006601 -0.8041862 -0.2805125 1.325898 
1305031528.707447 -0.073241 -0.03155835 -0.324996 0.04844632 -0.7363991 -0.262045 1.168799 
