1305033527.670034 -1.3665230724391e-05 7.06044797516363e-05 6.27003364490041e-05 1.69365580770134e-05 3.12875867082745e-06 -2.85050314275289e-05 0.999999999445414
1305033527.933929 -0.0180306352875362 0.0906662716028228 -0.0962955305548806 -0.0223340259447086 0.0174683349130571 0.0163172987576731 0.999464753916675
1305033527.969980 -0.0186427210049556 0.0924166649673369 -0.0985096301611018 -0.0243208074917452 0.0198330441627187 0.0203890201128588 0.999299472901405
1305033528.470018 -0.00603514859074166 0.0641734263116026 -0.0598833469749199 -0.0200170967902363 0.0254578048826888 0.0247350502579626 0.999169351659358
1305033528.601902 0.00364876627586563 0.0427824746248609 -0.0319388368300167 -0.0158130627722379 0.0176955036312977 0.0196832114301989 0.999524580680631
1305033528.734048 0.0211246924950613 0.0190864052604082 -0.000684862308807467 -0.0124332511102858 0.00996235315840791 0.0216669969697518 0.999638288096594
1305033528.834358 0.0360314459470887 -0.000951925128123402 0.0231360508808393 -0.0123278476532243 0.009795245081383 0.0264994290143041 0.999524815904013
1305033528.934258 0.051511066598932 -0.0230941543746627 0.0482161953802142 -0.0122761565238664 0.00798132372109404 0.0309550496364768 0.999413517696586
1305033529.101938 0.072037608849218 -0.0613252314192513 0.0914587657054802 -0.00906084156704127 0.0119412998244049 0.0255838359286737 0.999560290251556
1305033529.233933 0.0879610717230767 -0.0958604050815118 0.125063674760144 -0.000580204675555859 0.0125530887250838 0.0244638505423984 0.999621730127269
1305033529.402096 0.100649365561176 -0.140081786497122 0.17021651276913 0.0131082765562038 0.0188141377873665 0.0233728502016964 0.999463811840375
1305033529.502276 0.106651392048183 -0.169145379207864 0.197546748121357 0.0186549932970668 0.0207117976192331 0.0213046947303804 0.999384371824431
1305033529.634597 0.114184860771776 -0.203460106510887 0.237679849552319 0.0229424926783342 0.0241644930207602 0.0239927656475125 0.99915667765538
1305033529.769985 0.116395118946749 -0.243736792750321 0.281825508498022 0.0223959886990245 0.037600615796989 0.0280533066747673 0.99864789859414
1305033529.870052 0.120020799943355 -0.270214788185606 0.314555358126907 0.0269009324552997 0.040293045152407 0.0446796691511011 0.997825905411325
1305033530.034539 0.124356020102785 -0.315681934147183 0.367757883551492 0.0281106927073982 0.0411856211103685 0.040947546919257 0.997916244967762
1305033530.133963 0.133215550244831 -0.344680845630357 0.401775401106382 0.0297147850646884 0.0394979194114735 0.0393722347911175 0.998001389296767
1305033530.270089 0.147900119187623 -0.38254389024238 0.453458867336891 0.0294201967639245 0.0357497798548138 0.0363338441476194 0.998266626223756
1305033530.503176 0.184486175101022 -0.446410838581436 0.545659051957015 0.0244978118455842 0.0303453215852612 0.0336033261027995 0.99867403848678
1305033530.603079 0.199834520763068 -0.473320096205228 0.582968276467355 0.0202859363763906 0.0306527197387309 0.0283369146823192 0.998922374774056
1305033530.770069 0.216154741867146 -0.520885802928916 0.636628652184965 0.018955182935269 0.0313675796734002 0.0221620220867112 0.999082389376548
1305033530.935393 0.227559232736624 -0.566027903705128 0.680993773745238 0.0348354068659757 0.0325254346902091 0.020312660461104 0.998657091474189
1305033531.134773 0.229246265415818 -0.593086582830832 0.713434991004511 0.0465799577110124 0.0334165091921574 0.0205563342062696 0.998143818082871
1305033531.470310 0.218937565768495 -0.57092326967496 0.704368124032758 0.0343781346670203 0.0427306846728519 0.0366916832486341 0.997820601523434
1305033531.635605 0.21250351542233 -0.546405886820407 0.678208542385901 0.0275882598563665 0.0631272527491574 0.0459586701299632 0.996564919369695
1305033531.771384 0.199339489858673 -0.528381833510754 0.646535530968879 0.0255283698686093 0.0913060343496617 0.070046857808701 0.993028170866425
1305033531.872625 0.1845995240551 -0.509897903962159 0.621145231647321 0.0286810267728585 0.110528747732669 0.0871380687573652 0.989630108475454
1305033532.003220 0.165950607433117 -0.483678504268292 0.590947414801917 0.0313941225370834 0.131423564396462 0.0999081085500343 0.985779197202604
1305033532.135137 0.145701599579694 -0.453582817386635 0.558657922082833 0.0255059480019594 0.153546743021079 0.121956765785118 0.980254758521158
1305033532.271672 0.127719312883846 -0.428792700281224 0.524414855108626 0.0186882392067945 0.168034076019281 0.133749729033277 0.976486717265126
1305033532.435086 0.113902251032688 -0.401385888249471 0.484071517085651 0.0154834871096957 0.177884110657535 0.138810500908846 0.974088881796696
1305033532.571563 0.106020351609216 -0.375252589723711 0.45058085069366 0.0213658275559428 0.188869943327928 0.138702713157509 0.971922426576782
1305033532.739491 0.0932612579450117 -0.33811290627094 0.403739004743269 0.0225280893260523 0.197627944376576 0.133883805560655 0.970829958026329
1305033532.871167 0.0859572255630536 -0.303342886602087 0.364821556890719 0.0204668838410096 0.213607032499595 0.142487690312079 0.966255866963862
1305033532.970791 0.0841490683786076 -0.275246946747246 0.336170603855544 0.0158098879955621 0.229469638272101 0.159354459715505 0.960052023966211
1305033533.069932 0.0808077912152859 -0.253415953023672 0.314066549167769 0.0059963508476793 0.254149641706182 0.179086711408084 0.950420934741112
1305033533.202524 0.077906118170704 -0.234793597645973 0.29195577948806 0.00636521808335315 0.293172874026562 0.21598113517613 0.931322339032941
1305033533.302453 0.0698104416300555 -0.228290152345998 0.280639138051674 0.00807563765234673 0.330947175799206 0.250178993489466 0.909845713362236
1305033533.402013 0.057105528799727 -0.227958646251449 0.270631643726622 0.0131665655054143 0.372870255438451 0.285957269693636 0.882622713321732
1305033533.537975 0.0395184818111242 -0.219227639890116 0.260861075662431 0.027516510602257 0.411929698744565 0.329803448327626 0.848991431292269
1305033533.638668 0.0193185263869939 -0.212684367398579 0.250019806424846 0.0274879196702349 0.436959217610947 0.347873381172709 0.829032669494091
1305033533.738135 0.00353237028498252 -0.20138968273548 0.240885326272216 0.0246910459491591 0.45804326739562 0.361875071899791 0.811562166307056
1305033533.871275 -0.0208980166357819 -0.189263399696655 0.228030691039081 0.0268582473797106 0.486062546298883 0.377543396407302 0.787707318400925
1305033534.038452 -0.0582201455051333 -0.175328853312893 0.212761751279026 0.0313151923702782 0.518085569177119 0.397038856485643 0.756945736613798
1305033534.269974 -0.135922271663455 -0.167146877570506 0.185507967757691 0.0326818290144914 0.555623072433202 0.429336468838378 0.711255998890378
1305033534.406522 -0.187786008496453 -0.160049695457417 0.176723880768716 0.0304540216509126 0.567729148181182 0.437834533597385 0.696460399491827
1305033534.506416 -0.219698869632315 -0.159973112509215 0.173639772308393 0.022038668698346 0.576758810936331 0.45394767806185 0.678818883555525
1305033534.639612 -0.262358018241674 -0.156002899421641 0.177623042161122 0.018965306708503 0.594844264907485 0.470462210591462 0.651510495735504
1305033534.806777 -0.322054352755341 -0.164733296640529 0.189210568350902 0.0247509560904348 0.62010152042474 0.490179602268476 0.612033865124679
1305033534.939455 -0.375363775808746 -0.174819426983984 0.205422178800748 0.0272070513666046 0.638170472226621 0.501844398653125 0.583224162972068
1305033535.075358 -0.428136420343712 -0.185261635913788 0.230643624528722 0.0255813914768771 0.648191194721312 0.521865404729946 0.553940670868202
1305033535.174375 -0.466111967651298 -0.196262516125829 0.251017280100833 0.0196697751866338 0.650407660089503 0.536143893562278 0.537710610865069
1305033535.306554 -0.511356790722242 -0.210831302302016 0.270691501000282 0.0177631373157943 0.6493762045904 0.545415787061526 0.529638211507178
1305033535.474572 -0.553976193784151 -0.223733055114472 0.278121455355795 0.0116450854041827 0.647604378508646 0.556236568708982 0.520647520452386
1305033535.739050 -0.59696900092218 -0.236698723783223 0.286542695536931 0.00928309389931523 0.650731891349808 0.561723832325401 0.510811282124448
1305033536.039420 -0.644279282719849 -0.240533022782856 0.294769035324524 0.00953829261819875 0.64850299753017 0.567383103195815 0.50737490810662
1305033536.675458 -0.640750758154677 -0.230679182951458 0.288244563563347 0.00656161353391254 0.661027159590257 0.579703014471081 0.476386874845446
1305033536.871274 -0.60898628489667 -0.224023774813019 0.269786599563459 0.00824861003372954 0.672882747497621 0.578994096009781 0.460354868920033
1305033537.075249 -0.580889333913923 -0.216999783138643 0.25523130139704 0.0124182734769298 0.685276041870319 0.579534189318072 0.440888485145447
1305033537.275552 -0.55483174982691 -0.205529414706274 0.241403304455342 0.0171775067238387 0.694678945959639 0.578873062938233 0.426652167822532
1305033537.443628 -0.524418607257715 -0.190894197079037 0.232740250304001 0.0229552481318308 0.69985023414738 0.58527900177304 0.408816825033679
1305033537.575726 -0.496386430052386 -0.175987986048247 0.222990972661752 0.0289495888524495 0.70485240827577 0.58707987031693 0.397092218158173
1305033537.702286 -0.466967876885688 -0.157534940319747 0.208641044744278 0.0370092069062937 0.7103529985667 0.589302630978214 0.383081381893744
1305033537.844740 -0.443426152643548 -0.141665865591541 0.193485132821087 0.0387446310281006 0.717293913881342 0.595397463057124 0.359847406077107
1305033537.975959 -0.425888013330662 -0.123936885445855 0.174097719824243 0.0352259975791283 0.721262466847448 0.605713509402321 0.334141777602284
1305033538.102511 -0.404250868380101 -0.107140534528429 0.146535974252392 0.027334459061321 0.726458276726448 0.613044428045462 0.309334331696106
1305033538.243995 -0.386967375674465 -0.0918306426074657 0.118542035506617 0.0265883452206071 0.737269189823664 0.611536546609947 0.285920012932932
1305033538.376150 -0.370477967432015 -0.0768880716710564 0.0936853758202872 0.0240302840445535 0.74966645975694 0.60934692174731 0.25713629366799
1305033538.502753 -0.349458111998824 -0.0670714153723435 0.0721612498160671 0.0187522726879608 0.760818343076699 0.606761294817453 0.229443963133728
1305033538.643531 -0.329742099807636 -0.0579987370523349 0.0498398887520643 0.0201489173624267 0.770979749814795 0.605745283135917 0.19559370762687
1305033538.802949 -0.304427424560343 -0.0511551794062328 0.0248597113175132 0.0245164389373128 0.78414285064204 0.602774827766119 0.145538452033593
1305033538.902977 -0.294367772181073 -0.0438759837579573 0.00777320141276075 0.0274397842779639 0.791362847898244 0.599393138417093 0.117131408356884
1305033539.044577 -0.281712029647415 -0.033416687324122 -0.0102574233723575 0.0332881488359405 0.798657214399148 0.595843643545929 0.0775171302434625
1305033539.171128 -0.273993838173762 -0.019648027791783 -0.0315680224043202 0.0331055098242359 0.801825655269542 0.59459814470892 0.0493223081328957
1305033539.371428 -0.272140999509401 0.00694786142253239 -0.0515411753095966 0.028707565967613 0.804982408120172 0.592255805035169 0.0203041787671659
1305033539.542411 -0.281045787131952 0.0302147380586986 -0.0695108683736754 0.0251781667845231 0.801114223212958 0.597981588051547 -0.000285717727926438
1305033539.743168 -0.295693236764867 0.0590925882318803 -0.0925786702191533 0.0166567484603576 0.794299317068636 0.606996214081119 -0.0191505542012632
1305033539.939497 -0.314358146826532 0.0747598646149343 -0.107954868282938 0.0111867600411924 0.792582214642069 0.608654942063867 -0.0350349958482239
1305033540.239618 -0.330108325147362 0.0761722027063234 -0.0977613226502846 0.0165167866504692 0.791472364136465 0.607384971645004 -0.0661981025919668
1305033540.471744 -0.337589848341687 0.0583274408474547 -0.0695134989152005 0.0171540103505709 0.789665926815985 0.607629355425348 -0.0831867199745235
1305033540.639802 -0.340337395839004 0.0450984613958758 -0.0417974769651089 0.0154998728597892 0.789776795215275 0.606265074107256 -0.0919512240187332
1305033540.803745 -0.343131267874101 0.0359606489381082 -0.0174893712819485 0.0132202481505001 0.784154056496152 0.611674325746559 -0.103837179959597
1305033541.103979 -0.350874727045607 0.0100485247883531 0.00350460761625485 0.0151821969326825 0.785140091643016 0.606869338258877 -0.122613798865894
1305033541.339959 -0.357322557785465 -0.0167204597710071 0.0326381573662001 0.0117882611232681 0.787783834319809 0.599930194298628 -0.139073467105984
1305033541.539971 -0.359326864066687 -0.0396021146622389 0.062302126210391 0.00923866224884809 0.783212090667648 0.601085412696279 -0.158712932036452
1305033541.739992 -0.36497668980292 -0.0628513224072914 0.0856948445242641 0.0118714324406293 0.778418374702917 0.601275543530712 -0.179976731186351
1305033541.903965 -0.37501136559407 -0.0811957153510328 0.111061099964808 0.00907585687065961 0.775857413694111 0.600200437764682 -0.194222390431776
1305033542.071937 -0.384691246011647 -0.099441875828491 0.140902016715342 0.00793249960211927 0.768015391969043 0.603115421347392 -0.215270113303397
1305033542.240318 -0.399109202629343 -0.116673684261952 0.169048517061305 0.00817834016361053 0.762105517644624 0.604515445395189 -0.231709669643811
1305033542.407881 -0.405735989819879 -0.136238073737479 0.19379597709273 0.010835783353711 0.759412115967839 0.600032320004441 -0.251270847633483
1305033542.540012 -0.411025123159009 -0.153797847019313 0.218083732282439 0.0100280988013023 0.759457391573466 0.5950075362098 -0.262849651839987
1305033542.672238 -0.415729381092158 -0.173493648988169 0.243676531030656 0.0106666386757467 0.758945362129024 0.588018377453424 -0.279504110701879
1305033542.808028 -0.412039857228215 -0.194836253131226 0.272977092525923 0.0075375788464135 0.756049219814903 0.585977033802313 -0.291485296333544
1305033542.971974 -0.409950245978016 -0.219637484355871 0.307438159356899 0.00634840540318916 0.753111964508965 0.583369199777993 -0.304076377597256
1305033543.172106 -0.406896754505208 -0.237901221035671 0.341143590915061 0.00504043263630194 0.749187045963916 0.579843826715505 -0.320116386363802
1305033543.339972 -0.404525429506315 -0.2549970450932 0.361702830316889 0.00526772883434157 0.742246431264658 0.575276672278529 -0.343655694903997
1305033543.507966 -0.405051827560104 -0.274626998885809 0.383640983020238 0.00851404956247987 0.733070158739325 0.568760949411975 -0.372889575812916
1305033543.672031 -0.391726672016145 -0.28492834225569 0.404047833485083 0.00339647203208779 0.724571990492795 0.559194802154326 -0.402846208638766
1305033543.771927 -0.379666829797761 -0.293332115601352 0.420578659045575 0.00126569213885531 0.712811776415196 0.558803367749462 -0.423835540769154
1305033543.907963 -0.363170534161758 -0.307815677484711 0.444470912998073 0.00215505204795244 0.701748164494898 0.555675950780997 -0.445835291450045
1305033544.039989 -0.343350037148497 -0.315260978559413 0.460984608306786 -0.000230166808687941 0.690468528016771 0.552901971836788 -0.466425308469196
1305033544.172048 -0.32647916298978 -0.32257817471321 0.479586357353188 -0.00228511854821044 0.681422668493337 0.549545269628603 -0.483381755681229
1305033544.307977 -0.307758376403058 -0.32951049204835 0.498520804525328 -0.000879372199247575 0.672213444183851 0.545106293675793 -0.500986467639657
1305033544.472185 -0.290462949833892 -0.340379107901503 0.518264549212578 0.00540688698557278 0.658775019065602 0.539952375859624 -0.523867990653932
1305033544.672142 -0.274657959367429 -0.354311266635181 0.536882590828575 0.00864554728574752 0.647286191650109 0.529462619538693 -0.548283845396209
1305033544.840010 -0.268597074976436 -0.368500252008925 0.552590675962606 0.0107697937918498 0.63407751590515 0.520414791020672 -0.571837529943729
1305033545.007915 -0.266001982201368 -0.385728890592667 0.563198197859648 0.0118353434759103 0.618519954590157 0.509541257514565 -0.598047403897946
1305033545.240043 -0.26465578010269 -0.399354426069218 0.573568331854028 0.00708907085651993 0.60443265662505 0.501307746444943 -0.619113440359574
1305033545.508020 -0.279129869425173 -0.408280029885237 0.579816808907373 0.00646615844869017 0.589720817512285 0.488927140283645 -0.642757961974502
1305033545.708266 -0.304110448438931 -0.415135823925601 0.579234286519134 0.00779428253098404 0.584843423647398 0.475188958823172 -0.657337715629315
1305033545.872068 -0.335518624608793 -0.419620500305037 0.579780075345565 0.0049266267675178 0.58601350211425 0.463484975676143 -0.664639436846002
1305033546.071992 -0.374148974113955 -0.416271406383732 0.587332186320716 0.00440344468630157 0.58665749608488 0.455773653121341 -0.669390744694563
1305033546.208142 -0.405776815860893 -0.420877429865307 0.594235131104351 0.00828014325544395 0.582612174388041 0.452923631964545 -0.67479973109846
1305033546.308217 -0.433337290992564 -0.426438460055924 0.602152737976964 0.00721345300585862 0.577726076014226 0.450005874105658 -0.68093704588555
1305033546.439943 -0.467717846730735 -0.427673056569338 0.611990601173391 -0.00384922236880702 0.570900074324251 0.449194337111345 -0.687228299861712
1305033546.572101 -0.505392749427273 -0.433749157108285 0.619709754533347 -0.00195826496223882 0.563251825180091 0.446344070803924 -0.695356395733738
1305033546.707998 -0.536100557541254 -0.433221540956317 0.622660729243155 -0.00641038119145731 0.564568155465928 0.442090561457557 -0.696977503451096
1305033546.839978 -0.568823692477171 -0.44222587706271 0.629319074162647 -0.00665220950883106 0.557643118060488 0.439794909007021 -0.703967569565484
1305033546.972133 -0.599207123629851 -0.44606764017923 0.627135009241328 -0.00787451573235876 0.55493851431567 0.436969847536452 -0.707840794017319
1305033547.107973 -0.628043639655573 -0.450360199230571 0.628286669388667 -0.0112003926812805 0.552709409801169 0.435560558442047 -0.710404011426372
1305033547.240019 -0.65905919555 -0.452213881856093 0.629189621035249 -0.0130510899538901 0.546376514069847 0.434507575224213 -0.715894923153302
1305033547.372227 -0.690585944132117 -0.452369707968786 0.630683180065213 -0.0128796041525547 0.538202302086078 0.430118859717286 -0.724686252347608
1305033547.540002 -0.737656631126454 -0.457902386698595 0.627791288920116 -0.0130321745002818 0.526934709797788 0.42747488404541 -0.734462522902618
1305033547.707937 -0.777211202202941 -0.461134772642973 0.626747339817072 -0.0175111495857912 0.518975193599493 0.425126032109008 -0.741367631402804
1305033547.872133 -0.816161588861655 -0.461464456360451 0.626462997842635 -0.0178970873775535 0.517792189423602 0.419354227312536 -0.745461585107119
1305033548.040012 -0.862119707185198 -0.459517929049805 0.630655912550652 -0.0134587480940258 0.520074792854661 0.423719827831884 -0.741486735848351
1305033548.207985 -0.908290097776309 -0.461146167568289 0.637626456619368 -0.00832013612616951 0.528121067389223 0.425487278236633 -0.734832967124701
1305033548.340012 -0.944544291276921 -0.463969213771334 0.644308372118917 -0.00323623947885422 0.53493005050767 0.428265604767852 -0.728304839741384
1305033548.472090 -0.979364535235881 -0.470420458494433 0.652219171152303 0.000521602712374408 0.540305966053955 0.427600113833385 -0.724725695437101
1305033548.607941 -1.01131961333183 -0.475434744989806 0.656477893974057 0.00261818508041523 0.539027842583952 0.428341912852451 -0.725234676308351
1305033548.740008 -1.04207941789866 -0.48007367132881 0.661834035952399 0.000265074677063199 0.539743837085418 0.429532260458653 -0.724001766081413
1305033548.907968 -1.08247216707574 -0.484492323018087 0.663964164042971 -0.000474177919554394 0.53923007419209 0.437804924323729 -0.719414727733585
1305033549.071865 -1.12314623531689 -0.485416664549471 0.668206879483344 -0.00260521884897387 0.532628819992781 0.442897584375257 -0.721208349024336
1305033549.307930 -1.18921802526771 -0.488833534416632 0.669092159318254 -0.00127458301840959 0.533518213409858 0.438982547039824 -0.72294606630959
1305033549.471996 -1.23216180675857 -0.490711013501697 0.677955195760925 -0.00147220983222057 0.530071639998481 0.438880048139039 -0.725538553360885
1305033549.607937 -1.26558298282244 -0.494456752054919 0.685638379342618 -0.000600383844922792 0.531366599775253 0.441170510785352 -0.723199665788029
1305033549.739984 -1.30425880292893 -0.496861369418488 0.692289482594558 0.00522853634665547 0.536996496372211 0.449322712066935 -0.713944343567799
1305033549.907983 -1.35812889417914 -0.501848855708176 0.698357067017091 0.00717155824765824 0.552289796401608 0.45937133340379 -0.695631028340309
1305033550.040088 -1.40569577443193 -0.506416527046478 0.70144606705013 -0.00209849310553169 0.56967125900212 0.467722115494961 -0.675800470309501
1305033550.207965 -1.46937546097517 -0.505720461817821 0.703421152964017 -0.0205633020084518 0.588285500162516 0.468304597324047 -0.658929529641987
1305033550.372042 -1.52593128930587 -0.485737407761913 0.704376667330489 -0.0439411602455053 0.59861994160328 0.467557182893045 -0.648932678077074
1305033550.507974 -1.56569139237189 -0.467863393027554 0.698279080554935 -0.060900058921815 0.605390704347388 0.473689287204317 -0.636719512109499
1305033550.640049 -1.60013499271807 -0.443594098724274 0.680763115099039 -0.0621181922406745 0.618125776281963 0.478386802447823 -0.620651208113155
1305033550.940002 -1.58190567167332 -0.483743709099921 0.701077753318506 -0.0346495123492975 0.671372248036309 0.447178227253911 -0.589991821071003
1305033551.139974 -1.0528391877117 -1.30855503809784 0.844325028364796 0.0600914658331438 0.670799502453158 0.454470539946971 -0.582986767914101
1305033551.239972 -1.09871123091968 -1.294069828181 0.814651209488132 0.0527473177921777 0.693653531238795 0.460318057502076 -0.551515897325903
1305033551.339823 -1.12750930831408 -1.28517968570385 0.791139280138668 0.056336518746989 0.71087245934691 0.460955862149095 -0.528210409162798
1305033551.508090 -1.17262791063477 -1.28141462874921 0.764423986661915 0.0566536457487723 0.729124254041217 0.462026862985502 -0.501696486405862
