1305031452.791720 4.87626975283083e-05 -3.09998600014445e-07 -0.000142707414071193 -3.10068411830734e-05 -4.21913658258867e-05 -5.57542780453402e-05 0.999999997074962
1305031453.059754 0.042718852306067 0.0298112051194854 -0.0266373197198566 0.0082843053672316 0.050009161453042 0.054503513293237 0.997226063184291
1305031453.091704 0.0454379648727739 0.0328537610340767 -0.0293272544707151 0.00991054563136212 0.063563755649683 0.0559851438392412 0.996356910811731
1305031453.191726 0.0480070927773552 0.0472763752139284 -0.048075106442106 0.0131776588097138 0.10228403727655 0.057131793175825 0.99302582203849
1305031453.359684 0.0534056021210722 0.0748648245158687 -0.0914308790559157 0.0225675663221182 0.1563948237798 0.087636709480403 0.983540121803188
1305031453.591640 0.0407896729776468 0.110492995244192 -0.175832518625458 0.0572944624921034 0.189087190911415 0.142763512382155 0.969836047140588
1305031453.691678 0.013236270776734 0.131636354235626 -0.222353450910462 0.0781814832987004 0.180695981683788 0.137004081923913 0.970807138111753
1305031453.791716 -0.0185693588981021 0.153336338621751 -0.261676958797045 0.0902833112225095 0.156297064741833 0.115815247395628 0.976732808775499
1305031453.927723 -0.0732008202181434 0.172385540458399 -0.298441636729443 0.0916290955149399 0.10055555888777 0.0901508142453579 0.986592884184141
1305031454.027662 -0.0938070326782741 0.174236037722978 -0.308084726024679 0.0886521572503795 0.0543827089303182 0.061192016630328 0.992692728433612
1305031454.159672 -0.138857846785195 0.178605798511838 -0.304880593800423 0.0914503971677666 0.000248655301461227 0.00597974431749637 0.995791647728729
1305031454.259627 -0.158706711730257 0.173356855406101 -0.296221379132024 0.0932989790479913 -0.0503601134686478 -0.0444030598295825 0.993371797343672
1305031454.359636 -0.18385460921573 0.172495570575749 -0.290503000645517 0.0955852208418602 -0.0806843152214225 -0.0890532680362175 0.988141195521132
1305031454.459913 -0.199687724122398 0.181040740616467 -0.286898905453619 0.0991220452567155 -0.114475796479678 -0.133530957095681 0.979407778027917
1305031454.559575 -0.216424997728144 0.198756703199405 -0.288071089926978 0.0945821407178737 -0.132829004478632 -0.180372123163975 0.969987923332945
1305031454.659528 -0.223153582554558 0.216761229235389 -0.288263805716682 0.0830799274575444 -0.173566159400854 -0.218920190905666 0.956580610287661
1305031454.759732 -0.204543105855063 0.227738395009524 -0.289068568287173 0.0660484420269721 -0.215407667394051 -0.225478277060318 0.947837901071472
1305031454.891764 -0.187873425700386 0.257340176705116 -0.290410572667952 0.0487695343799068 -0.213996840950272 -0.194129283987818 0.956107057644722
1305031454.991937 -0.20230946571471 0.288049836478449 -0.299573273618968 0.0408813570589182 -0.195872507602844 -0.174759369170246 0.964065266617158
1305031455.127695 -0.227304524700711 0.326270846153346 -0.310796216395411 0.0434209557240408 -0.182056342888701 -0.166693286656144 0.968082360546754
1305031455.227581 -0.262170282672679 0.348589360914411 -0.318867893949515 0.0395160129826599 -0.168793269887457 -0.149726795602362 0.973411117379139
1305031455.327766 -0.303413789009709 0.370970166775064 -0.329325292871526 0.0248438689955215 -0.153458826100763 -0.121823623386974 0.980302083875158
1305031455.427642 -0.338435514456522 0.377080836267967 -0.333068511558073 -0.00231482396116289 -0.138811459656498 -0.0941688703013045 0.985828709322384
1305031455.527610 -0.387172603884207 0.372333829010268 -0.34795496364625 -0.0164843255250412 -0.125973255914865 -0.0609784812190457 0.990020520309762
1305031455.627617 -0.438839464121001 0.367592924304185 -0.36703579059456 -0.0231773690641435 -0.124475080335603 -0.0203218261497982 0.991743811334685
1305031455.727628 -0.497020710399606 0.360150460163064 -0.391703926716945 -0.0138255783513849 -0.112781082721639 -0.0208504579039926 0.993304857115165
1305031455.827590 -0.544394824767024 0.339940873768567 -0.423228757297949 -0.0101811563347004 -0.0968948015709384 -0.0233705683822912 0.994968119096138
1305031455.927955 -0.588637701929475 0.323467781454356 -0.449582961580833 -0.0110131555890913 -0.0861721165524736 -0.0256935901397328 0.995888003823005
1305031456.059713 -0.648815727090087 0.310837926642114 -0.479915887377026 -0.028002868984737 -0.0613943454041071 -0.0412038158282296 0.99686950963615
1305031456.159731 -0.674465875536934 0.275782534940433 -0.485951923703989 -0.0415196437837576 -0.0487059660545756 -0.0476187890254913 0.996813071233773
1305031456.291675 -0.717696854774489 0.249441003757606 -0.485963471514583 -0.033768350530312 -0.00444269466713676 -0.0351923461826738 0.998800009880214
1305031456.427662 -0.7690029555737 0.235571798307842 -0.46249658557972 -0.0172980649393901 0.047600628679727 -0.0139686469136844 0.998618963369937
1305031456.527641 -0.829280270302143 0.24200894008106 -0.432054465793354 -0.0257018070055172 0.0597918188077096 0.00420468807368608 0.997871071891815
1305031456.659665 -0.858870086211897 0.228209673859589 -0.381976327427541 -0.0552046964150942 0.0723138831994074 0.030296307395902 0.995392022043834
1305031456.759615 -0.90505465760342 0.218790093384456 -0.344746645791454 -0.0648289455980094 0.0781743199897748 0.0577531636302146 0.993151829076244
1305031456.859634 -0.924810807463875 0.232970697740572 -0.310828211722537 -0.0625134436900982 0.0650292634857145 0.0814063807258029 0.992590683729016
1305031456.959667 -0.957312227451859 0.244438062128416 -0.279643314224759 -0.0584335888445029 0.0808713110022874 0.0972632467120267 0.990245024017065
1305031457.059621 -0.99389216997368 0.244220004676295 -0.25667407254152 -0.0720529390841841 0.0950619364248337 0.109542221935618 0.986798917625014
1305031457.127632 -1.0158713243499 0.225818614850435 -0.245977046606345 -0.0883834818782914 0.107654269278585 0.119410448186097 0.983025972851765
1305031457.227543 -1.061156429905 0.218482115397816 -0.248079009029269 -0.0888796931689205 0.132709926898881 0.138073264593199 0.977458054879732
1305031457.327548 -1.11316943052498 0.20612066352527 -0.258026031927096 -0.0754223585111642 0.162674748841023 0.1537325636944 0.971707102364736
1305031457.427641 -1.16668722805638 0.182476484739746 -0.271387622040898 -0.0685984565029543 0.197965548851233 0.172299262646701 0.962505510282848
1305031457.527638 -1.21514297782462 0.15095012098495 -0.287762082833158 -0.0646727927971609 0.208806041470204 0.182885268645325 0.958525140739609
1305031457.627526 -1.26737282792099 0.125307365343318 -0.300759763460819 -0.0575187407121012 0.223267763318751 0.191827285310992 0.953962993485466
1305031457.727669 -1.30925787855901 0.0925261467797532 -0.31246232284204 -0.0627438842018093 0.226206376431816 0.19776117687346 0.951727060232334
1305031457.859623 -1.36452378502241 0.0527827317982847 -0.320877470511063 -0.0410399027104304 0.253349720119901 0.192660495196957 0.947106952403555
1305031457.959632 -1.41487769571698 0.0201776759851124 -0.307660634301155 -0.0144454773057864 0.273368072659502 0.195426768105943 0.941737544830566
1305031458.059689 -1.44868350916473 -0.00380790333070175 -0.292141119216178 0.00844549296632569 0.285681012300252 0.195991518590949 0.938031106893622
1305031458.127605 -1.47141505203509 -0.0206521876341505 -0.26522921700789 0.00561734466681732 0.295505787843148 0.198455992335404 0.93448381146827
1305031458.227611 -1.50319760921188 -0.0433080066542949 -0.21538460071323 0.00023817476743971 0.296753663730239 0.205797269894937 0.932515249226119
1305031458.327628 -1.53382879605596 -0.08686012963994 -0.152339260268241 0.00640025110277584 0.290209475224327 0.205097661622258 0.934704470125678
1305031458.427598 -1.54563356519369 -0.109348379538347 -0.10317902803839 0.0352156303007071 0.285735557293239 0.214198131272823 0.933399277501368
1305031458.491696 -1.5344907068729 -0.128345922995042 -0.0730583509213058 0.065215266395658 0.302186070402047 0.21556757072876 0.926261933976569
1305031458.559628 -1.54980104795416 -0.102174249280669 -0.0272027545387468 0.0933479163589628 0.32503027880327 0.204669332465704 0.918559714292191
1305031458.627659 -1.56273276464194 -0.0760611225550698 0.0291869293839425 0.108461821758372 0.33557949332958 0.191234301662198 0.915997750404055
1305031458.691674 -1.56336086231809 -0.0750465705107852 0.0813344299152105 0.0969904967768637 0.317893880948813 0.187435436375488 0.924339916470672
1305031458.759945 -1.54885393155515 -0.0735599830444225 0.115466977895115 0.101066125052771 0.287746393296494 0.16802490190905 0.937419481262327
1305031458.827564 -1.52692454257758 -0.0563925171439801 0.137678517095567 0.0971632845481027 0.257614647106856 0.158803133050317 0.948143214216733
1305031458.991647 -1.53015991380751 -0.0961840999432784 0.192640916634997 0.0913754662563205 0.273694551181368 0.171081987486448 0.942057731977057
1305031459.059631 -1.55810946362441 -0.117168643896465 0.225503507381476 0.112867056757729 0.270507201137766 0.176263824820753 0.939690345641062
1305031459.127618 -1.58905782738474 -0.141896124310293 0.261370283276547 0.141524342186245 0.234587287533623 0.187037362003108 0.943375158837292
1305031459.191674 -1.59733912940924 -0.148174390068142 0.287589810951366 0.162106975152077 0.190721641365867 0.192679757865868 0.948799818207457
1305031459.359651 -1.60305902335464 -0.133290344933875 0.332461424150065 0.171448778509185 0.217597573710752 0.265277240082477 0.923517513725174
1305031459.427646 -1.61620563216464 -0.108720218497856 0.352720580469142 0.160984841198962 0.271691031633994 0.328079384447953 0.890298703657404
1305031459.491555 -1.64234468538198 -0.100265031138197 0.37568765326815 0.157959027065641 0.322491082005048 0.396500681690626 0.844887955420456
1305031459.559647 -1.65806417293393 -0.103761572981811 0.388698764107712 0.143302258585384 0.350466679344603 0.451214960697226 0.808110529937889
1305031459.627608 -1.67714510353955 -0.108354652602416 0.406294145000457 0.141618334219723 0.355472403096265 0.475495392759762 0.792141243411828
1305031459.727551 -1.7253714555911 -0.13266697632963 0.446509442249907 0.131468441748057 0.386618855428261 0.481360615098052 0.775586144592659
1305031459.791650 -1.72328262352747 -0.157885396251588 0.443122927360246 0.126409818479399 0.388723210929643 0.476937640113491 0.778103663093504
1305031459.859660 -1.74332027048927 -0.184123049334169 0.460816432449042 0.121538689936578 0.387913935179495 0.473425856166411 0.781421195294292
1305031459.927607 -1.7578248493416 -0.215379857089811 0.482822365582762 0.118977407282473 0.38463472117848 0.478258734573486 0.780492851104007
1305031460.027565 -1.76061415846204 -0.253073504212963 0.495708958367164 0.114061820848657 0.376122633127632 0.489127036710356 0.778637533023404
1305031460.091717 -1.76817069602538 -0.285245818134318 0.515457427744162 0.118292170722172 0.375464995016141 0.494756612632434 0.774757313047025
1305031460.191559 -1.78053365286951 -0.323865686515579 0.550879635307442 0.138769567055775 0.355552985992654 0.514536364998279 0.767839443181463
1305031460.327512 -1.75210835203925 -0.350494991833726 0.552216934433842 0.138954773157132 0.371535835361624 0.518184058068367 0.75771892943412
1305031460.427477 -1.74413742954637 -0.376671869768365 0.56625758258684 0.130925593894221 0.397309706711058 0.528337663440893 0.738825283275035
1305031460.491504 -1.7427578747423 -0.391820816231492 0.57750917596826 0.120424223686443 0.421326465930041 0.538314435231149 0.719860808961141
1305031460.591855 -1.73067116551739 -0.431113651224206 0.600214350853357 0.100374144846653 0.454184497039855 0.552663158655861 0.69152361258274
1305031460.691671 -1.72807490288791 -0.45349053358119 0.6122797122489 0.090370840814485 0.468134591863855 0.553685547753421 0.682726467364449
1305031460.791660 -1.71602566103313 -0.483059501718625 0.632907073880531 0.077295065314468 0.479631220500589 0.552533797184503 0.677263440743719
1305031460.891774 -1.69808827633557 -0.508064027071807 0.654885518465016 0.0562798203283433 0.488603591699583 0.548604179477675 0.676115793530741
1305031460.959649 -1.69075701612634 -0.540512810735446 0.671503132825357 0.0451815098650714 0.490263257715134 0.553740625723245 0.671544405623698
1305031461.091728 -1.65074400717822 -0.564664586466582 0.690389976977478 0.0481872969533662 0.497380653914643 0.552065132364219 0.667468770169398
1305031461.227607 -1.63096099027872 -0.596087083605459 0.708848835374014 0.0491040058032614 0.500071655250475 0.542335751565881 0.673341717705501
1305031461.391708 -1.58356562588586 -0.600870648844192 0.731502834746467 0.0376000062321761 0.510601423684907 0.526961850676236 0.678368361286228
1305031461.559677 -1.55634504600697 -0.592709532505802 0.724345312869605 0.0342057656182711 0.510633418998413 0.523478885223984 0.681214601814372
1305031461.691563 -1.55597401837547 -0.576304681953086 0.717553714164281 0.0252569841737345 0.528220975164901 0.523397740608975 0.668131342829918
1305031461.791612 -1.55968829723117 -0.548537433725859 0.703686970514157 0.0221622365136236 0.527399545649886 0.535402625518307 0.659319788197739
1305031461.891723 -1.57653557126637 -0.51789543613301 0.699653136397013 0.0200504280519321 0.53360873335956 0.55504261402115 0.637798868482776
1305031461.991590 -1.59225832811479 -0.480170602663353 0.693994502300056 0.00594792073198173 0.535327554248415 0.573955980131235 0.619647936148399
1305031462.091777 -1.60167018416003 -0.463536110387466 0.695712025278375 -0.000554063280914219 0.517601137770464 0.60859436559186 0.601416372708994
1305031462.191641 -1.61700897110281 -0.441982987372953 0.696905409681753 -0.00610514251302067 0.508283413144331 0.623229668930311 0.594302514652479
1305031462.291629 -1.63489813120837 -0.432463884921544 0.707496628776196 -0.027920951295642 0.503070796024829 0.623284739037808 0.5980437515335
1305031462.391695 -1.65657600745513 -0.420735817061206 0.71549135426583 -0.0555282640869799 0.490663491977841 0.616794475987187 0.612968615770244
1305031462.492008 -1.68126214775089 -0.406017862524129 0.728647852096157 -0.0785169418833176 0.466547422824344 0.612006658765135 0.633732152979782
1305031462.591862 -1.70463372009798 -0.39612858019085 0.721884053206518 -0.0910175290683049 0.44268268551068 0.601574620242151 0.658677330437192
1305031462.692548 -1.72992960566054 -0.391317072489905 0.71289577170393 -0.0994836900357227 0.437438378229902 0.575888783939351 0.683449170898118
1305031462.759782 -1.75342605254359 -0.378204908659398 0.7027352344164 -0.0990608878952592 0.425637463994753 0.556939538049915 0.706284673973792
1305031462.859782 -1.7817586241146 -0.346540086331083 0.6769295680892 -0.0981895764503547 0.408429814938815 0.540709737926191 0.728818820186015
1305031462.959676 -1.80230319007599 -0.324413085679866 0.643362632674452 -0.0989372061508893 0.402937847210297 0.533557780843995 0.73699973882317
1305031463.059810 -1.81953155847938 -0.303006316774593 0.606060080479353 -0.0833785737556712 0.395285740248683 0.514567189721505 0.75631858648101
1305031463.159787 -1.8307078277561 -0.278144950098675 0.565200409044204 -0.0755764737582718 0.387042396869222 0.488803172963205 0.778175968365186
1305031463.260034 -1.83465032685491 -0.251449062575951 0.526927490784199 -0.0710069306564402 0.382546688793093 0.473189220269296 0.790384721836858
1305031463.395630 -1.83493401479877 -0.214084715373673 0.481884915079319 -0.0567581810138527 0.372553441843057 0.456708309266584 0.80585356120436
1305031463.527670 -1.81755128118905 -0.171399070631573 0.430747032637935 -0.0567622768209535 0.369667443335976 0.44843085835221 0.811808961853123
1305031463.659766 -1.79916317114096 -0.147065482448127 0.372718352914409 -0.0466319044086574 0.371279176253017 0.443612409095608 0.814361878570267
1305031463.795647 -1.77159589655568 -0.127357998374629 0.299614677385614 -0.0378567354962885 0.376087352393638 0.421538046563567 0.824275952728502
1305031463.927664 -1.74844441207743 -0.125319702875378 0.226370297358182 -0.0378063000411951 0.381134864117029 0.386933249954679 0.838802455355967
1305031464.027703 -1.73085784187887 -0.127287573995349 0.170174031756589 -0.0312333935362291 0.373008839241307 0.366012809428198 0.852011446114747
1305031464.159817 -1.71728625638895 -0.155370409464903 0.109308354088134 -0.0269597470965949 0.374142393830428 0.340415788582343 0.862210955659452
1305031464.295667 -1.71893613260469 -0.153543000471607 0.0520910473300196 0.0133149343236724 0.332130727485099 0.321365731260449 0.886699475107329
1305031464.427634 -1.6809392202368 -0.138049218586941 -0.0183797391319238 0.0285876379734478 0.29899359072539 0.292480768103106 0.907876963002176
1305031464.527574 -1.66743710103605 -0.138149908928395 -0.0719237425836894 0.0308920663626894 0.295958639013658 0.269752976535001 0.915798829372223
1305031464.627672 -1.63277734802598 -0.155129393027943 -0.14691369835169 0.0289316604403675 0.306586643981831 0.237730854779453 0.921222898891442
1305031464.727652 -1.62545208917136 -0.178154990233124 -0.182136724757521 0.0522994891830353 0.343574879624037 0.182937258186323 0.919649403354231
1305031464.827759 -1.6208265026563 -0.172048791873961 -0.186116618061792 0.0782514462672143 0.331912766475343 0.125528835167994 0.93164002605574
1305031464.895817 -1.59713017105131 -0.152697046098472 -0.201163341399541 0.0835122055389551 0.296903842631019 0.0898128727318192 0.946999190944012
1305031464.959763 -1.55514382982006 -0.173441380194331 -0.210085564333357 0.0756218937196858 0.276305548332412 0.0508143389473467 0.956741593173579
1305031465.059749 -1.51093862868708 -0.154543361807512 -0.199865107377897 0.0843801222113606 0.265943257282918 -0.00722813488684314 0.960261387824901
1305031465.127664 -1.47910718224539 -0.102739963690238 -0.19098284987731 0.0661840793695521 0.2363088202739 -0.0323778739032699 0.968880530499125
1305031465.195564 -1.44433973466248 -0.100026650054289 -0.171233931165816 0.0336572992179098 0.210020194995176 -0.0430519797530564 0.976168648821958
1305031465.295623 -1.39389604773087 -0.0765600710617674 -0.148192333264506 0.00731032150972465 0.177825160769129 -0.036191269625187 0.983369189775526
1305031465.359948 -1.35807701570348 -0.0596858074112754 -0.135683932263854 0.0015721216539892 0.145138389481068 -0.00849539917845476 0.98937364252599
1305031465.460125 -1.28876923803193 -0.0212680542997769 -0.150553815133558 0.0182673303143777 0.095777772219578 0.0271683591022583 0.994864213476156
1305031465.527622 -1.24484877846523 0.00638874832733642 -0.156138534904404 0.0192526531849491 0.0713758300155241 0.0417286968227313 0.996390255922052
1305031465.627688 -1.18975038613415 0.0559878864438308 -0.180909115388868 0.0418825157572619 0.0511011687246533 0.0646732248751987 0.995716776705635
1305031465.695668 -1.14824085901759 0.0916195933279405 -0.196709250177751 0.0564054616226529 0.0301940807939326 0.0797274141471693 0.994761419043557
1305031465.759766 -1.11225198330118 0.133918513311436 -0.212697169082965 0.074750421622818 0.020207235083943 0.0970010879436592 0.992267519903388
1305031465.859861 -1.05131623057788 0.203219900975749 -0.231946480577607 0.104659857554013 0.00838518575430542 0.112908396617479 0.988042355797518
1305031465.995753 -0.986601438996454 0.293152746434904 -0.251346296444878 0.130696335540283 0.0328590022662696 0.113783729103418 0.984323126233315
1305031466.127640 -0.949934963764092 0.383663209099158 -0.277411328259416 0.12773530545092 0.0282878093245605 0.114756573158884 0.984740788482841
1305031466.259815 -0.905211964375369 0.439247632946774 -0.320904419098679 0.10210797752764 -0.00392393752240169 0.108282489471861 0.988854623346279
1305031466.359829 -0.871562386552723 0.476925171771454 -0.360000722117735 0.0956084384533608 0.019267458474425 0.0823530344870341 0.991819423711405
1305031466.495809 -0.823070344981368 0.514340511501164 -0.411807498460254 0.0958169639244058 0.00968630338613695 0.0680459021831358 0.993023182079403
1305031466.595936 -0.77294868908904 0.553012885535098 -0.431557917258701 0.0851488732093805 0.0121589800910618 0.0655127333084546 0.994137772327746
1305031466.659688 -0.732495463056701 0.554681118333202 -0.445869422191719 0.0797028018190884 0.0151857634141763 0.0569696295234208 0.995073523556767
1305031466.728074 -0.704889952254991 0.578842669471964 -0.456987404008602 0.0749244071064557 0.0124766018238609 0.0401779996229709 0.996301358010201
1305031466.827879 -0.660564148286207 0.601335823098368 -0.475491440470039 0.0811837124769554 0.00735757890328255 0.0218905839923078 0.996431569749582
1305031466.927756 -0.624617856491242 0.611685868383246 -0.492295697523067 0.0845880680407596 -0.023724282613036 0.0171056672046501 0.9959866531782
1305031466.995712 -0.585310656679727 0.621061481570273 -0.501164025910613 0.0877025134738561 -0.0431998321593045 0.0123669251170875 0.995132706122618
1305031467.095687 -0.541063589703605 0.636472301524314 -0.514073418064956 0.0873077264688885 -0.0524755963394953 -0.000774385788644488 0.994798006137074
1305031467.227704 -0.49430650769056 0.648233991397441 -0.528104914365486 0.0914131201154997 -0.0690814903267635 -0.0310210345341886 0.992929546635315
1305031467.328008 -0.456119700867667 0.662834496150999 -0.539069670718805 0.0991329423093812 -0.085975018370259 -0.0489202109412648 0.990145327175148
1305031467.427783 -0.417988099630353 0.67383840176484 -0.552644073434413 0.0902535624991588 -0.107418996757953 -0.0601803127389566 0.98827819137648
1305031467.527663 -0.372185741039684 0.69112032525639 -0.564536873594576 0.0840257159082057 -0.127682256749871 -0.07400312352026 0.985474737416753
1305031467.659626 -0.324996724582454 0.679896306676192 -0.571037942206154 0.0895195882784208 -0.141017738663623 -0.0714772608176489 0.983357128353004
1305031467.759907 -0.290639374529449 0.670138858918226 -0.558438858483972 0.103800556653185 -0.149298812439826 -0.0813503463001751 0.979957871645199
1305031467.859729 -0.262878282532651 0.648307970918129 -0.536104548400174 0.119862449354305 -0.159384021517408 -0.0834536461903749 0.97635301805098
1305031467.959826 -0.235331478980531 0.624942085476955 -0.500680128793127 0.135764148399403 -0.180528206232586 -0.0884073447288703 0.970134941212727
1305031468.059850 -0.211668226876031 0.595996392971449 -0.459753452665525 0.142155439894212 -0.186389861857834 -0.0975446343187366 0.967230941720086
1305031468.159864 -0.183912429176186 0.565276202112457 -0.417734798811268 0.145656808630232 -0.196482322241163 -0.103370898018943 0.964102301931249
1305031468.395860 -0.11759624206517 0.456591563460092 -0.350314218338278 0.138181008038481 -0.192327004247418 -0.099143257150114 0.966481736514638
1305031468.527756 -0.0961179311204671 0.377808116353763 -0.335256204224493 0.124166405199326 -0.19018321466562 -0.103231861424567 0.968378144872212
1305031468.627626 -0.0935065915759845 0.3319611828018 -0.331964704096002 0.124775059762083 -0.190959429699513 -0.118685454656687 0.966374380622304
1305031468.695835 -0.101957419726878 0.286584150553122 -0.335198951154961 0.123988335996641 -0.19874419210834 -0.124854189504102 0.964126065410152
1305031468.795796 -0.103981926352503 0.239299029430041 -0.32940944502104 0.132509211208569 -0.21168411927706 -0.132327720455603 0.959229126429031
1305031468.959594 -0.110603194194468 0.200895275454703 -0.313567510572538 0.130558734035381 -0.1962528157102 -0.136184193265708 0.962233399335871
1305031469.027699 -0.118985350219569 0.192444562505367 -0.305061484007944 0.0963872164428062 -0.190362351895481 -0.145654006614908 0.966052063733758
1305031469.127679 -0.119428937146987 0.166340182626353 -0.282083871585698 0.0560182197642612 -0.184988527917293 -0.173014063348995 0.965767745100708
1305031469.195540 -0.125415482746423 0.148071887616683 -0.263506824285182 0.0345268709859557 -0.167247888847568 -0.185652947133906 0.967661625815784
1305031469.327618 -0.141679243373226 0.142364949298433 -0.223878419285572 0.0145218380271832 -0.149441857587533 -0.19595281897002 0.969050432206086
1305031469.427651 -0.143430040864868 0.133893237588292 -0.189328130513231 0.00120393289536532 -0.12197898183874 -0.2124567287828 0.969526594235599
1305031469.527622 -0.161240022987231 0.15189522232757 -0.154205166359577 -0.00317934067450821 -0.104155146254676 -0.223260289369992 0.969173070453348
1305031469.627752 -0.162242888604238 0.168513258913603 -0.117599118814851 -0.0290292814419865 -0.106667934718008 -0.221259581037813 0.9689290223339
1305031469.727679 -0.173816753626979 0.188958235822094 -0.0783465241231061 -0.0467909017572275 -0.0951377677409975 -0.217615288755741 0.970259245130785
1305031469.827526 -0.195381929400069 0.218584973606895 -0.0489020222187863 -0.066149916401751 -0.08921919818896 -0.210023268172631 0.971367258075259
1305031469.895755 -0.214717625983143 0.241257966333592 -0.0305373533662856 -0.0787283072960313 -0.0904811402092543 -0.204750554317082 0.971438226241681
1305031470.127633 -0.293200079970624 0.317848531898343 0.00245403502022889 -0.0991232398448527 -0.097297290223443 -0.19084712877453 0.971743378714953
1305031470.395823 -0.389026628138648 0.386696455298747 0.00892639094341706 -0.139548118853829 -0.106137500012654 -0.160657273161226 0.971313746528804
1305031470.495686 -0.426578058017325 0.403997052136924 0.00661719946049425 -0.14119027198505 -0.111412423281498 -0.158528736292653 0.970835320126326
1305031470.727654 -0.49888525003463 0.431294400228338 0.00585719559193494 -0.151532463013571 -0.113232750200825 -0.138803726195896 0.972085275338091
1305031470.895722 -0.543296624930755 0.437582775020701 0.00473912901750237 -0.143868045321427 -0.102213525863545 -0.116902058608543 0.977337346753422
1305031471.127663 -0.591307953768335 0.424291188741953 -0.00816792204475803 -0.0912089737973224 -0.103390504186859 -0.0865029875317737 0.986665373817742
1305031471.227569 -0.60376409756656 0.426494331066885 -0.0130551001655435 -0.0783571216711999 -0.098847870328208 -0.0679204233849288 0.989684836754709
1305031471.359615 -0.61688197353919 0.419791221849397 -0.0175793222490894 -0.0748488951929252 -0.0854685414178411 -0.0538711935111046 0.992063841607986
1305031471.459647 -0.633295235680122 0.417690996988703 -0.0227011560845447 -0.0679810797827399 -0.0729415455127254 -0.0374132170008819 0.994313006514263
1305031471.659642 -0.647036181883455 0.409386883639625 -0.0369843612648613 -0.0714914570320002 -0.0571103095681142 -0.0193166237098609 0.99561752302826
1305031471.827639 -0.655729795120035 0.4182717467103 -0.0474038787803906 -0.0710974167001397 -0.0311796335810799 0.0117266937177854 0.996912971348435
1305031471.995573 -0.667413173402336 0.427659249637773 -0.0481363056051313 -0.0853842057772693 -0.00297146962163913 0.0344019236546417 0.99574957465265
1305031472.095601 -0.679543457801023 0.429757545492761 -0.0455642827251156 -0.0978768418775532 0.014281094799721 0.0449025099393585 0.994082460742842
