1305031910.765238 0 0 0 0 0 0 1 
1305031910.797230 -0.01223831 0.004324368 0.002598285 0.006836575 -0.00111803 -0.008000343 0.999944 
1305031910.835208 -0.02174441 0.002484473 0.007039017 0.008120035 -0.005202548 -0.01414766 0.9998534 
1305031910.865025 -0.03337772 0.002318964 0.01325998 0.01058135 -0.009937136 -0.02180117 0.9996569 
1305031910.897222 -0.03705432 -0.001293327 0.0198279 0.01011706 -0.02006057 -0.03103253 0.9992658 
1305031910.935211 -0.03937243 -0.01583285 0.02450507 0.008110632 -0.02659827 -0.03882932 0.9988589 
1305031910.965249 -0.06040806 -0.01369605 0.02815957 0.0159878 -0.02495899 -0.04254712 0.9986547 
1305031910.997325 -0.07117111 -0.001143054 0.03143992 0.02234149 -0.03264467 -0.04972649 0.9979792 
1305031911.035050 -0.08810572 -0.007630805 0.03834324 0.01762949 -0.03818605 -0.05766303 0.9601138 
1305031911.065269 -0.1076417 -0.002665091 0.04265221 0.02076303 -0.05083574 -0.0685942 0.9961323 
1305031911.097196 -0.1087848 -0.008686198 0.0483749 0.01665515 -0.06997783 -0.07894939 0.9568204 
1305031911.135664 -0.1128411 -0.01783362 0.05131471 0.01630603 -0.08425631 -0.09064227 0.9546369 
1305031911.165177 -0.1238126 -0.01612622 0.0540497 0.02136285 -0.09420518 -0.09760344 0.9529193 
1305031911.197213 -0.1259711 -0.01361506 0.05753496 0.02489661 -0.1071772 -0.1036199 0.9508253 
1305031911.235651 -0.1364582 -0.0179245 0.0611275 0.02557241 -0.1161831 -0.1109052 0.9489258 
1305031911.265104 -0.1369104 -0.01405278 0.06432161 0.029396 -0.1289352 -0.1186795 0.9462237 
1305031911.297334 -0.1461674 -0.01729175 0.07009596 0.02855383 -0.1348188 -0.1246011 0.9333731 
1305031911.333191 -0.1501324 -0.02053639 0.07370183 0.03040997 -0.146596 -0.1321127 0.94183 
1305031911.365235 -0.1548383 -0.02542498 0.07734359 0.03120242 -0.1516124 -0.1371533 0.928941 
1305031911.397333 -0.1640614 -0.02647258 0.08133091 0.03547087 -0.1545037 -0.1416411 0.9276371 
1305031911.433256 -0.1687196 -0.02111084 0.08500687 0.04219819 -0.1611676 -0.1430325 0.9260066 
1305031911.465250 -0.1774741 -0.01939932 0.08896526 0.04483402 -0.1675394 -0.1430638 0.9247462 
1305031911.497291 -0.1839739 -0.01858306 0.09332455 0.04769632 -0.1784389 -0.1432235 0.9225367 
1305031911.533251 -0.1855987 -0.02130488 0.09591323 0.04871266 -0.1907546 -0.1441221 0.9198754 
1305031911.565335 -0.1950231 -0.02561407 0.09894305 0.04948107 -0.1979465 -0.1436526 0.9183872 
1305031911.597302 -0.1972556 -0.02475806 0.1017228 0.05282838 -0.2005606 -0.1381581 0.8676583 
1305031911.633337 -0.1895955 -0.02346552 0.1032702 0.05954036 -0.2266313 -0.1510766 0.9099293 
1305031911.665124 -0.1939717 -0.02067482 0.1081124 0.05970897 -0.2231012 -0.150484 0.8596216 
1305031911.697167 -0.1959279 -0.01900917 0.1114346 0.06100531 -0.2320333 -0.1574392 0.8559122 
1305031911.733203 -0.1963539 -0.01759727 0.1144073 0.06153666 -0.2400993 -0.1654296 0.8521341 
1305031911.765284 -0.1976664 -0.0166094 0.1173615 0.06067508 -0.2467436 -0.1734709 0.8486919 
1305031911.797297 -0.1995743 -0.01575011 0.1199136 0.05913956 -0.2515595 -0.1801476 0.8459912 
1305031911.833338 -0.2026382 -0.01299848 0.1234933 0.05666096 -0.2568323 -0.1861952 0.8432627 
1305031911.865269 -0.203195 -0.01139568 0.126552 0.04763014 -0.2410754 -0.1737037 0.7618546 
1305031911.897159 -0.2082847 -0.01284995 0.127646 0.04599067 -0.2728316 -0.1960339 0.8366316 
1305031911.933063 -0.2105565 -0.01025672 0.1304647 0.03721533 -0.2574505 -0.1824539 0.7550008 
1305031911.965140 -0.2133589 -0.01018551 0.1325168 0.03080957 -0.2699077 -0.1877983 0.749609 
1305031911.997252 -0.2131581 -0.009577818 0.1331419 0.02328659 -0.2846843 -0.192191 0.7432742 
1305031912.033135 -0.214203 -0.009912374 0.1350325 0.01475851 -0.2958044 -0.1951024 0.7383754 
1305031912.065365 -0.2192335 -0.01165839 0.1358966 0.007803556 -0.3026648 -0.1973067 0.7351085 
1305031912.096953 -0.220351 -0.01212745 0.1365279 0.004097741 -0.3078678 -0.2018892 0.7317258 
1305031912.133282 -0.2266139 -0.01378372 0.1384591 0.002394876 -0.2835104 -0.1917814 0.6648053 
1305031912.165138 -0.228119 -0.01390871 0.1387467 0.005748146 -0.3143978 -0.2194012 0.7238546 
1305031912.197357 -0.2264525 -0.01499645 0.1380261 0.007408135 -0.2896473 -0.2103039 0.6564693 
1305031912.233265 -0.2271343 -0.01479805 0.1377296 0.01077856 -0.2904174 -0.2185323 0.6533876 
1305031912.265090 -0.2334857 -0.0176179 0.1380396 0.01352397 -0.2894233 -0.2261166 0.6511933 
1305031912.297250 -0.2382721 -0.02274591 0.136338 0.02025817 -0.290081 -0.2314996 0.6488302 
1305031912.333274 -0.2314987 -0.02020895 0.1352422 0.02973135 -0.2949944 -0.2308592 0.6464739 
1305031912.365250 -0.2284895 -0.01946909 0.1347705 0.0344782 -0.2982553 -0.2305635 0.6448454 
1305031912.397198 -0.2244299 -0.01802641 0.1341548 0.03853885 -0.3041062 -0.2310968 0.6416841 
1305031912.433290 -0.2202727 -0.01722527 0.1335676 0.04004688 -0.3100692 -0.2356678 0.637059 
1305031912.465142 -0.2196103 -0.01825074 0.1324167 0.04031629 -0.3149796 -0.2408507 0.6326796 
1305031912.497123 -0.2142972 -0.01772895 0.1313834 0.03883126 -0.319671 -0.2449927 0.6288174 
1305031912.533113 -0.215904 -0.01807493 0.1316776 0.03567569 -0.3215983 -0.2482376 0.6267456 
1305031912.565146 -0.2154002 -0.01907487 0.1304068 0.03220572 -0.3250827 -0.2496587 0.6245676 
1305031912.597090 -0.2154038 -0.01868381 0.1304327 0.02867506 -0.3280356 -0.2496525 0.6231967 
1305031912.633132 -0.2156076 -0.0192868 0.1303621 0.0267854 -0.33035 -0.2510516 0.6214939 
1305031912.665220 -0.2148605 -0.02038801 0.1298525 0.02368036 -0.3225443 -0.2461976 0.5980106 
1305031912.697182 -0.216266 -0.02149165 0.1292343 0.02211831 -0.3374284 -0.2596789 0.6142881 
1305031912.733125 -0.2152312 -0.02106604 0.1299703 0.01968908 -0.3322113 -0.2557505 0.5887828 
1305031912.765193 -0.2167809 -0.02087864 0.1301703 0.01909808 -0.3345074 -0.260121 0.5855789 
1305031912.797155 -0.2153427 -0.02011483 0.1288879 0.01892918 -0.3341449 -0.2619956 0.5849553 
1305031912.833077 -0.2180239 -0.01985765 0.1295708 0.01833271 -0.3315835 -0.2638578 0.5855945 
1305031912.865153 -0.2211981 -0.02067217 0.1307226 0.01872084 -0.3285211 -0.2658756 0.586395 
1305031912.897198 -0.2217216 -0.01944179 0.1297926 0.02083 -0.3245038 -0.2653266 0.5888045 
1305031912.933115 -0.2213313 -0.0205871 0.1299538 0.02192044 -0.3206596 -0.2643663 0.5912977 
1305031912.965034 -0.2240794 -0.0249572 0.1302833 0.02415885 -0.3182351 -0.2669504 0.5913593 
1305031912.997049 -0.2215845 -0.02283679 0.1284865 0.03005406 -0.3151148 -0.2659234 0.5932198 
1305031913.033133 -0.2181145 -0.02312245 0.127782 0.03297684 -0.3136077 -0.2637208 0.5948442 
1305031913.065209 -0.2185539 -0.02073323 0.1276195 0.03530848 -0.3117449 -0.2591254 0.5977023 
1305031913.097038 -0.2170817 -0.01872124 0.126203 0.0370691 -0.308019 -0.2520347 0.6025399 
1305031913.133146 -0.2177677 -0.01888963 0.1250301 0.0382016 -0.301179 -0.2449598 0.608812 
1305031913.165211 -0.2168264 -0.01912472 0.1238792 0.03960308 -0.292734 -0.2354739 0.6165355 
1305031913.197113 -0.2148327 -0.01956923 0.1237902 0.04021988 -0.2853271 -0.2257103 0.6235794 
1305031913.233126 -0.2147239 -0.01899148 0.1233493 0.04085682 -0.2767708 -0.2145464 0.6312876 
1305031913.265022 -0.2119426 -0.01888598 0.1225827 0.04121139 -0.2680847 -0.2014729 0.6392703 
1305031913.297160 -0.2122884 -0.01858312 0.1206703 0.04188034 -0.2565804 -0.1896799 0.6475026 
1305031913.333122 -0.2096863 -0.01844655 0.1173342 0.04330089 -0.2443927 -0.1792512 0.655051 
1305031913.365070 -0.2098019 -0.01897569 0.1157914 0.04406806 -0.2339115 -0.1714949 0.6608771 
1305031913.397099 -0.2079059 -0.02081078 0.1131422 0.04544225 -0.225641 -0.1664386 0.6744162 
1305031913.433081 -0.207649 -0.01986281 0.110905 0.04834735 -0.2113729 -0.1577326 0.6808982 
1305031913.465231 -0.2012603 -0.01779548 0.1056835 0.0521601 -0.1938278 -0.1465749 0.6882905 
1305031913.497227 -0.197643 -0.01734416 0.1037023 0.05299787 -0.1735622 -0.1325382 0.696433 
1305031913.533297 -0.1900683 -0.01669414 0.1021918 0.05368919 -0.156169 -0.1197271 0.7027888 
1305031913.565261 -0.1905948 -0.01641604 0.09866223 0.05419668 -0.1364594 -0.1096533 0.7084742 
1305031913.597139 -0.1863793 -0.0162363 0.09528285 0.05721875 -0.1194862 -0.09946876 0.7127924 
1305031913.633293 -0.1776633 -0.00976335 0.08704798 0.09143606 -0.1560492 -0.1351857 1.088291 
1305031913.665421 -0.1733511 -0.006657548 0.08143081 0.08821153 -0.1287227 -0.1157946 1.094352 
1305031913.697243 -0.1663615 -0.0009367547 0.07623514 0.0852375 -0.1043307 -0.09443147 1.099226 
1305031913.733097 -0.1592907 0.001540496 0.06472801 0.07913918 -0.07785017 -0.07725724 1.10321 
1305031913.765028 -0.155489 0.005641863 0.05902031 0.07247012 -0.05236081 -0.06041673 1.10622 
1305031913.797106 -0.1539331 0.007908559 0.05079385 0.06334862 -0.02886241 -0.04300559 1.108454 
1305031913.833143 -0.1510739 0.008381737 0.04758224 0.05543528 -0.007648473 -0.0258307 1.10976 
1305031913.865063 -0.1473234 0.01128831 0.04076942 0.05249642 0.013304 -0.007787185 1.110122 
1305031913.897116 -0.1436837 0.01463762 0.03087508 0.04806433 0.03389409 0.01204076 1.109847 
1305031913.933123 -0.1422393 0.01538521 0.02372602 0.05073068 0.05835214 0.03330426 1.246299 
1305031913.965134 -0.1414671 0.0203847 0.01377936 0.04692718 0.06914503 0.04045685 1.107585 
1305031913.997116 -0.1311445 0.02458 0.003122758 0.05026187 0.09273476 0.06553583 1.242951 
1305031914.033441 -0.1237255 0.02678515 -0.004517624 0.05153292 0.109211 0.08612291 1.240302 
1305031914.065072 -0.1160379 0.03481589 -0.01774752 0.05383373 0.1253986 0.1019987 1.237466 
1305031914.097126 -0.1090391 0.03826599 -0.02771264 0.05175025 0.142521 0.1149374 1.234564 
1305031914.133245 -0.1012579 0.04273523 -0.0369602 0.05211948 0.1580652 0.1282486 1.231341 
1305031914.165013 -0.09140332 0.04762323 -0.04840014 0.0541022 0.1723884 0.1409568 1.22794 
1305031914.197110 -0.08222006 0.05496963 -0.05947281 0.05126342 0.1677529 0.1338137 1.099946 
1305031914.233108 -0.06940643 0.05746733 -0.06129419 0.06208479 0.204668 0.1572858 1.220601 
1305031914.265074 -0.05760183 0.06521594 -0.07984717 0.06582602 0.1997076 0.1440068 1.092521 
1305031914.297165 -0.05268613 0.07494361 -0.09320678 0.07323706 0.2156944 0.1432739 1.089101 
1305031914.333148 -0.04928343 0.08811148 -0.1080287 0.07353232 0.227275 0.1424336 1.086834 
1305031914.365058 -0.04437761 0.09605607 -0.1197034 0.06636922 0.2327477 0.1413566 1.086278 
1305031914.397215 -0.03371042 0.102482 -0.1320238 0.05860759 0.2322521 0.142384 1.086696 
1305031914.433060 -0.01971474 0.110111 -0.1459918 0.05312093 0.2314589 0.1423555 1.087151 
1305031914.465054 -0.005611638 0.1178558 -0.1586849 0.04841641 0.2315706 0.141345 1.087479 
1305031914.497127 0.01334383 0.1270488 -0.1718028 0.04490203 0.2373397 0.1385281 1.107209 
1305031914.533107 0.01781324 0.1349387 -0.1868307 0.03830692 0.2397006 0.1346914 1.086964 
1305031914.565001 0.03357448 0.1409395 -0.1997953 0.03516064 0.2446429 0.1313426 1.106847 
1305031914.597122 0.04610252 0.1508343 -0.2165445 0.03058384 0.2470304 0.127238 1.106932 
1305031914.633055 0.05832449 0.1592566 -0.230004 0.02245302 0.2514581 0.1230246 1.106606 
1305031914.665019 0.0704888 0.1637303 -0.2430095 0.01362989 0.2575117 0.1227768 1.105385 
1305031914.697129 0.08087101 0.1630373 -0.2553814 0.006250376 0.2649563 0.1235126 1.103609 
1305031914.733078 0.09145534 0.1687638 -0.2680063 0.004305603 0.2709657 0.1194863 1.102602 
1305031914.764901 0.09574214 0.1684267 -0.2714114 -0.00466131 0.2894356 0.1202724 1.134403 
1305031914.797119 0.1070232 0.1792248 -0.2906275 -0.007126131 0.2784678 0.1204009 1.100616 
1305031914.833133 0.1128358 0.1665409 -0.2924802 -0.01824733 0.2904096 0.1214827 1.133888 
1305031914.865128 0.1206269 0.1677913 -0.3040824 -0.02080429 0.2880251 0.1173131 1.13489 
1305031914.897188 0.130726 0.1682084 -0.3155723 -0.02310177 0.2837513 0.1157998 1.136077 
1305031914.933099 0.1388463 0.1644749 -0.3263566 -0.02268366 0.2792745 0.1139692 1.137379 
1305031914.964978 0.152595 0.1708607 -0.3423535 -0.01792366 0.2709073 0.1082637 1.140042 
1305031914.997078 0.1656653 0.1774275 -0.3565277 -0.01646096 0.2671869 0.1064513 1.141113 
1305031915.033152 0.1754256 0.1759884 -0.3680629 -0.01798303 0.2648156 0.1065215 1.141636 
1305031915.065009 0.1894519 0.1801656 -0.3823581 -0.01674956 0.2606836 0.1053685 1.142712 
1305031915.097024 0.2014012 0.1779266 -0.3959289 -0.01889262 0.2588672 0.1007401 1.143509 
1305031915.133208 0.2149013 0.1770142 -0.4095434 -0.0181465 0.2565384 0.09090103 1.144869 
1305031915.165021 0.2267415 0.1742181 -0.4238868 -0.01678321 0.2561113 0.07784589 1.145947 
1305031915.197108 0.2365705 0.1732418 -0.4373963 -0.01235998 0.2538423 0.06262979 1.14744 
1305031915.233111 0.2515557 0.1844852 -0.4493777 -0.006309368 0.248814 0.0505083 1.149187 
1305031915.264979 0.2631557 0.1839295 -0.4622671 -0.007905924 0.2441662 0.04115769 1.150546 
1305031915.297152 0.2739424 0.1837605 -0.4731676 -0.008332783 0.2357293 0.03338328 1.152553 
1305031915.333207 0.2878747 0.1818369 -0.4858813 -0.01038602 0.2227461 0.02613428 1.155302 
1305031915.365050 0.3037058 0.1785128 -0.4983934 -0.01286734 0.2092617 0.01752858 1.157958 
1305031915.397167 0.319947 0.1773755 -0.5111006 -0.01526186 0.1961513 0.008900448 1.16032 
1305031915.432960 0.3350113 0.1658103 -0.5228893 -0.02115628 0.1834414 -0.002437693 1.162336 
1305031915.464920 0.3537617 0.1659576 -0.5340773 -0.02398767 0.1855516 -0.02357302 1.281882 
1305031915.497121 0.3657281 0.1651092 -0.5488406 -0.02654968 0.1535562 -0.03908106 1.165898 
1305031915.533058 0.3855225 0.1550755 -0.5597819 -0.03904801 0.1505821 -0.05626397 1.285075 
1305031915.564985 0.4092637 0.145759 -0.5764554 -0.04323836 0.1349378 -0.07195101 1.285896 
1305031915.601161 0.4336185 0.1388555 -0.5936904 -0.04704501 0.1269286 -0.0896834 1.285463 
1305031915.633062 0.4515271 0.1309438 -0.606558 -0.05084451 0.1272988 -0.1019905 1.284364 
1305031915.665003 0.4637818 0.1211653 -0.6149858 -0.05205752 0.1299581 -0.1105538 1.28334 
1305031915.701106 0.4764995 0.120783 -0.6238019 -0.04806664 0.1282407 -0.1175981 1.283042 
1305031915.733046 0.4855793 0.1236397 -0.6285175 -0.04695577 0.1206822 -0.1214387 1.283459 
1305031915.765010 0.5003632 0.1266215 -0.6351176 -0.05110453 0.1009829 -0.1255366 1.284607 
1305031915.801243 0.5180864 0.1105629 -0.6407184 -0.06244127 0.07752096 -0.1313672 1.285153 
1305031915.833049 0.5399338 0.1036071 -0.6506163 -0.06379268 0.05305108 -0.1416655 1.285235 
1305031915.865069 0.5649217 0.104574 -0.6594557 -0.06756276 0.02977493 -0.1532706 1.284461 
1305031915.901234 0.5878353 0.09503534 -0.6659745 -0.07625534 0.008789291 -0.1643815 1.282915 
1305031915.933056 0.6164151 0.0878909 -0.6730578 -0.08767569 -0.01154159 -0.1795978 1.318414 
1305031915.965061 0.6353028 0.06687249 -0.6778292 -0.09505315 -0.02325185 -0.181263 1.279199 
1305031916.001234 0.6648107 0.06832993 -0.6863813 -0.09648113 -0.03720999 -0.196401 1.314924 
1305031916.033043 0.6841947 0.05249052 -0.6877255 -0.1068683 -0.0457456 -0.2091529 1.311882 
1305031916.065060 0.6951263 0.01320741 -0.6893584 -0.1104121 -0.05421987 -0.2249119 1.308654 
1305031916.101115 0.7034501 -0.001623838 -0.6980879 -0.08910619 -0.06446393 -0.2370733 1.307667 
1305031916.133093 0.71404 -0.01509059 -0.7059549 -0.06349513 -0.08287324 -0.2445933 1.306739 
1305031916.165155 0.7376855 0.00146281 -0.718521 -0.02674763 -0.1078845 -0.2504635 1.305069 
1305031916.201031 0.7700879 0.008988053 -0.7308437 -0.01001721 -0.1388123 -0.253333 1.301824 
1305031916.233050 0.7998203 -0.02168141 -0.7380057 -0.007528315 -0.1672639 -0.2580568 1.297561 
1305031916.265060 0.8289692 -0.03541864 -0.7457187 0.009219111 -0.1880386 -0.2683223 1.292614 
1305031916.301076 0.8594187 -0.04443414 -0.7540102 0.02937272 -0.2310914 -0.3140335 1.447455 
1305031916.333426 0.8787114 -0.06753335 -0.7610554 0.04204219 -0.2155719 -0.2889309 1.283188 
1305031916.365121 0.909859 -0.08744002 -0.764765 0.07298989 -0.2537217 -0.3404817 1.436099 
1305031916.401006 0.9275197 -0.0968422 -0.7752598 0.0987951 -0.2519187 -0.3468779 1.43334 
1305031916.433168 0.9345505 -0.1012325 -0.7819822 0.1230238 -0.2495387 -0.3468251 1.431893 
1305031916.465124 0.9429874 -0.1071151 -0.788072 0.1446595 -0.2533775 -0.3423048 1.430284 
1305031916.501025 0.9499183 -0.1105459 -0.7920382 0.1625898 -0.263994 -0.3370956 1.427672 
1305031916.533266 0.9561521 -0.1227682 -0.7949449 0.1796645 -0.2829579 -0.3341989 1.422665 
1305031916.565142 0.9740301 -0.123131 -0.7986518 0.200816 -0.306223 -0.3304066 1.415889 
1305031916.601238 0.9887667 -0.1240005 -0.7980534 0.2741963 -0.4244952 -0.4256352 1.822725 
1305031916.633156 1.00388 -0.1443651 -0.7935685 0.2186871 -0.3516336 -0.328196 1.403149 
1305031916.665139 1.020011 -0.1336815 -0.7847472 0.2374932 -0.3670888 -0.3272385 1.396341 
1305031916.701048 1.031041 -0.1461788 -0.7733309 0.3231298 -0.4921685 -0.4257318 1.797493 
1305031916.733056 1.043088 -0.1435322 -0.7667671 0.3426079 -0.509285 -0.425381 1.789181 
1305031916.765076 1.05452 -0.1555679 -0.7562865 0.3556993 -0.5289102 -0.4188233 1.782467 
1305031916.801088 1.069141 -0.1544267 -0.7433604 0.3765566 -0.5481825 -0.4072069 1.775036 
1305031916.833266 1.081787 -0.1551744 -0.7200028 0.3969709 -0.5668316 -0.4011696 1.766083 
1305031916.865085 1.090898 -0.1526527 -0.700816 0.4156258 -0.5838559 -0.3954357 1.757518 
1305031916.901017 1.092771 -0.1632056 -0.6897471 0.4309482 -0.60264 -0.3877182 1.749187 
1305031916.933088 1.099605 -0.1537949 -0.6514462 0.5771736 -0.7887917 -0.4781484 2.199104 
1305031916.965054 1.10227 -0.1509913 -0.6511007 0.4739091 -0.6345961 -0.3737818 1.729698 
1305031917.001132 1.111534 -0.1648675 -0.6331709 0.618555 -0.8256166 -0.4600214 2.178103 
1305031917.033155 1.116828 -0.1717034 -0.6306039 0.65278 -0.8444623 -0.446822 2.163589 
1305031917.065136 1.127234 -0.1744723 -0.619817 0.6944163 -0.8607809 -0.4416729 2.145174 
1305031917.101130 1.133297 -0.1772571 -0.6164097 0.7348927 -0.8715919 -0.4438052 2.126806 
1305031917.133106 1.141402 -0.1774266 -0.6084513 0.7823085 -0.8795116 -0.4425129 2.106808 
1305031917.165045 1.147705 -0.1781022 -0.6048092 0.8301343 -0.8864307 -0.4332554 2.087442 
1305031917.201175 1.173756 -0.1699827 -0.606866 1.275697 -1.304276 -0.621205 3.025172 
1305031917.233102 1.171225 -0.1737553 -0.6055927 0.9013012 -0.8941799 -0.4093694 2.059252 
1305031917.265163 1.188543 -0.176046 -0.5991698 1.362536 -1.321521 -0.5793478 2.987899 
1305031917.301107 1.207739 -0.1725525 -0.6038775 1.388809 -1.335491 -0.5659625 2.972114 
1305031917.333229 1.220653 -0.1692453 -0.6109647 1.395897 -1.346667 -0.5591106 2.965039 
1305031917.365138 1.234808 -0.1702028 -0.6135625 1.392614 -1.358942 -0.563415 2.960164 
1305031917.401065 1.249263 -0.1653693 -0.6185255 1.379821 -1.366165 -0.5736741 2.960859 
1305031917.433141 1.258659 -0.1639367 -0.6185347 1.356664 -1.365791 -0.5864901 2.96921 
1305031917.465076 1.263546 -0.1671974 -0.6225927 1.311321 -1.356996 -0.5987728 2.991083 
1305031917.501158 1.274151 -0.1668105 -0.6204765 1.256782 -1.348175 -0.6155073 3.014992 
1305031917.533057 1.28774 -0.1646824 -0.6195843 1.205775 -1.341361 -0.6376674 3.034195 
1305031917.565195 1.296988 -0.1637332 -0.6145266 1.158409 -1.335793 -0.6710508 3.047875 
1305031917.601069 1.303731 -0.1627556 -0.6124739 1.107119 -1.330727 -0.7006006 3.062469 
1305031917.633090 1.312366 -0.1561087 -0.6095151 1.064278 -1.330784 -0.7232326 3.072355 
1305031917.665060 1.329879 -0.1525509 -0.6056705 1.021358 -1.334269 -0.7434617 3.080572 
1305031917.701096 1.343539 -0.1480526 -0.6013587 0.9738011 -1.341508 -0.7529604 3.090505 
1305031917.733003 1.358231 -0.1452701 -0.6018631 0.9230124 -1.352334 -0.7593347 3.099799 
1305031917.765114 1.376647 -0.1455247 -0.6053032 0.8607887 -1.362659 -0.771416 3.110181 
1305031917.801048 1.382943 -0.1513457 -0.618807 0.7738144 -1.366197 -0.7780539 3.129769 
1305031917.833090 1.368424 -0.1700172 -0.6189836 0.6860276 -1.369479 -0.7880892 3.146254 
1305031917.865107 1.414954 -0.1711676 -0.6832903 0.5997593 -1.362946 -0.8145431 3.159951 
1305031917.901060 1.440707 -0.1790051 -0.7118253 0.5817799 -1.510695 -0.9377393 3.537846 
1305031917.932948 1.447605 -0.1782029 -0.720367 0.4463971 -1.339649 -0.8610045 3.182899 
1305031917.965346 1.434688 -0.3169718 -0.8514779 0.373976 -1.465577 -1.004065 3.566574 
1305031918.001098 1.43872 -0.331383 -0.8782726 0.2986679 -1.448506 -1.027446 3.573984 
1305031918.033144 1.430355 -0.403825 -0.9604661 0.2082891 -1.41841 -1.074063 3.578755 
1305031918.065137 1.449466 -0.4010341 -0.9770945 0.1456355 -1.40809 -1.121802 3.571275 
1305031918.101060 1.460663 -0.4255395 -1.015053 0.09753722 -1.408353 -1.159105 3.560882 
1305031918.133054 1.470933 -0.4663287 -1.079699 0.03612155 -1.401778 -1.202717 3.550149 
1305031918.165017 1.482123 -0.3709411 -1.159794 0.02282482 -2.215079 -2.024831 5.802676 
1305031918.201086 1.499605 -0.6421928 -1.22327 -0.08926115 -1.361063 -1.267122 3.542643 
1305031918.233042 1.515706 -0.4041335 -1.290766 -0.1271633 -2.117465 -2.09943 5.811252 
1305031918.265256 1.536232 -0.4137139 -1.3472 -0.2064775 -2.058145 -2.149851 5.811853 
1305031918.301124 1.56524 -0.4407023 -1.424081 -0.2933331 -1.991429 -2.211805 5.808113 
1305031918.333165 1.594408 -0.4578644 -1.478893 -0.3842472 -1.918628 -2.279399 5.801176 
1305031918.365072 1.584055 -0.4530101 -1.46654 -0.4454649 -1.842796 -2.328328 5.801951 
1305031918.401030 1.625862 -0.485034 -1.493888 -0.5128695 -1.760529 -2.377585 5.801955 
1305031918.433043 1.670998 -0.5467525 -1.543406 -0.663381 -1.845143 -2.689171 6.361796 
1305031918.465089 1.689079 -0.5301585 -1.564226 -0.6763096 -1.587344 -2.464752 5.798795 
1305031918.501125 1.714063 -0.5734609 -1.535444 -0.77151 -1.6478 -2.763342 6.371984 
1305031918.533134 1.739143 -0.5878099 -1.531328 -0.7966175 -1.557886 -2.791227 6.379354 
1305031918.565018 1.77868 -0.6121445 -1.551426 -0.8459877 -1.483656 -2.799164 6.387211 
1305031918.601029 1.778415 -0.6270884 -1.518871 -0.8763464 -1.401508 -2.815298 6.394576 
1305031918.633027 1.805425 -0.6471737 -1.523849 -0.8943191 -1.345645 -2.841175 6.392642 
1305031918.665112 1.822227 -0.6667507 -1.522195 -0.9246227 -1.300248 -2.877327 6.381546 
1305031918.701017 1.84015 -0.6866415 -1.522697 -0.954364 -1.271787 -2.896029 6.374439 
1305031918.732948 1.860084 -0.7141295 -1.532775 -0.9745725 -1.243975 -2.923698 6.364231 
1305031918.765151 1.879616 -0.7383108 -1.540342 -0.9430193 -1.210597 -3.002156 6.338844 
1305031918.801097 1.891878 -0.7664589 -1.545466 -0.9020292 -1.162475 -3.105492 6.303937 
1305031918.833123 1.895264 -0.8004819 -1.524844 -0.4956078 -0.6479882 -1.836782 3.595583 
1305031918.865115 1.919138 -0.8090243 -1.553837 -0.8246439 -1.11437 -3.277949 6.235536 
1305031918.901084 1.92727 -0.8409336 -1.545299 -0.4464568 -0.6494092 -1.940647 3.546876 
1305031918.933071 1.944324 -0.8624007 -1.553301 -0.4302222 -0.6730244 -1.988255 3.517995 
1305031918.965058 1.963348 -0.8884628 -1.564364 -0.417801 -0.7002892 -2.039976 3.484399 
1305031919.001053 1.974211 -0.9086938 -1.56597 -0.4040811 -0.7261931 -2.089628 3.451132 
1305031919.033082 1.999887 -0.9315175 -1.576159 -0.3975654 -0.7640941 -2.120429 3.424819 
1305031919.065147 2.016403 -0.9551512 -1.58085 -0.4093949 -0.7933493 -2.156066 3.394388 
1305031919.101028 2.029433 -0.9815684 -1.581719 -0.4151842 -0.8223745 -2.194361 3.362083 
1305031919.133133 2.05003 -1.008941 -1.586504 -0.4193222 -0.8463046 -2.227608 3.333647 
1305031919.165110 2.06679 -1.03211 -1.589647 -0.4256514 -0.8664762 -2.255932 3.308521 
1305031919.201124 2.086033 -1.053842 -1.594006 -0.4369499 -0.8919442 -2.283864 3.281002 
1305031919.233093 2.100045 -1.074885 -1.59792 -0.4476072 -0.9298922 -2.323116 3.241231 
1305031919.265125 2.122797 -1.106453 -1.609987 -0.4520744 -0.9779437 -2.368143 3.193533 
1305031919.301119 2.137075 -1.133221 -1.620085 -0.4535039 -1.020058 -2.410046 3.148491 
1305031919.333120 2.172362 -1.166146 -1.633042 -0.4564724 -1.072227 -2.418348 3.124268 
1305031919.364948 2.204944 -1.208478 -1.651595 -0.4761631 -1.111775 -2.439081 3.091215 
1305031919.401124 2.223251 -1.237291 -1.668309 -0.4891677 -1.138722 -2.462675 3.060516 
1305031919.433256 2.26133 -1.282727 -1.690166 -0.5090217 -1.17784 -2.47488 3.0325 
1305031919.465070 2.294634 -1.332098 -1.708808 -0.50721 -1.167149 -2.422919 2.905729 
1305031919.501049 2.31535 -1.378066 -1.743592 -0.5346103 -1.210933 -2.524747 2.973379 
1305031919.533110 2.339633 -1.432092 -1.768884 -0.5137068 -1.173494 -2.46421 2.867051 
1305031919.565165 2.368581 -1.473315 -1.797999 -0.4933861 -1.178522 -2.471329 2.862426 
1305031919.601094 2.389583 -1.516093 -1.822617 -0.4855312 -1.187066 -2.481085 2.85178 
1305031919.633127 2.39089 -1.547295 -1.850124 -0.465601 -1.202855 -2.490464 2.840289 
1305031919.665042 2.421652 -1.612988 -1.887226 -0.4453931 -1.233533 -2.486873 2.83351 
1305031919.701092 2.427125 -1.66918 -1.918565 -0.4218876 -1.240246 -2.495485 2.826596 
1305031919.733117 2.433595 -1.709728 -1.944771 -0.3794438 -1.245621 -2.49746 2.828505 
1305031919.765060 2.459431 -1.736189 -1.95854 -0.3530018 -1.26504 -2.478159 2.840261 
1305031919.801129 2.454858 -1.750414 -1.972071 -0.34255 -1.293578 -2.4652 2.839965 
1305031919.833072 2.475271 -1.782947 -1.982647 -0.3504059 -1.346148 -2.440818 2.835631 
1305031919.865180 2.47733 -1.821365 -1.996402 -0.3838453 -1.388951 -2.429441 2.820388 
1305031919.901067 2.451559 -1.870819 -2.02529 -0.3966802 -1.418281 -2.435558 2.798656 
1305031919.933102 2.45797 -1.923762 -2.035498 -0.4394455 -1.600835 -2.661026 3.081281 
1305031919.965129 2.436386 -1.94394 -2.052614 -0.4005803 -1.468972 -2.406779 2.796849 
1305031920.001054 2.425268 -1.974828 -2.046511 -0.4352517 -1.653187 -2.629488 3.081308 
1305031920.033118 2.431021 -1.991755 -2.037371 -0.4458338 -1.700317 -2.60166 3.077768 
1305031920.065136 2.400556 -2.019404 -2.041727 -0.4685621 -1.73938 -2.598655 3.055018 
1305031920.101055 2.387175 -2.053744 -2.039249 -0.47296 -1.784424 -2.59012 3.035548 
1305031920.132987 2.377208 -2.088982 -2.030619 -0.4805714 -1.814752 -2.590423 3.016053 
1305031920.165140 2.357447 -2.136673 -2.029756 -0.4818091 -1.828968 -2.603256 2.996152 
1305031920.201166 2.337206 -2.185128 -2.030145 -0.4743894 -1.815834 -2.627529 2.984113 
1305031920.233083 2.291833 -2.213822 -2.038429 -0.4476272 -1.778386 -2.65127 2.989795 
1305031920.265120 2.267769 -2.246355 -2.034674 -0.4066588 -1.746812 -2.656248 3.009778 
1305031920.301096 2.231989 -2.267169 -2.027223 -0.3611865 -1.701258 -2.660833 3.037494 
1305031920.333124 2.197548 -2.286178 -2.026497 -0.3072227 -1.655741 -2.648843 3.078783 
1305031920.365130 2.180281 -2.320356 -2.020898 -0.2624764 -1.607946 -2.632216 3.12221 
1305031920.401115 2.129002 -2.328758 -2.02314 -0.2068813 -1.547219 -2.627485 3.160818 
1305031920.433123 2.100074 -2.349719 -2.018772 -0.1674034 -1.711714 -2.97365 3.636716 
1305031920.465148 2.064474 -2.346642 -2.011898 -0.08933366 -1.462535 -2.601932 3.227088 
1305031920.501107 2.032294 -2.361731 -2.021274 -0.03203433 -1.630278 -2.95674 3.691226 
1305031920.533105 2.017148 -2.366267 -2.013709 0.02998685 -1.609857 -2.939566 3.713853 
1305031920.565153 1.99104 -2.357996 -1.999609 0.08034769 -1.600272 -2.93313 3.722326 
1305031920.601126 1.951125 -2.355533 -1.976771 0.1319161 -1.590894 -2.919091 3.735887 
1305031920.633105 1.944834 -2.359441 -1.953444 0.1904699 -1.579011 -2.881105 3.767754 
1305031920.665129 1.934454 -2.37924 -1.933372 0.2520724 -1.532735 -2.846884 3.809032 
