1305031102.175304 5.01619886361394e-06 -0.000555486128713109 -0.000361641410629021 -0.000266733162549045 2.46642666620616e-05 -4.80350001724744e-05 0.999999962968866
1305031102.411258 0.00279522287467147 0.0565171639692718 0.064763393670019 0.00196075416878519 -0.0214429339572309 0.00233638933223297 0.999765421142021
1305031102.443271 0.00171642025263108 0.0714147232302403 0.0723467228931207 0.00323938480995414 -0.024458933555794 0.00276207851553934 0.999691771436397
1305031102.575286 0.0108542859321284 0.0743480515669844 0.115838401426432 -0.0109486736288358 -0.0281493335459161 -0.00348554410529323 0.999537689408949
1305031102.675285 0.00666084212536782 0.104996241574475 0.145670062502395 0.0090367406705674 -0.0257579592584391 0.000688379867531339 0.999627125975507
1305031102.911185 0.00871284521825357 0.154533764084883 0.220792978966779 0.0328035188447961 -0.0167212087851705 -0.0016953750418493 0.999320497153756
1305031103.075319 0.00448033278026483 0.18146755530373 0.270295379782285 0.0469122391613803 -0.0404128720847708 0.0035406368758901 0.9980748997331
1305031103.211220 -0.000135804610844242 0.220872049210724 0.30243019911255 0.0638921890954687 -0.0373968075619368 0.00932085624949829 0.99721230868634
1305031103.343223 0.00427584295024161 0.220580980729439 0.321414849045562 0.0416220343869743 -0.058261865343891 0.013546401837792 0.997341293789337
1305031103.475274 0.0078444282611253 0.194899435851081 0.313335915636436 0.0220800104462231 -0.0639632493185012 0.0126625690114019 0.997627603478044
1305031103.611223 0.00482508309806474 0.165666212194833 0.281458431647198 0.0193123262046922 -0.0681720268652579 0.0091169532741019 0.997444980925085
1305031103.743326 0.0135227577505399 0.121488623081129 0.238859394485647 0.00449488859073881 -0.0771209897238062 0.00781030231370665 0.996981016919754
1305031103.875361 0.0100267316787556 0.0908631950754436 0.194840520149957 -0.0182871189206182 -0.0743948443364474 -0.00414248776329081 0.997052570435917
1305031104.011232 0.0155156213893363 0.0376250053277886 0.147421135583959 -0.033727109893036 -0.081941649179758 -0.0110614085059657 0.996004866167746
1305031104.143230 0.0147803991442957 0.00204898314934018 0.099995657273474 -0.0300813508557892 -0.0582661788239228 -0.0185843207499395 0.997674690346614
1305031104.311219 0.0132451670584574 -0.0409619575732159 0.0516196446040167 -0.0273863487730791 -0.0421152606637443 -0.0205336424620669 0.998526245146989
1305031104.443288 0.00567512334388739 -0.0689289262952155 0.0220777079032622 -0.0339071559351209 -0.024821937549675 -0.0196284664751269 0.998923870721141
1305031104.643243 0.0113345265785301 -0.0907299952636852 -0.0187838681432474 -0.00908559365842763 -0.0187636377888397 -0.0139928500122736 0.999684739322021
1305031104.775327 0.0129295208612913 -0.119476459476781 -0.0463609529408173 0.0296701567642287 0.0116642610760173 -0.00862000057373038 0.999454512422274
1305031104.911534 0.00451038373707577 -0.103052098615344 -0.0700434266894939 0.0612484828275781 0.0338284245701072 -3.06725568514699e-05 0.997549126660747
1305031105.143106 -0.00725250904470264 -0.0690475840745744 -0.0549556606180548 0.0419860027233105 0.0346790097354968 -0.00723248694858363 0.99848997641019
1305031105.243270 -0.011843768151062 -0.0621305720602276 -0.0257599809946076 0.00975836136720115 0.0220953889077179 -0.01258389312034 0.999629038096823
1305031105.343302 -0.0133861404656811 -0.0506471285732547 0.00747727044566641 -0.0150160596635723 0.000263630191370095 -0.013285548672413 0.99979895111356
1305031105.475280 -0.0154867556417118 -0.0420389741596136 0.0496739291454657 -0.0319337502613865 -0.017616580831169 -0.0140907088711266 0.999235379476513
1305031105.675166 -0.0126898231957354 -0.0312148080934755 0.114728074836666 -0.0462523455229511 -0.0267919768835702 -0.00842635728376747 0.998534880217623
1305031105.843271 -0.00217265585030388 -0.0202353642832713 0.171232840731758 -0.0388271155808563 -0.0114493047236558 -0.00663094068598816 0.999158345380068
1305031105.975329 0.000645212600502434 0.00434777885174888 0.211662425958661 -0.0402841897773827 0.00241479763330587 0.00432199699937296 0.999175997083751
1305031106.111327 -0.000925991676264822 0.025497949829081 0.248416140964149 -0.0518386219422601 0.00758234357724205 0.00937679747632492 0.998582666087336
1305031106.276385 -0.00434415276392118 0.0361445852347577 0.282369910410138 -0.06616610722991 -0.000582215057290815 0.017871509797583 0.997648393181296
1305031106.411320 0.000259062044670639 0.0373261824025592 0.292913380182438 -0.0934070155020687 -0.000813046357363759 0.0101395270126692 0.995576043505757
1305031106.643207 -0.00891596456026045 0.0190566556896479 0.253223477878441 -0.0879922347187502 -0.00882188237928613 -0.00489286057670348 0.996070078325749
1305031106.775390 -0.0114607601001963 0.00890677699519218 0.210521216633233 -0.0852700094101776 -0.0294358597964358 -0.00566053803308446 0.995906880166218
1305031106.911243 -0.00624699349047734 -0.00352831994160067 0.159833262315414 -0.0778152341550673 -0.0414990562555378 -0.0148442813794368 0.995993104882569
1305031107.043281 -0.00657054956674008 -0.0200465168668138 0.107912764194847 -0.0663805551235049 -0.032333876687234 -0.0286191112480642 0.996859613381564
1305031107.211358 -0.00542607325475931 -0.0395578316517836 0.0507424540065614 -0.0499456813750391 -0.0267447275922343 -0.0327633476847958 0.997856057508539
1305031107.343509 0.00306392076276463 -0.0529263195598481 0.0140318996233153 -0.0214737374436514 -0.0152304661977502 -0.0342012784354246 0.999068157861606
1305031107.475377 0.0124244300249398 -0.046987962787808 -0.00750530294996883 0.00546020523259346 0.00220143621500357 -0.0324450036720604 0.999456182918556
1305031107.943122 0.0310999381304092 -0.0378897067835569 0.00674585011571439 -0.00933287069568531 0.0130791735988481 -0.030002409604305 0.999420676272251
1305031108.043418 0.0553916874827976 -0.0393398587393313 0.00966353872022071 -0.00164633320417441 0.0271530178197986 -0.0277839278905092 0.999243742317776
1305031108.176058 0.0828302828773773 -0.0303091256389065 0.0186781089609481 0.00672633045687259 0.0509845738853594 -0.0205614931292206 0.998465099392368
1305031108.311332 0.118095630341517 -0.029603780533297 0.0301182148594985 -0.00283025056283161 0.0609900273911879 -0.0209264030529891 0.997914972277617
1305031108.411361 0.140714861785998 -0.0295810424409815 0.0364851645855902 -0.0196920982128528 0.0543914483186392 -0.00724030990553456 0.998299238470233
1305031108.511378 0.174725516527581 -0.036360461339132 0.0453495274384191 -0.0290992503906982 0.0549780336630262 0.010701691229293 0.998006073752099
1305031108.611407 0.201137486375186 -0.0343461405734983 0.0458955874408302 -0.021319556553522 0.074106099072571 0.00792622366675371 0.99699094156717
1305031108.711411 0.228006522639527 -0.0275730780369697 0.0493114442920979 -0.0257205916253439 0.0920244296980213 0.0178909071749632 0.99526371929537
1305031109.175464 0.196587403247918 -0.0294325620936272 0.033801870788149 -0.0219318584901396 0.0748507128977516 0.0230592615046199 0.996686828858859
1305031109.275308 0.167529183455103 -0.0304871145329064 0.040620533088721 -0.0385113906455705 0.0638689391463204 0.0341200371098166 0.996631052331048
1305031109.411329 0.130225633884108 -0.0224996510017996 0.036083608049489 -0.0394519346932756 0.0268348916946689 0.0310664995647439 0.998377837314855
1305031109.511273 0.103105288063595 -0.0229398199867866 0.036023605379165 -0.0458314431907036 0.0154292724800873 0.0182251045245103 0.998663738167589
1305031109.611310 0.0741324853278286 -0.0168079573234207 0.0304318510700034 -0.040509037395701 0.0105745070441768 0.0133804982111876 0.999033613026943
1305031109.743274 0.0357486937936344 -0.00855788799886151 0.0277531597056571 -0.0485323107711499 0.00150274293153371 0.0138009062559392 0.998725133137947
1305031109.843296 0.00656782384253238 -0.00660460742950212 0.0298132398396967 -0.0570826121319899 -0.00447643372644827 0.0123289132685318 0.99828329387549
1305031109.943299 -0.024035453076466 -0.00154625265131146 0.0356561058259088 -0.0625798194583107 -0.0174584050291684 0.00151746728508727 0.997886099504067
1305031110.111325 -0.0735383255779547 0.000557148099227063 0.0480748240351956 -0.0792112068622391 -0.0266631070472699 -0.0270863064845188 0.996133020952041
1305031110.243323 -0.105581900135637 -0.00316184293054399 0.0535915706040694 -0.0882529207128323 -0.0434941414997665 -0.0322097137691232 0.994626671661164
1305031110.379281 -0.138512516237314 -0.00036975762587378 0.0522411535777752 -0.0814008677207537 -0.0617322625963964 -0.0389340182663618 0.994005618047842
1305031110.511429 -0.171973289718624 0.00228881459292436 0.0502735444276967 -0.0890390868070343 -0.0904778774155838 -0.0538488412339229 0.990447422641255
1305031110.679606 -0.199541791014445 0.0114185703141289 0.0517505651238743 -0.0954000759867021 -0.115187378766384 -0.0704705449435906 0.986237595901725
1305031111.143257 -0.17075708324909 0.00991043360797406 0.0641624296023846 -0.105212676979203 -0.114791000260217 -0.0689642029020485 0.985391930949414
1305031111.279308 -0.140765935869401 0.00690323233168488 0.068087020353904 -0.0963062963702825 -0.0963800043420976 -0.0635070037086273 0.988636865852376
1305031111.443386 -0.099116818133174 0.00863155056827477 0.0701052328130939 -0.0899967411791647 -0.101104811719338 -0.0603111549876788 0.988959538205876
1305031111.543250 -0.0664806772708204 0.0044528509031751 0.0753790438437717 -0.0786807589633352 -0.0772237962276931 -0.0576842778911352 0.992228979394029
1305031111.679320 -0.0271521765199251 0.00742268811110107 0.0743452722563587 -0.0652146532739721 -0.054564714760243 -0.0305624401550165 0.995909472870532
1305031111.811406 0.0124233430573866 0.00514570832988923 0.0809790528107007 -0.0544787382568952 -0.00117689450271594 -0.0217467887898917 0.998277395904863
1305031111.943300 0.0403373527410398 0.00435649205096687 0.0810321715831756 -0.0479939699867807 0.0156048394860046 -0.0023177727301232 0.998723032556622
1305031112.043270 0.0800602716080271 0.00401149636609487 0.0821849838670365 -0.0409265475220849 0.0306126806697795 0.00322711038690651 0.998687872785428
1305031112.144342 0.110056578308311 0.00395719889875903 0.078959144954059 -0.0355187546925873 0.0551779282769691 -0.00855516147629815 0.997807909122925
1305031112.243369 0.129977383779846 -0.0059712873135457 0.0863373674086503 -0.0345171003007603 0.0917963173499537 -0.0219643052352232 0.994936970467651
1305031112.343323 0.151103662685491 -0.0108824721210934 0.0861236706555454 -0.0177970252926292 0.101526265105805 -0.0254418456837884 0.994348226665388
1305031112.479418 0.177906169434353 -0.011668725598782 0.0848249791420585 -0.00530724564886561 0.0984732622946689 -0.00128106884829193 0.995124720132745
1305031112.611261 0.211988687342466 -0.00739993623182805 0.0809044031625053 0.00386592399283227 0.0865302726997924 0.0239068146427764 0.995954833690674
1305031112.911411 0.212663052863649 -0.00363898246141584 0.0865721973644477 -0.025047010468672 0.0992443347647675 0.0416142930858431 0.99387698428661
1305031113.079251 0.184944304295617 -0.00360050009390287 0.0883514853221154 -0.0329627590805551 0.0792658400482036 0.0293648094322461 0.995875539955801
1305031113.211259 0.151240054127717 -0.00541850093522053 0.0798961634882772 -0.0351921249163784 0.0635905575618772 0.0265434271771153 0.997002107222714
1305031113.311452 0.117143124434067 -0.0104727790653719 0.0811789257790484 -0.035599585468303 0.0450045697673277 0.0321523323966407 0.997834397951884
1305031113.443266 0.0742487118137059 -0.000419221531822734 0.0795027438671401 -0.0270919294294088 0.00834641548739846 0.022579583750097 0.999343047759865
1305031113.543242 0.0411799726744526 -0.0045571892767932 0.0809288374600774 -0.0381151561406514 -0.0127638859840306 0.0127249325872799 0.999110801752043
1305031113.643222 0.0101541071216768 -0.00316665903084584 0.079799782127471 -0.0434107247733504 -0.021754466586915 -0.000329375062880568 0.998820376078822
1305031113.743590 -0.017550863564665 -0.00394388966475535 0.0799927828011114 -0.0442123504940952 -0.019931853442582 -0.0140293752442412 0.998724769850226
1305031113.843295 -0.0483284778999954 -0.00222678814005915 0.0801000730149652 -0.0424672726938412 -0.0146922623996211 -0.0237732847215802 0.998706913518213
1305031113.979293 -0.0874462189435255 -0.00317429146238268 0.0823021210918086 -0.0324054911486015 -0.0133102995854853 -0.0369348114237889 0.998703429338986
1305031114.111263 -0.136861936699122 0.00241398989651809 0.0828216024846786 -0.0215827377227651 -0.0243839706166696 -0.0484227392755757 0.9982959710078
1305031114.243337 -0.171961719326113 0.00693424442549348 0.0861372746602908 -0.0184772738705389 -0.0379430944624461 -0.0601330866567252 0.997297810998331
1305031114.379320 -0.202557951600678 0.00754459613213378 0.0910701886957362 -0.020948594757107 -0.0629534652736065 -0.0683959646257614 0.995449651971741
1305031114.479332 -0.233121646252242 0.00842839157853231 0.0925068338940404 -0.0206386350294268 -0.0742619064787378 -0.0759183699881774 0.99413058351939
1305031114.679251 -0.255176203148671 0.00774829683117374 0.0990405941098939 -0.0362571134769657 -0.0995670689616756 -0.0710166021782549 0.991830863966107
1305031115.011300 -0.232601501650801 0.019337543434102 0.103307271091824 -0.0409131890772736 -0.107729562471398 -0.0829071326040387 0.989872143103656
1305031115.111230 -0.205534239546665 0.0190566318115281 0.112903981788753 -0.0496477298384663 -0.0996493315923413 -0.0814779786119736 0.990437505669284
1305031115.243297 -0.168196087610653 0.0106464151942908 0.124097364787724 -0.0507455306853478 -0.0802116251882708 -0.0715557656373729 0.992910247053664
1305031115.343235 -0.130610218295388 0.0133565058184161 0.132045653561333 -0.0440546997318118 -0.0647781201809701 -0.0577027408857807 0.995255430666735
1305031115.579315 -0.040427826141536 0.0106468365710621 0.148357116350499 -0.0644731434471333 -0.043974136983706 -0.0226334701495543 0.996693139877853
1305031115.679241 -0.0061841771957482 0.00663049851925649 0.145892956878411 -0.0610911392478285 -0.0264217297877973 0.000807566368234193 0.997782096821237
1305031115.811277 0.0537990766047855 0.00994740802623123 0.147322817921552 -0.0566010701217014 -0.00424167002435023 0.032638071352975 0.997854239553474
1305031115.911118 0.0837491933486434 0.00863140551078594 0.147024568373087 -0.0556086234199053 0.0175431744849119 0.0523465615611102 0.996925150411536
1305031115.980740 0.102141333181961 0.0128480126065049 0.148667859617422 -0.0559504785794071 0.0316120781206049 0.0634444940711466 0.995914161278816
1305031116.080030 0.130178131849547 0.0195066823506148 0.152841331991329 -0.0635544334682921 0.0651886173308275 0.0713186270857121 0.993289953431338
1305031116.143441 0.138798174766861 0.0161888701561464 0.158397932712145 -0.0756825415054297 0.0887901131056761 0.0772236658475336 0.99016411476029
1305031116.243320 0.1656657875646 0.0163250802790627 0.16166931897249 -0.0843400844546022 0.104767821531579 0.0867661349284036 0.98710794321356
1305031116.343292 0.170380958728069 0.0129488993987068 0.164620452138301 -0.088524385884686 0.138038171443579 0.0952822690158963 0.981850388572228
1305031116.643355 0.145115399917448 0.010343116080421 0.148218313041507 -0.0767883566513265 0.128849470207512 0.0857802830410001 0.98495842823514
1305031116.743291 0.125638229546829 0.0126687698526789 0.143297954572718 -0.0777184481859496 0.10470035900007 0.0573639507383361 0.989801522928973
1305031117.043261 0.0271911907155567 0.0232935203967083 0.135227109539439 -0.075866057668772 0.00564326010987522 -0.00918438657923656 0.997059748436519
1305031117.179264 -0.00434000732630261 0.031870137386102 0.13660577202209 -0.0843318213552504 -0.0386317627136259 -0.021974117932994 0.995446065318263
1305031117.511325 -0.0216014435584463 0.0114346307617675 0.137721255912086 -0.0912353532234829 -0.0507181548968606 -0.0295731305054671 0.994097182894183
1305031117.679262 -0.0279989425158213 -0.00806464301996311 0.14240683185396 -0.0780236089550396 -0.0579648572778048 -0.02826172673425 0.994863642198464
1305031117.811320 -0.0302497769595468 -0.0376589117507788 0.153471960550461 -0.0809520526321955 -0.0665302561949399 -0.0189521512222175 0.994314490565897
1305031117.943253 -0.0319975137537424 -0.0653138246796856 0.165337185651593 -0.0752954185728093 -0.0589869123676831 -0.0187723435415623 0.995238033451913
1305031118.043521 -0.0344442700500539 -0.0905160433611613 0.178862457585945 -0.0795888762404902 -0.0557972021584589 -0.0196024138497117 0.995071870962761
1305031118.179323 -0.0361446206351489 -0.119805897212572 0.193346319909909 -0.0762390697334259 -0.042894906149435 -0.0268392078371588 0.995804844432526
1305031118.311299 -0.0421280894344691 -0.152250912132812 0.203067000944377 -0.0613891420422367 -0.0405773712172918 -0.0271946983579756 0.996917899611413
1305031118.779277 -0.0384792223183709 -0.12384768749781 0.199068451493259 -0.0528451558949481 -0.0406226380471915 -0.0323560174640651 0.997251361949629
1305031118.911177 -0.0323051797554954 -0.0943059159818037 0.182850751843776 -0.0543605311108749 -0.0408392832820308 -0.0376405108205736 0.996975565168736
1305031119.011363 -0.0321663715346183 -0.0645508426325196 0.168568047805298 -0.0569703114025283 -0.0386526167496587 -0.0439319799977191 0.996659590818542
1305031119.147616 -0.0360387322292614 -0.0318521505580962 0.149786422258352 -0.0595184392135005 -0.0473069031263839 -0.0420309784149059 0.996219357954695
1305031119.279212 -0.0326182724214317 -0.00146269591118222 0.132094984327759 -0.0562032516974691 -0.0566356184832341 -0.0389098564688088 0.996052018866098
1305031119.411484 -0.0296226924901811 0.0290588561337313 0.118891049036381 -0.0551178288449309 -0.0617569029144367 -0.0325591335163601 0.996036150303041
1305031119.511240 -0.0316914288736773 0.0542685366247238 0.110063577587619 -0.0545147095601161 -0.0549603979589658 -0.0322833427690817 0.996476435685974
1305031119.679208 -0.0288192559787761 0.100498849834237 0.0999931428256339 -0.0663646036193865 -0.0499128279836641 -0.030522689973894 0.99607871897048
1305031119.814537 -0.034463238913226 0.127663560900216 0.0967101670004929 -0.0814069632825671 -0.043759453325077 -0.017260755114634 0.995570230022309
1305031119.911401 -0.0339101354280196 0.151047190315424 0.0920767657691501 -0.0823350073681609 -0.0391495463255788 -0.0118719294104463 0.995764689510659
1305031120.015264 -0.0349845875553979 0.170534493650267 0.0884928138049899 -0.0911683630937916 -0.0303306626100553 -0.0109686590737315 0.995313050750646
1305031120.215249 -0.0368718251727455 0.151969180072316 0.0906267803311793 -0.106894381800074 -0.0338940492127858 -0.00418899325333936 0.99368367044199
1305031120.347787 -0.0364536213981409 0.131428229441228 0.0953615194043324 -0.0940332534087356 -0.0326079003744559 -0.0123414475044975 0.994958371370397
1305031120.447417 -0.0362111740284907 0.107205621458883 0.10499269039327 -0.080405846714805 -0.0346908993066537 -0.0134872826296615 0.996067033149195
1305031120.547736 -0.0374318220777712 0.081708926953026 0.116082499245915 -0.0656648289069021 -0.0405105466160971 -0.00892759586469875 0.996979099023429
1305031120.647354 -0.0357879914477428 0.0623987297434639 0.126646057079569 -0.0533431385686472 -0.052665541617814 -0.00286116688823029 0.997182362468263
1305031120.779894 -0.033219720988222 0.0335771936419679 0.140084797306206 -0.0460874751853643 -0.0603904796564844 -0.000925492828141261 0.997109862583318
1305031120.915444 -0.0330499068029282 0.010812664710615 0.14865991070828 -0.0379179295287919 -0.0598797592176542 -0.00708213704142287 0.99746001844245
1305031121.015019 -0.0346971338546988 -0.014423710782431 0.155628159625394 -0.0377274290595863 -0.0600571954007246 -0.0127639980046755 0.997400047489516
1305031121.147331 -0.03794423555817 -0.0418003233795087 0.161685802616681 -0.0314062459581687 -0.0624253759425605 -0.0154377689441043 0.997435910444011
1305031121.282876 -0.0400471494564503 -0.0714906645346082 0.169561068999372 -0.0259093988220956 -0.0634482221432739 -0.0160903093853749 0.997518986337312
1305031121.383226 -0.0385003042660205 -0.0965118871110716 0.178604500253546 -0.0213038846433911 -0.0674511460697618 -0.0130529405295326 0.997409699239239
1305031121.547270 -0.0416044695928339 -0.125864885814998 0.18701965496254 -0.0105888427882621 -0.0615666417149778 -0.0112078299473688 0.997983872406872
1305031121.683200 -0.0436714647784743 -0.151519246206755 0.195731860119743 -0.0129204802517377 -0.0501571425823552 -0.017367058659391 0.998506738841336
1305031121.914931 -0.0462401546701992 -0.17708808608062 0.20519676113968 -0.0255052478160786 -0.0467637472431638 -0.000638884613146381 0.998580105001131
1305031122.150725 -0.0421944148280296 -0.145416788612422 0.195801766051841 -0.0214345215581057 -0.0517045787538441 -0.0190128922763609 0.998251324942146
1305031122.251319 -0.0425400311111635 -0.117742323925315 0.186708007921529 -0.0265772273917722 -0.0478913641942928 -0.0328188871589163 0.997959412433906
1305031122.382630 -0.0467745766927298 -0.0778033160352226 0.171000760192173 -0.0424437775831144 -0.0535384615310104 -0.0428969707570142 0.996740692849068
1305031122.515097 -0.046148877636454 -0.0482249605896476 0.154657950509785 -0.0537827187508456 -0.0714713219697927 -0.0426594650363701 0.995077604683408
1305031122.648788 -0.0458174313199449 -0.0172481900960057 0.13895728110847 -0.0561225298705402 -0.0729719936923917 -0.0437154844770634 0.994793599795668
1305031122.751298 -0.0454105392547615 0.0108325882959868 0.128252326754423 -0.0539960252649966 -0.0795085688960539 -0.0390749540233423 0.994603420814425
1305031122.883754 -0.0408683096179442 0.043375755421177 0.12036088220234 -0.0664984139081279 -0.069772687727353 -0.0411614785675358 0.994492566929054
1305031123.051827 -0.0442795323111929 0.0699073540379067 0.111438929499751 -0.0758770292155617 -0.0657254965525236 -0.0316412186714596 0.994445407662648
1305031123.150822 -0.045265102650528 0.0954816802517924 0.105006716192872 -0.07889420972902 -0.0621805235977445 -0.026279988302878 0.994594715636045
1305031123.250618 -0.0423629627062428 0.122948994066009 0.10177405192959 -0.0887040451829526 -0.0523883773327302 -0.0272122315631441 0.994307067631513
1305031123.350481 -0.0409936983597995 0.140469225256146 0.102663274283371 -0.10894524919144 -0.040725292444682 -0.0233276645440647 0.992939174018645
1305031123.483594 -0.0402157539746443 0.166550892156216 0.0992389248734209 -0.122031624531686 -0.0260067429956091 -0.0127946830109837 0.992102932169624
1305031123.611335 -0.0368984104867066 0.18838004954033 0.0954713393025217 -0.129933966484213 -0.0228554015656381 -0.00386407934681358 0.991251665251441
1305031124.011302 -0.0363728028060057 0.185578916800243 0.0928450431999134 -0.150579656591294 -0.01994751409977 0.00822354025413313 0.988362401696754
1305031124.147446 -0.0344937964700895 0.169987532603643 0.101042670323998 -0.131033430755186 -0.0323285300260619 0.00647561224668088 0.990829537618308
1305031124.249327 -0.0349033778788136 0.149947698015781 0.1070941430229 -0.118568180767782 -0.0363562469432533 0.00250424837171863 0.992276946501183
1305031124.382420 -0.0325372072942054 0.119768684214685 0.115540101304355 -0.10658411440551 -0.0523824202139444 0.0011440125686346 0.992922252668438
1305031124.480099 -0.0321947231436456 0.0943001067472209 0.119426773623029 -0.0880099912732076 -0.056848330509071 -0.00357914525468978 0.994489667353898
1305031124.611358 -0.0334485349832001 0.0640075335403857 0.126506296129733 -0.065706279451726 -0.0657190228908586 -0.0116582425720493 0.995604228722947
1305031124.749890 -0.0328039837012248 0.0299828235187591 0.137473271760753 -0.0498228730264558 -0.0710649730528252 -0.0185725656218527 0.99605346780914
1305031124.911448 -0.0312186150578217 -0.011384688009944 0.157842622147036 -0.0386578936556373 -0.073656559224368 -0.0200270428044532 0.996332874142897
1305031125.079364 -0.0337963055577704 -0.0541725023489144 0.17929280856992 -0.0346939053258884 -0.0748299656028121 -0.012702558915877 0.996511642770976
1305031125.211320 -0.0369554922921501 -0.0826632533121214 0.191012694375771 -0.0329305729285784 -0.0719276855484553 -0.0133528880365381 0.996776647900282
1305031125.348880 -0.0419272510214731 -0.107980974512187 0.199543434366451 -0.0236461235457658 -0.0677645938768973 -0.019418527282621 0.997232039926582
1305031125.479424 -0.0414768954321274 -0.127262924203123 0.210480261305126 -0.026397352997078 -0.0506969717857153 -0.0274723580554699 0.997987107306191
1305031125.811573 -0.041952073667924 -0.110093264422744 0.193277618864372 -0.0111396295719894 -0.0485333261099077 -0.0291195839928627 0.998334851008313
1305031126.047324 -0.0382437985799505 -0.0557278455076924 0.173261211056558 -0.0261890981195083 -0.0727872207284559 -0.0242283541618787 0.996709154414125
1305031126.179384 -0.0363001184908671 -0.0153204358968323 0.167533207037623 -0.0428064073894504 -0.0694510968790321 -0.0220025884779778 0.996423626139493
1305031126.279363 -0.0322729218061416 0.012085074730899 0.162812176288175 -0.0548937228426913 -0.0677174871258646 -0.0225471423984587 0.995938074128855
1305031126.379423 -0.0322896193545516 0.0387977089706485 0.157755417622974 -0.0673861066405893 -0.0572212924517628 -0.027236990160372 0.995712299155221
1305031126.479533 -0.0346511696170861 0.0598180755018696 0.151042769261422 -0.0798645042514694 -0.0529388208633592 -0.0255877021294363 0.99507005366758
1305031126.611528 -0.0293370162320229 0.0902558277571804 0.144729698613635 -0.0984418611374317 -0.0525045419463894 -0.0197615451779782 0.993560241949615
