1311875813.738363 0 0 0 0 0 0 1 
1311875813.769538 -0.00608271 -0.0005398232 -0.001179873 0.006286715 -0.01470701 0.004674899 0.9998612 
1311875813.806422 -0.01565133 0.004242182 -0.007730301 0.014987 -0.02456147 0.007591242 0.9995572 
1311875813.838115 -0.02613896 0.007251351 -0.01355073 0.02176189 -0.03126526 0.008891835 0.9992346 
1311875813.873853 -0.03064818 0.007632121 -0.01782086 0.02634217 -0.03940416 0.01079353 0.9988178 
1311875813.904842 -0.0321801 0.006587788 -0.02146514 0.02868215 -0.04873359 0.01297317 0.9983156 
1311875813.938369 -0.03597135 0.006244604 -0.02488587 0.02947822 -0.05819516 0.01347339 0.9977789 
1311875813.974066 -0.04147426 0.00664682 -0.02590033 0.03160341 -0.0664239 0.01188592 0.99722 
1311875814.004532 -0.04276053 0.006445006 -0.02610837 0.03854863 -0.0801572 0.01144003 1.040241 
1311875814.038347 -0.04340547 0.005230822 -0.025204 0.04421382 -0.08742681 0.01125182 0.9951257 
1311875814.074083 -0.05062712 0.009140219 -0.0297834 0.05591501 -0.09783215 0.008954476 1.037963 
1311875814.107921 -0.05592105 0.0118912 -0.03348795 0.06475108 -0.1029837 0.007070195 1.036965 
1311875814.138476 -0.06066615 0.01704709 -0.0359118 0.07337805 -0.1049881 0.003902823 1.036206 
1311875814.174049 -0.06444946 0.02091801 -0.03815868 0.08046733 -0.1038105 0.0009950105 1.035805 
1311875814.205477 -0.0653807 0.02196786 -0.03822604 0.08552889 -0.1023006 -0.002520896 1.035547 
1311875814.237667 -0.07010253 0.01849672 -0.04378033 0.08697481 -0.09985273 -0.001010428 1.035668 
1311875814.273574 -0.07002864 0.01611162 -0.04287036 0.09003363 -0.1024232 0.001935207 1.035154 
1311875814.304449 -0.06617481 0.01425232 -0.04185245 0.103852 -0.1159042 0.003450561 1.121885 
1311875814.338247 -0.07229651 0.01577007 -0.04388698 0.1029314 -0.1069463 0.007632641 1.033467 
1311875814.370444 -0.0691873 0.01349643 -0.04426482 0.1165215 -0.1210555 0.01023133 1.120054 
1311875814.406074 -0.0714273 0.01576459 -0.04511532 0.1240587 -0.1218604 0.0105616 1.119153 
1311875814.437325 -0.07400483 0.01752887 -0.04738901 0.1298591 -0.1211678 0.01078319 1.118568 
1311875814.473511 -0.07627065 0.01936693 -0.04856083 0.1325337 -0.1202169 0.009832586 1.118366 
1311875814.505649 -0.07835958 0.01999451 -0.04945514 0.1336059 -0.1187784 0.007938391 1.118407 
1311875814.537727 -0.08031455 0.01969955 -0.05019287 0.1337405 -0.1177192 0.007294295 1.118507 
1311875814.573674 -0.08159632 0.01812572 -0.05005793 0.1334798 -0.1180275 0.00855625 1.118497 
1311875814.605792 -0.0826721 0.01773109 -0.04922662 0.1348149 -0.1191558 0.009791641 1.118207 
1311875814.637807 -0.08384151 0.01706096 -0.04847146 0.1372203 -0.1201783 0.0105485 1.117798 
1311875814.674244 -0.0851156 0.01714099 -0.04830105 0.1412748 -0.1208205 0.0122397 1.117207 
1311875814.702193 -0.08656839 0.0171269 -0.04904188 0.1454456 -0.1213977 0.01412647 1.116586 
1311875814.737800 -0.08782193 0.01598244 -0.05006697 0.1483538 -0.1226975 0.01651688 1.116029 
1311875814.773427 -0.08835567 0.01551434 -0.04911938 0.1522011 -0.1253472 0.01751179 1.115201 
1311875814.805339 -0.08930642 0.01499629 -0.04911353 0.1578328 -0.1277234 0.01798931 1.11414 
1311875814.837517 -0.09002802 0.01462146 -0.0494645 0.1644313 -0.1303178 0.0177778 1.112888 
1311875814.873236 -0.09162316 0.01585201 -0.05087477 0.1711307 -0.1323186 0.01742579 1.111647 
1311875814.903750 -0.09243943 0.01586936 -0.05206305 0.1759302 -0.1354126 0.01889706 1.110501 
1311875814.941115 -0.09144932 0.01497014 -0.05284301 0.1947228 -0.1537313 0.0231506 1.207534 
1311875814.970010 -0.09439588 0.01571989 -0.0540284 0.1825571 -0.1459568 0.02506814 1.10797 
1311875815.005306 -0.09280639 0.015145 -0.05401627 0.2002402 -0.1674943 0.03112537 1.204618 
1311875815.037602 -0.09281094 0.01448232 -0.05429975 0.2015251 -0.1766854 0.03696647 1.202925 
1311875815.075849 -0.0926525 0.01387937 -0.05343021 0.2023701 -0.188425 0.04272382 1.200809 
1311875815.102125 -0.09306733 0.01445074 -0.05366917 0.2052139 -0.1996423 0.04801715 1.198311 
1311875815.140940 -0.09463605 0.01683502 -0.0560273 0.206017 -0.2094075 0.0509837 1.196382 
1311875815.173028 -0.09607004 0.01895369 -0.0573517 0.2037922 -0.2170406 0.05199861 1.195359 
1311875815.202140 -0.09693742 0.021944 -0.0573999 0.2003271 -0.2212014 0.05056925 1.195243 
1311875815.241312 -0.09718412 0.02442217 -0.05748561 0.1961439 -0.2224286 0.04862261 1.19579 
1311875815.273025 -0.09767778 0.02472624 -0.05892178 0.1902728 -0.2238828 0.04699972 1.196532 
1311875815.305023 -0.09729757 0.02333672 -0.05885347 0.1829661 -0.2273538 0.04529771 1.197083 
1311875815.340149 -0.09661154 0.02085592 -0.0578697 0.1773649 -0.2319889 0.04478083 1.197056 
1311875815.372182 -0.0964086 0.02138869 -0.05829957 0.1743714 -0.2362664 0.04331678 1.196713 
1311875815.403818 -0.09608915 0.02199394 -0.05907939 0.1706031 -0.2401427 0.04231872 1.19652 
1311875815.441491 -0.09568087 0.0229774 -0.05989036 0.1660643 -0.243998 0.04174238 1.196399 
1311875815.472566 -0.09562784 0.02660256 -0.06058082 0.1619689 -0.2455486 0.03843041 1.196754 
1311875815.503906 -0.09530975 0.02797187 -0.06120133 0.155924 -0.24558 0.03529792 1.197646 
1311875815.541440 -0.09476609 0.0287708 -0.06184957 0.1480691 -0.2456121 0.03283502 1.198706 
1311875815.572138 -0.09410893 0.02909384 -0.06283035 0.1386806 -0.2462336 0.03155391 1.199736 
1311875815.605276 -0.0926496 0.02736587 -0.06323572 0.1277404 -0.2487452 0.03089693 1.200449 
1311875815.641475 -0.09099029 0.02447553 -0.06346644 0.1182387 -0.2526763 0.03177499 1.200579 
1311875815.673580 -0.08793609 0.02313682 -0.06414295 0.118243 -0.2804239 0.03594399 1.298407 
1311875815.704948 -0.08776674 0.02312864 -0.06430638 0.1016462 -0.2653538 0.03395916 1.199303 
1311875815.741202 -0.0857738 0.02532721 -0.06498891 0.1038974 -0.2920449 0.03324299 1.297144 
1311875815.773214 -0.08454899 0.02605729 -0.06559316 0.09666278 -0.2950075 0.02915531 1.297131 
1311875815.802885 -0.08361183 0.02773679 -0.06661114 0.08962402 -0.2971666 0.02535969 1.297224 
1311875815.841046 -0.08290949 0.02899003 -0.06673549 0.0816556 -0.2979464 0.02329416 1.29761 
1311875815.873034 -0.08171567 0.02784842 -0.06776817 0.07304274 -0.2998336 0.02467398 1.297663 
1311875815.904220 -0.08031086 0.02882828 -0.06937387 0.0645203 -0.3022418 0.02460078 1.297557 
1311875815.939677 -0.07899213 0.02822172 -0.06946668 0.05439608 -0.3055887 0.02640807 1.297202 
1311875815.972327 -0.0774061 0.02972745 -0.06970225 0.04769427 -0.3188619 0.02889578 1.339966 
1311875816.005430 -0.07691953 0.03134941 -0.07038128 0.03712875 -0.3096886 0.02831356 1.296798 
1311875816.038304 -0.07538424 0.03422831 -0.07075082 0.0285573 -0.3188719 0.02636033 1.34056 
1311875816.073474 -0.07427455 0.037453 -0.07112044 0.01541134 -0.3152518 0.02027605 1.341737 
1311875816.105424 -0.07320709 0.04075385 -0.06994262 7.35439e-05 -0.3081586 0.01108587 1.343579 
1311875816.141471 -0.07168946 0.04036163 -0.06702461 -0.01397246 -0.2991418 0.003942951 1.345583 
1311875816.170372 -0.07082512 0.03947628 -0.06780883 -0.02524838 -0.2901004 -0.00090344 1.347403 
1311875816.205489 -0.06999555 0.03812749 -0.07054689 -0.03672216 -0.2833612 -0.004747025 1.348564 
1311875816.241639 -0.06839289 0.03881598 -0.06992286 -0.04618442 -0.2725422 -0.008652294 1.321949 
1311875816.273367 -0.06725584 0.03906669 -0.06727395 -0.05379325 -0.2719585 -0.0107105 1.350304 
1311875816.306046 -0.06530337 0.04276707 -0.06879581 -0.05740345 -0.2584715 -0.01080465 1.324317 
1311875816.342133 -0.06346824 0.04501711 -0.06936 -0.06542322 -0.2501764 -0.01194257 1.325528 
1311875816.370702 -0.06197824 0.0481758 -0.06780914 -0.07271404 -0.2406442 -0.01387055 1.326894 
1311875816.401482 -0.06087511 0.05017556 -0.06906405 -0.0794213 -0.2293541 -0.01515034 1.328494 
1311875816.442061 -0.05869684 0.04504111 -0.06857381 -0.0899606 -0.219909 -0.0148784 1.329422 
1311875816.470392 -0.05767529 0.04551921 -0.06971122 -0.09740239 -0.2110706 -0.01682615 1.330306 
1311875816.501336 -0.05531298 0.05674528 -0.06365661 -0.08931899 -0.187739 -0.0219153 1.23617 
1311875816.538902 -0.05606492 0.05696076 -0.07135679 -0.100856 -0.1925301 -0.02159735 1.33279 
1311875816.574317 -0.05280639 0.05686791 -0.06645922 -0.09428174 -0.1705872 -0.02398683 1.238247 
1311875816.601593 -0.05152684 0.0565054 -0.06765034 -0.09797062 -0.1620472 -0.02522678 1.239083 
1311875816.642185 -0.04989847 0.05565191 -0.06841352 -0.1000054 -0.1536275 -0.02629725 1.23997 
1311875816.672149 -0.04776115 0.05521928 -0.06897128 -0.09961902 -0.1444944 -0.02651465 1.241094 
1311875816.701523 -0.04649286 0.05633818 -0.07126696 -0.09982179 -0.1336642 -0.02724974 1.242275 
1311875816.740587 -0.0456384 0.05524128 -0.07417021 -0.1015109 -0.1228537 -0.02808159 1.243235 
1311875816.770455 -0.04484915 0.05405137 -0.07677854 -0.1030036 -0.1129449 -0.02822238 1.244049 
1311875816.801483 -0.04288934 0.05044242 -0.07797866 -0.105026 -0.1049227 -0.02585968 1.244633 
1311875816.842219 -0.04215105 0.04779256 -0.08102048 -0.1056818 -0.09694931 -0.02192568 1.2453 
1311875816.872977 -0.04157785 0.03384346 -0.0850277 -0.0983314 -0.07874872 -0.01559481 1.093103 
1311875816.901467 -0.04095504 0.0438047 -0.08562465 -0.1024603 -0.08033531 -0.02182779 1.246752 
1311875816.939673 -0.03947668 0.03444794 -0.09061652 -0.09238176 -0.06264406 -0.01908889 1.094607 
1311875816.974067 -0.03851045 0.03524686 -0.0933665 -0.09065389 -0.05356994 -0.02140702 1.09519 
1311875817.001673 -0.03695663 0.03277749 -0.09318874 -0.08956837 -0.04410848 -0.02412004 1.095645 
1311875817.038588 -0.03774054 0.02807157 -0.09706177 -0.08791668 -0.03530203 -0.0248342 1.096082 
1311875817.070801 -0.0385717 0.02527829 -0.100929 -0.08555049 -0.02988319 -0.02396323 1.096449 
1311875817.101621 -0.03791788 0.02111258 -0.1015537 -0.08277522 -0.0273467 -0.02218364 1.096766 
1311875817.139756 -0.0375342 0.01987523 -0.1032478 -0.07571823 -0.02484424 -0.02104627 1.097358 
1311875817.170506 -0.03713405 0.01955844 -0.1051234 -0.06887998 -0.02215204 -0.02083436 1.09787 
1311875817.201558 -0.0366859 0.01794778 -0.1061759 -0.06280015 -0.01985042 -0.0206356 1.098282 
1311875817.241624 -0.03612561 0.01625317 -0.1069852 -0.05453085 -0.01759716 -0.02045267 1.098765 
1311875817.273359 -0.03621326 0.01784885 -0.1077628 -0.04439202 -0.01592297 -0.01934572 1.099267 
1311875817.301498 -0.0364258 0.01708502 -0.1100831 -0.03591893 -0.01571788 -0.0179818 1.099603 
1311875817.340478 -0.0356748 0.01673255 -0.1111754 -0.02774924 -0.01636618 -0.01719122 1.099843 
1311875817.372297 -0.03511972 0.0170949 -0.1126653 -0.01993706 -0.01621397 -0.01733951 1.100012 
1311875817.401507 -0.03483497 0.01663582 -0.1141891 -0.01340718 -0.01535184 -0.01751861 1.10012 
1311875817.441778 -0.03401281 0.01572996 -0.1153015 -0.007776419 -0.01454727 -0.01666606 1.100199 
1311875817.470468 -0.03158462 0.0227224 -0.1096529 0.001504779 -0.0131048 -0.01564197 1.007486 
1311875817.501559 -0.03144496 0.01833239 -0.1105327 0.006849724 -0.01242064 -0.01393387 1.007497 
1311875817.538314 -0.03083264 0.01524812 -0.1116084 0.0157648 -0.01324993 -0.01189901 1.007413 
1311875817.569522 -0.03016753 0.01243804 -0.114149 0.02468995 -0.01481053 -0.01062011 1.007226 
1311875817.601712 -0.0307173 0.01794126 -0.1146823 0.03528547 -0.01552281 -0.01106484 1.006895 
1311875817.641722 -0.0300852 0.01772336 -0.1145722 0.04508323 -0.01510444 -0.01124892 1.006508 
1311875817.669482 -0.03001952 0.01838064 -0.1163343 0.05557182 -0.01355789 -0.0111396 1.006007 
1311875817.701569 -0.02992706 0.02018169 -0.1179538 0.06564488 -0.01189959 -0.01158708 1.005416 
1311875817.739442 -0.0290511 0.02064924 -0.1178967 0.07453661 -0.009446836 -0.01436435 1.004786 
1311875817.769691 -0.02852223 0.01739125 -0.118151 0.08510261 -0.006039509 -0.01533197 1.003958 
1311875817.801405 -0.02865885 0.01838927 -0.1200371 0.09827608 -0.003428106 -0.01532188 1.002767 
1311875817.839284 -0.03271901 0.02217696 -0.1259755 0.1369677 0.0009020697 -0.02281655 1.24916 
1311875817.869355 -0.02817727 0.01906413 -0.1242499 0.1210255 0.0009045559 -0.01804044 1.000236 
1311875817.901536 -0.03210585 0.02269831 -0.1275618 0.1688695 0.006159159 -0.02613921 1.245169 
1311875817.939135 -0.0321775 0.02134489 -0.1301829 0.1826847 0.007424615 -0.02528275 1.243228 
1311875817.969877 -0.03160509 0.01820797 -0.1317665 0.194184 0.006708589 -0.02576664 1.241477 
1311875818.001515 -0.03135849 0.01512921 -0.1338492 0.2063097 0.005486073 -0.02495816 1.239543 
1311875818.040683 -0.03283355 0.02117366 -0.1390812 0.2195309 0.004207534 -0.02502594 1.237273 
1311875818.069336 -0.03331924 0.02473918 -0.1440301 0.2251704 0.001672589 -0.02556039 1.236254 
1311875818.101428 -0.03223292 0.02413668 -0.1423565 0.2283163 0.0002726815 -0.02537528 1.235682 
1311875818.139646 -0.03183715 0.0218529 -0.1402671 0.2339168 1.475352e-05 -0.02499116 1.234642 
1311875818.169431 -0.03225931 0.0204699 -0.1393668 0.2411762 -0.000821333 -0.02336815 1.233276 
1311875818.201476 -0.03350246 0.02007338 -0.1394968 0.2496339 -0.004874165 -0.01906885 1.231657 
1311875818.240363 -0.03247915 0.02072912 -0.140391 0.2573787 -0.01116089 -0.01460885 1.230082 
1311875818.269416 -0.03163306 0.02114421 -0.1409768 0.2650969 -0.01405344 -0.009913579 1.228459 
1311875818.301485 -0.03273372 0.02565569 -0.14728 0.2708064 -0.01530688 -0.006079876 1.227223 
1311875818.340463 -0.03265491 0.02741391 -0.1500771 0.2701346 -0.01708602 -0.003425565 1.227357 
1311875818.369407 -0.03128922 0.02553286 -0.1466424 0.2691262 -0.01738593 1.429763e-05 1.22758 
1311875818.401490 -0.03140851 0.02298603 -0.143254 0.2710767 -0.01694683 0.005765229 1.227143 
1311875818.440733 -0.03291054 0.02406898 -0.145365 0.2745016 -0.02004486 0.01211497 1.226288 
1311875818.469408 -0.03211202 0.02768199 -0.1504265 0.2745914 -0.02372298 0.0150965 1.226169 
1311875818.501400 -0.02986291 0.02930953 -0.1536814 0.2703118 -0.02188116 0.01561802 1.227148 
1311875818.538540 -0.02787484 0.03054723 -0.1577571 0.2623256 -0.01310747 0.01321369 1.229033 
1311875818.569319 -0.02735813 0.03116025 -0.161253 0.2485451 0.0004792066 0.008816785 1.232002 
1311875818.601539 -0.0256637 0.02906703 -0.158138 0.2328199 0.01493288 0.004800418 1.235003 
1311875818.639247 -0.02524796 0.02736419 -0.1517898 0.2227951 0.02770834 0.001760942 1.236638 
1311875818.669336 -0.027273 0.02489005 -0.1459471 0.2177103 0.03728931 0.0006669978 1.237293 
1311875818.701405 -0.02828114 0.02604689 -0.1471723 0.2141011 0.04226926 0.002416584 1.23776 
1311875818.739752 -0.0262435 0.02402279 -0.1450603 0.2091018 0.04495045 0.004285821 1.238515 
1311875818.769321 -0.02361222 0.02441311 -0.1452733 0.2065685 0.05140937 0.00473101 1.238688 
1311875818.801537 -0.02190875 0.02710978 -0.151867 0.2005553 0.06233282 0.003167492 1.239179 
1311875818.837410 -0.02138289 0.02755683 -0.1535519 0.1900544 0.07616573 0.001272403 1.240064 
1311875818.869368 -0.02376218 0.02857652 -0.1412465 0.1797803 0.08954443 -0.003644978 1.21926 
1311875818.901499 -0.02075335 0.02289514 -0.1424698 0.1742441 0.09888646 0.002212709 1.240781 
1311875818.937468 -0.02213126 0.02496342 -0.1334708 0.1701786 0.1069281 -0.003807861 1.219237 
1311875818.969412 -0.02188155 0.02300813 -0.1300218 0.168551 0.1133798 -0.005194645 1.218875 
1311875819.001482 -0.02156553 0.02333662 -0.1305865 0.168282 0.1184703 -0.006958436 1.218419 
1311875819.037305 -0.01988086 0.02499733 -0.1344797 0.1657059 0.1232833 -0.008762751 1.218283 
1311875819.069208 -0.01702038 0.02514103 -0.1353286 0.1606391 0.1303869 -0.0114035 1.2182 
1311875819.101465 -0.0162151 0.02516038 -0.1354362 0.1554278 0.1401434 -0.01477353 1.217757 
1311875819.137370 -0.01692301 0.02501054 -0.1353968 0.1487467 0.149276 -0.01727007 1.217473 
1311875819.169304 -0.01711145 0.0240772 -0.1336942 0.1418113 0.1562333 -0.01887512 1.217404 
1311875819.201433 -0.01618793 0.02308597 -0.131076 0.1364594 0.1619917 -0.01950912 1.217253 
1311875819.237396 -0.01240914 0.02403595 -0.1283908 0.115887 0.1458062 -0.01823042 1.067027 
1311875819.269427 -0.01531666 0.02255898 -0.1293194 0.1266204 0.1736655 -0.01995537 1.216699 
1311875819.301451 -0.0109312 0.02353973 -0.1281137 0.1067945 0.1555514 -0.01897461 1.066586 
1311875819.337282 -0.01077658 0.02329493 -0.1277481 0.1019041 0.1599215 -0.01820247 1.066432 
1311875819.369343 -0.0102502 0.02255787 -0.1263701 0.09768061 0.1633051 -0.01713422 1.066332 
1311875819.401427 -0.009325909 0.02249733 -0.1258216 0.09387486 0.166127 -0.01594966 1.066256 
1311875819.437518 -0.008566693 0.02227208 -0.1252437 0.09054634 0.1688696 -0.01413658 1.066139 
1311875819.469287 -0.007988205 0.02330412 -0.1270069 0.08679271 0.1712732 -0.01191367 1.066095 
1311875819.501451 -0.006220694 0.02106061 -0.1222371 0.08804772 0.1867867 -0.01056215 1.153064 
1311875819.537287 -0.006771271 0.02393515 -0.1278343 0.07658767 0.1758687 -0.00975071 1.06615 
1311875819.569251 -0.00477684 0.02275673 -0.1243923 0.07551693 0.1924403 -0.009455544 1.153033 
1311875819.601431 -0.004010149 0.02369813 -0.1256906 0.06730414 0.1964361 -0.008037213 1.152878 
1311875819.637345 -0.002903385 0.02369815 -0.1246633 0.05841388 0.2007409 -0.007290267 1.152626 
1311875819.669306 -0.001884014 0.02342404 -0.124199 0.05011216 0.2049949 -0.005671874 1.152278 
1311875819.701430 -0.0006150698 0.0228085 -0.1238427 0.04054528 0.2080234 -0.0022674 1.152123 
1311875819.737401 -5.607621e-05 0.02323644 -0.1225929 0.03141512 0.2104543 0.0007928972 1.151968 
1311875819.769236 0.002696729 0.02023871 -0.1166754 0.01956949 0.1805783 0.003590039 0.9827739 
1311875819.801494 0.001072856 0.02296783 -0.1214568 0.01803851 0.2154019 0.005599615 1.151328 
1311875819.837336 0.003717468 0.01694552 -0.1178806 0.007188825 0.1835189 0.008088594 0.9823709 
1311875819.869466 0.004312942 0.01808312 -0.118543 0.001537734 0.1836828 0.01075865 0.9823397 
1311875819.901437 0.004619154 0.01958857 -0.1197195 -0.00420044 0.1839445 0.01288447 0.9822574 
1311875819.937458 0.004804922 0.02128049 -0.1205342 -0.01011634 0.1842047 0.01482381 0.9821382 
1311875819.969400 0.005116045 0.02179975 -0.1224876 -0.0171598 0.1844627 0.0164745 0.9819656 
1311875820.001452 0.005558402 0.02188794 -0.1229127 -0.02373595 0.1850226 0.01855269 0.9816862 
1311875820.037332 0.006448842 0.01944968 -0.1241944 -0.03046259 0.1846252 0.0213801 0.9815179 
1311875820.069335 0.006254847 0.02105971 -0.1261776 -0.03540637 0.1844479 0.02344539 0.9813381 
1311875820.101301 0.00590446 0.02154179 -0.1290017 -0.042743 0.184412 0.02507443 0.9810124 
1311875820.137421 0.004687445 0.02208567 -0.1293887 -0.0507231 0.1850723 0.02474265 0.9805162 
1311875820.169443 -0.0002122392 0.0221809 -0.1280113 -0.0577081 0.191716 0.02339574 0.9929239 
1311875820.201603 -0.0009497591 0.02305598 -0.1289674 -0.06241919 0.1935862 0.02095667 0.9923304 
1311875820.237565 -0.00165826 0.02350626 -0.1298087 -0.0639958 0.1956635 0.01871173 0.9918673 
1311875820.269571 -0.002405253 0.02333118 -0.1313688 -0.06406528 0.1972109 0.01666458 0.9915928 
1311875820.301588 -0.002387902 0.02332412 -0.1355292 -0.0647806 0.1982415 0.01448156 0.9913751 
1311875820.337438 -0.002411477 0.02358278 -0.1389354 -0.06693159 0.1993664 0.01238597 0.991035 
1311875820.369380 -0.002976283 0.02409925 -0.1407802 -0.06902126 0.2011792 0.01136601 0.9905374 
1311875820.401630 -0.004340577 0.02345631 -0.1428449 -0.07141722 0.2039493 0.0118437 0.9897952 
1311875820.437412 -0.005094784 0.02384579 -0.1450793 -0.0730973 0.2070946 0.01176197 0.9890201 
1311875820.469506 -0.00571124 0.02438547 -0.1468899 -0.07413056 0.2105438 0.01196534 0.9882122 
1311875820.501475 -0.005904151 0.0242699 -0.1483963 -0.07487038 0.213257 0.01259108 0.9875666 
1311875820.537436 -0.005273065 0.02454041 -0.1521834 -0.07538946 0.2146784 0.01366176 0.9872049 
1311875820.569275 -0.006404721 0.02458103 -0.1540076 -0.07608604 0.2171655 0.01347535 0.9866098 
1311875820.601712 -0.005381894 0.02315773 -0.1585541 -0.07834447 0.2190318 0.01300065 0.9860267 
1311875820.637484 -0.006718206 0.0236438 -0.1589915 -0.0811542 0.2221332 0.01404758 0.9850909 
1311875820.669309 -0.00800924 0.02494557 -0.1605565 -0.08367553 0.2257613 0.01429324 0.984051 
1311875820.701484 -0.008961668 0.02539521 -0.1606906 -0.08592755 0.2300392 0.01428286 0.9828657 
1311875820.737427 -0.009528441 0.02570574 -0.1621485 -0.08780255 0.2339886 0.01559689 0.9817471 
1311875820.769415 -0.009618032 0.02638987 -0.1642372 -0.08937541 0.2374027 0.01700866 0.9807615 
1311875820.801476 -0.01055804 0.02733512 -0.1648386 -0.09037672 0.2411773 0.01876721 0.9797162 
1311875820.837373 -0.009856336 0.02799128 -0.1677585 -0.09105636 0.2438604 0.02094178 0.9789447 
1311875820.869326 -0.01494377 0.02824535 -0.160208 -0.1207364 0.3318477 0.03020045 1.306713 
1311875820.901385 -0.009577305 0.03041355 -0.1700219 -0.08981231 0.2482073 0.02362854 0.9779055 
1311875820.937334 -0.01359152 0.02936587 -0.1626003 -0.1181294 0.3361556 0.03276584 1.305788 
1311875820.969464 -0.01258963 0.02958429 -0.1645578 -0.1173748 0.3367471 0.03309555 1.305696 
1311875821.001464 -0.01265343 0.03063579 -0.1638055 -0.1157235 0.3378476 0.03275635 1.305567 
1311875821.037428 -0.01184258 0.03125047 -0.1648947 -0.1126669 0.338892 0.03166055 1.305591 
1311875821.069232 -0.01059815 0.03115204 -0.1657948 -0.1104305 0.3389492 0.03036196 1.305798 
1311875821.101399 -0.009787011 0.03071241 -0.1671045 -0.1091532 0.338434 0.03011238 1.306045 
1311875821.137357 -0.009822579 0.03189592 -0.1663447 -0.1065141 0.3387969 0.03020072 1.306167 
1311875821.169219 -0.009349793 0.03252845 -0.1664715 -0.1028698 0.3389128 0.02997548 1.306434 
1311875821.201437 -0.008683576 0.03267305 -0.1674361 -0.09917809 0.3387916 0.02952756 1.306761 
1311875821.237405 -0.00881143 0.03358553 -0.1671958 -0.0947178 0.3393901 0.0293455 1.306941 
1311875821.269437 -0.008177309 0.03508922 -0.1671825 -0.0877138 0.3401646 0.02809136 1.307256 
1311875821.301486 -0.00646757 0.0350553 -0.1691299 -0.08085614 0.338925 0.02614698 1.30806 
1311875821.337377 -0.006493288 0.03559285 -0.169527 -0.07365325 0.3389658 0.02296236 1.308534 
1311875821.369393 -0.00500516 0.03581589 -0.1708346 -0.06624247 0.3384661 0.01932197 1.309119 
1311875821.401398 -0.003004736 0.03573489 -0.1729076 -0.05905695 0.3362163 0.01448349 1.310104 
1311875821.437370 -0.002065151 0.03572068 -0.1741657 -0.05205074 0.3340382 0.008299854 1.311012 
1311875821.469283 -0.001341119 0.03597807 -0.1750647 -0.04539275 0.3320514 0.00120722 1.31179 
1311875821.501484 -0.000369857 0.03636594 -0.1760748 -0.0384063 0.330629 -0.007114007 1.312353 
1311875821.537364 0.002422082 0.03534169 -0.1793365 -0.03239222 0.3262728 -0.01368194 1.313553 
1311875821.569424 0.003972501 0.03501182 -0.1810928 -0.02667391 0.3203749 -0.0192118 1.315063 
1311875821.601453 0.003701936 0.03533681 -0.1781449 -0.02087084 0.3159997 -0.02485586 1.316132 
1311875821.637373 0.004498594 0.03512771 -0.1802345 -0.01399128 0.3119106 -0.03022026 1.317086 
1311875821.669390 0.005598165 0.03448248 -0.1812099 -0.00840173 0.307634 -0.03371347 1.318054 
1311875821.701275 0.007456878 0.03380707 -0.1815489 -0.002056159 0.3010226 -0.0356081 1.319555 
1311875821.737391 0.009721977 0.04691263 -0.1677789 0.01148214 0.2172938 -0.02320772 0.9751727 
1311875821.769375 0.01263637 0.05063029 -0.1727769 0.01835042 0.2124644 -0.02597408 0.9760616 
1311875821.801430 0.01778953 0.04962492 -0.1744354 0.02337101 0.2067264 -0.02827842 0.9771219 
1311875821.837436 0.02114705 0.04899478 -0.1783715 0.02893008 0.2017045 -0.02964165 0.9779819 
1311875821.869241 0.02289604 0.05244664 -0.1781321 0.03698151 0.1981423 -0.03172637 0.9783733 
1311875821.901437 0.0235926 0.04846066 -0.1776465 0.04259453 0.1954463 -0.0337077 0.978621 
1311875821.937515 0.02361695 0.04329872 -0.1744991 0.04937122 0.1922759 -0.03428788 0.9789104 
1311875821.969545 0.02509362 0.03934144 -0.1741889 0.0587807 0.1885332 -0.03428477 0.9791187 
1311875822.001410 0.02994521 0.04470588 -0.179563 0.0713666 0.1851272 -0.03484539 0.9789123 
1311875822.037319 0.02988827 0.04658677 -0.1829325 0.0806399 0.1845519 -0.03683869 0.9782278 
1311875822.069406 0.03140138 0.04729252 -0.1858246 0.08880069 0.1844385 -0.03913764 0.9774528 
1311875822.101386 0.03230968 0.04880317 -0.1895035 0.09727367 0.1865982 -0.04211274 0.9761118 
1311875822.137388 0.03315513 0.04918886 -0.1911883 0.1044232 0.1892808 -0.0445681 0.9747467 
1311875822.169302 0.03362495 0.04938749 -0.1933701 0.1099838 0.1910826 -0.04566716 0.9737322 
1311875822.201427 0.03549657 0.04991181 -0.1962802 0.1146826 0.1924462 -0.0445248 0.9729742 
1311875822.237409 0.06354544 0.0348895 -0.1893659 0.113302 0.179031 -0.03257562 0.9714486 
1311875822.269246 0.03536729 0.04568889 -0.1910611 0.1261986 0.1957853 -0.03267985 0.9713511 
1311875822.301434 0.06215309 0.03025371 -0.1876527 0.1303306 0.1792034 -0.01695093 0.9696781 
1311875822.337320 0.06289166 0.03336151 -0.1896495 0.1447385 0.1767582 -0.01236152 0.9681516 
1311875822.369224 0.06510389 0.03599034 -0.194812 0.1555416 0.1759419 -0.01009243 0.96665 
1311875822.401430 0.06701055 0.03777031 -0.1999849 0.1613959 0.1780244 -0.007670115 0.9653304 
1311875822.437286 0.06855858 0.03771184 -0.2032231 0.1646647 0.1817718 -0.006312952 0.964089 
1311875822.469462 0.07013276 0.04005448 -0.2105823 0.1667381 0.1874445 -0.005822189 0.9626484 
1311875822.501511 0.07292766 0.04299101 -0.2160195 0.1653071 0.1943864 -0.004736654 0.9615238 
1311875822.537448 0.07397871 0.04000594 -0.2122419 0.1632415 0.2026877 -0.003717128 0.9601662 
1311875822.569393 0.07499147 0.03769978 -0.209486 0.1652625 0.2107016 -0.002805548 0.9580961 
1311875822.601412 0.1063274 0.04167401 -0.2251542 0.2149085 0.2644879 -0.0006556782 1.231482 
1311875822.637171 0.08393859 0.04204176 -0.2205018 0.1682199 0.2285586 -0.002639506 0.9534773 
1311875822.669390 0.1183422 0.04292106 -0.2328385 0.215448 0.2946354 -0.003221323 1.22452 
1311875822.701409 0.1166331 0.04552396 -0.2355714 0.2156685 0.3158517 -0.005592983 1.219172 
1311875822.737226 0.1103539 0.04741575 -0.235698 0.212388 0.3366338 -0.007654594 1.214165 
1311875822.769413 0.1067184 0.04802213 -0.2345986 0.2072095 0.3522259 -0.008716443 1.210625 
1311875822.801442 0.1088065 0.04584206 -0.2322964 0.2035526 0.3607218 -0.009224966 1.208738 
1311875822.837409 0.1147617 0.04374935 -0.2320996 0.2040263 0.3625409 -0.01206797 1.208089 
1311875822.869385 0.1306577 0.04565675 -0.2402933 0.2128616 0.3669838 -0.01912113 1.2432 
1311875822.905361 0.1185717 0.04583395 -0.2367896 0.2090543 0.3689191 -0.0192241 1.205202 
1311875822.937415 0.1354354 0.04631527 -0.2438187 0.216839 0.3767628 -0.02660603 1.239444 
1311875822.969384 0.1361917 0.04563175 -0.2435904 0.2205226 0.3835986 -0.03181611 1.236571 
1311875823.005373 0.1363057 0.04563116 -0.2434844 0.2251179 0.3880817 -0.0374255 1.234185 
1311875823.037348 0.1369238 0.04528115 -0.243194 0.2298853 0.3907692 -0.04263463 1.232288 
1311875823.069281 0.1377151 0.04496709 -0.2433356 0.2356464 0.3929922 -0.04856048 1.230272 
1311875823.105353 0.1378086 0.04731879 -0.2465724 0.2411453 0.3935797 -0.05530774 1.228733 
1311875823.137387 0.1361 0.04983917 -0.2494725 0.2435797 0.3950983 -0.06066194 1.227512 
1311875823.169347 0.142658 0.04902147 -0.2510976 0.2444649 0.396961 -0.06518862 1.226503 
1311875823.205273 0.144971 0.04823066 -0.2511397 0.2479846 0.4029335 -0.06916087 1.223628 
1311875823.237313 0.1427348 0.04964271 -0.2520395 0.2523526 0.4087909 -0.07221638 1.220611 
1311875823.269364 0.143944 0.04848173 -0.2507506 0.2560318 0.4128092 -0.07289657 1.218451 
1311875823.305353 0.1466293 0.04655427 -0.2493444 0.2630087 0.4148192 -0.0742738 1.216197 
1311875823.337418 0.1455578 0.04902003 -0.2523542 0.2713769 0.4154509 -0.07558884 1.21406 
1311875823.369507 0.1461155 0.0494601 -0.2530911 0.2777484 0.4170464 -0.07465355 1.212128 
1311875823.405287 0.146021 0.05001069 -0.2538469 0.2853096 0.4178148 -0.07243078 1.210241 
1311875823.437196 0.1451433 0.05237707 -0.2565601 0.2913557 0.4166205 -0.07136931 1.209275 
1311875823.469261 0.1448352 0.05494359 -0.2597136 0.2952928 0.4159466 -0.06961893 1.208653 
1311875823.505350 0.1487497 0.05538259 -0.2623399 0.2971112 0.4167177 -0.06813089 1.208027 
1311875823.537240 0.150103 0.05712449 -0.2655529 0.298334 0.4201281 -0.06964698 1.206457 
1311875823.569219 0.1521105 0.05572497 -0.2644619 0.2986206 0.4261431 -0.0715714 1.204161 
1311875823.605402 0.1497156 0.0568159 -0.2646715 0.3013426 0.429985 -0.07278435 1.202043 
1311875823.637318 0.1520122 0.056468 -0.2652791 0.3030844 0.4304646 -0.07493848 1.201301 
1311875823.669552 0.1542556 0.05598058 -0.2657986 0.306006 0.4315498 -0.0784387 1.199947 
1311875823.705691 0.1563476 0.05590302 -0.2668629 0.3105301 0.4335326 -0.08112072 1.19789 
1311875823.737219 0.1524204 0.05952345 -0.2697339 0.3156896 0.4361171 -0.0813986 1.195582 
1311875823.769221 0.1497524 0.06456347 -0.2751785 0.3166318 0.4367422 -0.07963021 1.195223 
1311875823.805375 0.1524078 0.06639969 -0.2794369 0.3126311 0.4400117 -0.07751363 1.195216 
1311875823.837256 0.1551407 0.06674579 -0.2811546 0.3079484 0.4477571 -0.07597257 1.193654 
1311875823.869401 0.1541803 0.06747411 -0.281593 0.3039625 0.456876 -0.07433954 1.19132 
1311875823.905338 0.1536607 0.06759781 -0.2814309 0.2996498 0.4646084 -0.07174416 1.18958 
1311875823.937205 0.1573101 0.06320898 -0.2771672 0.2908645 0.4614399 -0.06845026 1.164693 
1311875823.969207 0.1549459 0.06599136 -0.2791043 0.2977256 0.4739707 -0.06408939 1.186804 
1311875824.005440 0.1568071 0.0643221 -0.2783958 0.2912531 0.4669511 -0.06136469 1.162792 
1311875824.037154 0.1564406 0.06540668 -0.2797231 0.2904953 0.4686519 -0.05793108 1.162474 
1311875824.069436 0.1569588 0.06656155 -0.2815913 0.2888275 0.4703702 -0.05398206 1.162385 
1311875824.105300 0.1578099 0.0665686 -0.2820683 0.2862954 0.4735916 -0.05065069 1.161854 
1311875824.137429 0.1577278 0.06748837 -0.2833843 0.2836521 0.476879 -0.04832184 1.161256 
1311875824.169373 0.1568571 0.06891588 -0.2849651 0.2801039 0.4804578 -0.04455526 1.160793 
1311875824.205456 0.1566157 0.06981292 -0.2861839 0.2753499 0.4836021 -0.03972733 1.1608 
1311875824.237218 0.1572323 0.07063285 -0.2876949 0.2697993 0.4872691 -0.0351241 1.160718 
1311875824.269202 0.157519 0.07065994 -0.287887 0.263373 0.4916183 -0.03169184 1.160459 
1311875824.305386 0.1566595 0.0719401 -0.2892683 0.2565553 0.495165 -0.02777344 1.160579 
1311875824.337362 0.1555059 0.07386991 -0.2922523 0.2474647 0.4989449 -0.02296991 1.161039 
1311875824.369269 0.1572125 0.07325767 -0.2921833 0.23657 0.5043708 -0.0185596 1.161044 
1311875824.405357 0.1589381 0.07250316 -0.2918605 0.2266539 0.5100023 -0.01453203 1.16062 
1311875824.437263 0.158616 0.07441655 -0.2947322 0.216397 0.5155144 -0.01083157 1.160183 
1311875824.469299 0.1623134 0.07267906 -0.2960066 0.2110848 0.5447116 -0.009038621 1.209197 
1311875824.505277 0.162432 0.0751226 -0.2969955 0.1902483 0.5323933 -0.003268657 1.157184 
1311875824.537149 0.1660344 0.07157056 -0.2952721 0.1826088 0.5670599 -0.001683604 1.203579 
1311875824.569150 0.1688307 0.06881694 -0.291025 0.1702512 0.5758946 0.0005801858 1.201194 
1311875824.605351 0.171684 0.06647092 -0.2877613 0.1620297 0.5788122 0.002152138 1.200927 
1311875824.637339 0.1741534 0.06091812 -0.2858087 0.1572606 0.5777043 0.004710344 1.202087 
1311875824.669198 0.1762456 0.06021224 -0.2855669 0.1572713 0.5760117 0.003912856 1.2029 
1311875824.705237 0.176796 0.0645001 -0.2868719 0.1571603 0.5752243 0.002627147 1.203295 
1311875824.737357 0.1788728 0.06757136 -0.2875378 0.15113 0.5762411 0.002847356 1.20358 
1311875824.769384 0.1804571 0.0672529 -0.2878549 0.1420617 0.5794223 0.005496497 1.203148 
1311875824.805424 0.1823776 0.0649381 -0.2853378 0.0983913 0.443464 0.003451733 0.9091086 
1311875824.837314 0.1847315 0.06484253 -0.2867126 0.1245421 0.589651 0.009147886 1.200094 
1311875824.869518 0.1851726 0.06284373 -0.2839296 0.08710906 0.450905 0.005799513 0.906584 
1311875824.905267 0.1862016 0.06207294 -0.2834113 0.08278892 0.4533329 0.007413317 0.9057658 
1311875824.937421 0.1873671 0.06194691 -0.2837622 0.07886424 0.4558042 0.009704299 0.9048537 
1311875824.969404 0.1889119 0.06140064 -0.2836866 0.07416722 0.4593 0.01164506 0.9034592 
1311875825.005409 0.1915035 0.06007282 -0.2831619 0.06978679 0.4634921 0.0129688 0.9016474 
1311875825.037511 0.1929225 0.05890172 -0.282338 0.06746148 0.4680183 0.01447829 0.8994607 
1311875825.069204 0.1938037 0.05808157 -0.2818081 0.06640639 0.4712128 0.01696335 0.8978265 
1311875825.105145 0.194027 0.0582137 -0.2823042 0.06513612 0.4730479 0.01967263 0.8968988 
1311875825.137167 0.1944708 0.05821225 -0.2830718 0.06198006 0.4741646 0.02395083 0.8964286 
1311875825.169346 0.1997245 0.06625778 -0.2793237 0.05972708 0.4759137 0.02553121 0.8956106 
1311875825.205208 0.2013457 0.06613679 -0.2793526 0.05325783 0.4788611 0.03017168 0.8943024 
1311875825.237309 0.2027698 0.06583803 -0.2789302 0.04695915 0.4827289 0.0349666 0.8923992 
1311875825.269293 0.2045799 0.06228265 -0.276752 0.03233294 0.3961023 0.03135696 0.7238405 
1311875825.305378 0.2062823 0.06242907 -0.2763921 0.03663248 0.4889921 0.0439699 0.8890685 
1311875825.337407 0.2072139 0.06101737 -0.274299 0.02613117 0.3987266 0.03780282 0.7223407 
1311875825.369220 0.2082597 0.06187396 -0.2739655 0.02324862 0.3981379 0.04042932 0.7226216 
1311875825.405312 0.2101064 0.06291826 -0.2740342 0.01901844 0.3978989 0.04288342 0.7227355 
1311875825.437231 0.2117334 0.06287959 -0.2737842 0.01321174 0.3981839 0.04638972 0.7224914 
1311875825.469207 0.2136374 0.06110288 -0.2732536 0.007331598 0.3987654 0.05030092 0.7219924 
1311875825.505339 0.2164074 0.05616347 -0.2718732 0.003868327 0.3995752 0.05566482 0.7211775 
1311875825.537268 0.2181625 0.05478987 -0.2710446 0.004865129 0.3990759 0.05976144 0.7211201 
1311875825.569385 0.2195177 0.05485519 -0.2708446 0.005818522 0.3972532 0.06284488 0.7218569 
1311875825.605589 0.2206261 0.05688075 -0.271018 0.00630145 0.3966462 0.06429439 0.7220589 
1311875825.637126 0.2222746 0.05869765 -0.2708651 0.005662966 0.3974161 0.0662446 0.7214644 
1311875825.669344 0.2239363 0.05901355 -0.2702746 0.003078448 0.3985836 0.06911974 0.7205657 
1311875825.705195 0.2257167 0.05880363 -0.2693693 -0.000666229 0.3991633 0.0727497 0.7198934 
1311875825.737265 0.2277368 0.05772023 -0.2687351 -0.004937064 0.3992566 0.07566944 0.719524 
1311875825.769191 0.2306599 0.05239056 -0.2677881 -0.009660051 0.399485 0.07938935 0.7189482 
1311875825.805399 0.23248 0.05285062 -0.2671969 -0.01111017 0.3990897 0.08089725 0.7189787 
1311875825.837228 0.2343041 0.05325927 -0.2665933 -0.01350801 0.3981908 0.08125198 0.719396 
1311875825.869365 0.2363095 0.05564199 -0.2661728 -0.01559443 0.3978076 0.07946891 0.7197648 
1311875825.905343 0.2380621 0.05714953 -0.2658744 -0.01794749 0.3991758 0.07752948 0.7191638 
1311875825.937146 0.2400417 0.05822082 -0.2655915 -0.02168166 0.4014396 0.07590365 0.7179733 
1311875825.969306 0.2422417 0.05709877 -0.2650308 -0.02643645 0.4035852 0.07620376 0.7165779 
1311875826.005306 0.2447928 0.05603271 -0.2644673 -0.02979977 0.4051923 0.07600373 0.7155595 
1311875826.037226 0.2470621 0.05549465 -0.2640866 -0.03147468 0.4072231 0.07359309 0.7145863 
1311875826.069278 0.2490256 0.05514726 -0.2636878 -0.0330441 0.4093224 0.07162603 0.7135151 
1311875826.105347 0.2510843 0.05487073 -0.2633663 -0.03538946 0.4110342 0.07044164 0.7125358 
1311875826.137157 0.2532346 0.05448363 -0.2629133 -0.03758833 0.4126336 0.06985068 0.7115563 
1311875826.169309 0.2555005 0.05390347 -0.2624388 -0.03929083 0.4141565 0.06931024 0.7106318 
1311875826.205293 0.2594361 0.05207118 -0.2623438 -0.03321498 0.3353098 0.05634741 0.574044 
1311875826.237311 0.2593411 0.05379555 -0.2614782 -0.04229537 0.4163529 0.06861459 0.709242 
1311875826.269358 0.2635371 0.05127148 -0.2613206 -0.03460886 0.3374137 0.05525857 0.5728334 
1311875826.305323 0.2654732 0.05053925 -0.2609449 -0.03448325 0.3382827 0.05473696 0.5723784 
1311875826.337299 0.2670714 0.05039429 -0.2604647 -0.03363127 0.3387169 0.05416144 0.5722271 
1311875826.369323 0.2684097 0.04961935 -0.2602259 -0.03262081 0.3388621 0.05360214 0.5722523 
1311875826.405372 0.2694198 0.04930718 -0.2601003 -0.03191414 0.3387581 0.05331611 0.5723804 
1311875826.437308 0.2704712 0.04906053 -0.2599796 -0.03166489 0.3386297 0.05365538 0.5724385 
1311875826.469302 0.2717237 0.04895266 -0.2599277 -0.03164435 0.3387043 0.05442923 0.5723224 
1311875826.505419 0.2733434 0.0482983 -0.2592932 -0.03180657 0.33877 0.05612866 0.5721104 
1311875826.537291 0.2752952 0.04733427 -0.2585869 -0.03196675 0.3379191 0.05845265 0.5723719 
1311875826.569335 0.2771558 0.04744887 -0.2578387 -0.03078499 0.3368375 0.05968259 0.572947 
1311875826.605387 0.2793667 0.04677901 -0.2570624 -0.0285975 0.335685 0.06037331 0.5736639 
1311875826.637287 0.2813009 0.04608972 -0.2563302 -0.02488729 0.3337914 0.06053133 0.5749238 
1311875826.669324 0.2830733 0.0456648 -0.2557549 -0.01973854 0.331475 0.06039991 0.5764755 
1311875826.705269 0.2849331 0.04641957 -0.2554138 -0.01298735 0.3298646 0.0582231 0.5778133 
1311875826.737313 0.2866252 0.0458542 -0.2550315 -0.004907847 0.3291017 0.05616968 0.5785762 
1311875826.769310 0.2872389 0.0452818 -0.2551891 0.002931153 0.3265667 0.05576602 0.5800631 
1311875826.805378 0.2889652 0.04575453 -0.2547795 0.01150308 0.322806 0.0555643 0.5820774 
1311875826.837165 0.2907275 0.04729657 -0.2540591 0.01892953 0.3202782 0.05405877 0.5834198 
1311875826.869298 0.29248 0.04742582 -0.2536076 0.0246131 0.3188276 0.05335486 0.5840667 
1311875826.905282 0.2925382 0.05573601 -0.2505666 0.04007723 0.3940059 0.06266313 0.722563 
1311875826.937229 0.296026 0.05437161 -0.249821 0.04367855 0.3931992 0.06120546 0.7229186 
1311875826.969406 0.300073 0.05021208 -0.2489614 0.04787574 0.3950276 0.05858737 0.7218722 
1311875827.005461 0.3030256 0.04366343 -0.2485261 0.05536731 0.3962153 0.05794869 0.7207362 
1311875827.037453 0.3052933 0.04380424 -0.2476495 0.06485816 0.3960869 0.05327846 0.7203754 
1311875827.069474 0.3082659 0.04609532 -0.2485272 0.07152738 0.3975463 0.04609949 0.7194348 
1311875827.105464 0.3110402 0.04676379 -0.2486615 0.07610937 0.4026277 0.03894928 0.7165557 
1311875827.137215 0.3132833 0.0481637 -0.2474165 0.07992211 0.4083571 0.03278711 0.7131989 
1311875827.169316 0.3156282 0.04799289 -0.2465217 0.08217516 0.4134026 0.02826199 0.7102236 
1311875827.205293 0.3167252 0.04510764 -0.2474171 0.07324323 0.3569624 0.0212714 0.6040858 
1311875827.237424 0.3187239 0.04439409 -0.2462142 0.07920342 0.360511 0.01723396 0.6013489 
1311875827.269136 0.3204284 0.04558897 -0.2450862 0.08470397 0.3630173 0.0136118 0.5991805 
1311875827.305291 0.3221599 0.04484397 -0.2448944 0.08877085 0.3651102 0.01111128 0.597369 
1311875827.337195 0.3242485 0.04418533 -0.2449397 0.09307013 0.3672182 0.008347827 0.5954645 
1311875827.369215 0.3261173 0.04715553 -0.2442472 0.09772935 0.369358 0.006089564 0.5934185 
1311875827.405273 0.3262723 0.04738225 -0.2442856 0.09865809 0.371918 0.005589761 0.5916682 
1311875827.437248 0.3297065 0.0467579 -0.2440195 0.0993848 0.3744439 0.004990786 0.5899563 
1311875827.469084 0.3316357 0.04936062 -0.2432062 0.1020013 0.3772331 0.003914966 0.5877367 
1311875827.505280 0.3326704 0.05202332 -0.2463055 0.101957 0.3788497 0.003182527 0.5867081 
1311875827.537108 0.3403711 0.05904746 -0.2577427 0.1000627 0.3783355 -0.0002122031 0.5873743 
1311875827.569323 0.348679 0.06669871 -0.2783005 0.09573008 0.3769634 -0.005078376 0.5889545 
1311875827.605252 0.3490345 0.06805394 -0.278536 0.08895941 0.3841318 -0.005589518 0.5853688 
1311875827.637256 0.3430705 0.07459783 -0.2860737 0.08350339 0.3855963 -0.006538842 0.5851998 
