1311875132.418527 9.84584431597677e-05 -6.72239207649113e-05 8.69099485918076e-05 -3.31669970300926e-05 -6.50667454579377e-05 3.25676281028679e-05 0.999999996802809
1311875132.682719 -0.00303295003024218 0.00309965572195541 0.00280268149662266 -0.0120106845870757 0.00972224226774752 0.00326915467538893 0.999875259264247
1311875132.718627 -0.00420271925452155 0.00249402595984398 0.00335367857240016 -0.011354761113067 0.012587421196958 0.00541803121513922 0.999841623041083
1311875133.382492 -0.00316642293507421 0.00480504816241339 0.0292257010208193 0.0103034960462571 -0.0090842361199279 0.0160836572957065 0.999776290272647
1311875133.850355 0.0107985358797624 0.00806745232540392 0.0547987753390042 0.0236919327659556 -0.0405161871036714 0.00987153308222668 0.998849179675791
1311875134.882434 -0.01238583365824 -0.0024938009180049 0.0956566993338435 0.0182543276610872 -0.0308562327401849 -0.000385259871861699 0.999357055309841
1311875135.650414 -0.035359942253925 -0.000219524075298512 0.128454050690921 0.015798024848404 -0.0435312989944332 0.00284872337666709 0.998923086725835
1311875135.882260 -0.0448226696220885 0.00635959738942481 0.143533662512221 0.00300782931225671 -0.0634486955893837 0.00292320475593202 0.997976287726712
1311875136.050380 -0.0491624134843622 -0.00215596627921152 0.157126074238951 -0.00371301656888972 -0.0935954771216814 0.004575899084978 0.995592869258257
1311875136.518664 -0.0606941008249009 -0.00326852262701857 0.184429211247028 -0.00448189684190856 -0.1195509388713 -0.00497870803957686 0.99280546839849
1311875136.882365 -0.0867371132749958 -0.00582781621650793 0.204557307249411 -0.00129569941856084 -0.126690103160586 -0.0138188211510102 0.991845239493629
1311875137.150552 -0.108550078426611 -0.0107363039507656 0.216449568300431 -0.00694777328425889 -0.143547876265796 0.00172338510974752 0.989617484490717
1311875137.318512 -0.121871377198835 -0.00951646193165727 0.220579637964271 -0.0103771947582196 -0.168311612990101 0.00966951181312553 0.985631784848133
1311875137.482380 -0.133471818597587 -0.0104527202088574 0.230042784815661 -0.0198626788897952 -0.194585508320987 0.00713411153669614 0.980658482037129
1311875137.618499 -0.145250773758804 -0.0113985412232112 0.236446165672578 -0.0144174153090445 -0.221345739881125 0.00480284791258737 0.975076988870219
1311875137.850436 -0.159331577429729 -0.010964894317722 0.251381817634225 -0.005982585619381 -0.248877783788287 0.00676314888485855 0.968492807006381
1311875138.050295 -0.172599519128395 -0.0134706794568064 0.262765925141679 -0.000289023292570253 -0.281134441225982 0.010067883030112 0.95961553767818
1311875138.286294 -0.184513253622729 -0.00940195335754443 0.268848101269879 -0.000252856034786696 -0.313534739821129 0.0114147725467645 0.949508086304076
1311875138.450493 -0.194280277629824 -0.00897970118138974 0.272174089984808 -0.00564811696777969 -0.344931959570418 0.00569255177446536 0.938593435357357
1311875138.650284 -0.208224063650493 -0.00852560085915457 0.274003144644744 -0.0103924176894429 -0.375225326004441 0.00344225962370061 0.926868978458181
1311875138.886218 -0.223876485978887 -0.00781499523487138 0.269650612034739 -0.0101082866124614 -0.399123677587651 0.00392164602583785 0.916832990911168
1311875139.118479 -0.239743970873753 -0.00977520705001433 0.265647765790249 -0.00974663675413296 -0.416859702888003 0.0139406069079951 0.908811669521879
1311875139.351945 -0.253575680971969 -0.00899364154496064 0.256055275738124 -0.0109212175513371 -0.437200806313722 0.0194797643720289 0.899086603584904
1311875139.518202 -0.260748874404923 -0.00918247618625415 0.248570923144847 -0.0200490176921837 -0.456646924313957 0.0192567857682417 0.889213584919876
1311875139.686272 -0.270203969935009 -0.00949035436472524 0.248799844731254 -0.0282209863483024 -0.486240077234945 0.0143633939334092 0.873251313274018
1311875139.886305 -0.276095457378041 -0.0102717969892197 0.245337957201377 -0.0242249163582344 -0.515267695409313 0.012608937031549 0.856594052163536
1311875140.118296 -0.288232692974544 -0.0107993323884347 0.244691524588724 -0.0258810612646662 -0.547525566164081 0.01765771145224 0.836202206580912
1311875140.386281 -0.300150996597278 -0.00864377270012805 0.243247298097034 -0.0308546274804657 -0.578843916975142 0.0135248218317501 0.814742162244189
1311875140.586349 -0.309442241077139 -0.00836660935270697 0.242356867860902 -0.021923771259503 -0.605658612997594 0.0125361476353161 0.795323731418884
1311875140.819184 -0.315989482579336 -0.00697792371095627 0.241158327953597 -0.0209901726781704 -0.636262959586023 0.0178671155539262 0.770979652838879
1311875141.018136 -0.321921662992046 -0.00690212654768505 0.236121437772918 -0.0260801089091003 -0.66804124853432 0.0154975667009957 0.743505577384827
1311875141.186458 -0.325518206844568 -0.00685789328426655 0.234067214929783 -0.0310152529758737 -0.692376796893612 0.0182159697158226 0.720639024514699
1311875141.386340 -0.330710053028746 -0.00673496243988611 0.226688436482348 -0.0321479502760286 -0.717363322112844 0.0184159931342767 0.695713464421347
1311875141.650206 -0.336704882147081 -0.00715455136427496 0.216505120754647 -0.0298787026866296 -0.74310842840921 0.0205290536635632 0.668188360201401
1311875142.050245 -0.336032762836343 -0.00864633089826272 0.201145338498262 -0.0280299424489115 -0.76600878640066 0.0236468521293763 0.641783209399928
1311875142.418165 -0.344169668610019 -0.00776903009767807 0.184295211777501 -0.0392864811936045 -0.783042288486052 0.0173673750119264 0.62048345757413
1311875142.686174 -0.35961191749229 -0.00914166776254599 0.169732003231504 -0.0364060662149778 -0.802113637713138 0.0250124192039921 0.595535632370484
1311875143.018171 -0.382866465036515 -0.00794129029178592 0.150592130949661 -0.0453700483978775 -0.831230539638146 0.0277501683770104 0.553378059590636
1311875143.186146 -0.395845503399198 -0.00862334305666528 0.139007825537896 -0.0422484435893453 -0.848781430095802 0.0262305484164445 0.526400143682138
1311875143.518290 -0.41914804229651 -0.00946270868655631 0.12042437854094 -0.0381309419236611 -0.865844407682164 0.0258936686687048 0.498185719261816
1311875144.422206 -0.446453515466262 -0.013580849070367 0.049286806633026 -0.047768311907974 -0.881833415257594 0.0322287763930091 0.46802705272751
1311875144.652175 -0.448929123509997 -0.015452799834468 0.030573098981247 -0.0510209959230009 -0.89390877039683 0.0335313530610841 0.444071634474153
1311875144.852296 -0.451512334304647 -0.0150685742354183 0.0178281880433729 -0.050348697433026 -0.910605904336934 0.0361318539269894 0.408602967176342
1311875145.225415 -0.460674401595941 -0.0153803912259304 -0.0105160110879523 -0.051304760607293 -0.939486302992283 0.0312410631475111 0.337279267080463
1311875145.386101 -0.464093665361444 -0.0139423109416467 -0.0226075423331921 -0.0533645319157553 -0.951891437785472 0.0295317523278449 0.30030450048004
