1311876800.398168 0 0 0 0 0 0 1 
1311876800.430058 -5.390662e-06 6.869854e-05 -4.077276e-06 2.274768e-05 3.784996e-06 -1.857782e-05 1 
1311876800.467526 1.665252e-05 4.900835e-05 -1.60758e-05 1.606208e-05 2.355534e-05 -2.421783e-06 1 
1311876800.499177 -2.265509e-05 2.220507e-05 1.659372e-06 7.306482e-06 4.064884e-05 -7.808875e-06 1 
1311876800.550588 -1.933475e-05 7.029678e-05 5.383446e-06 2.480623e-05 2.42925e-05 -7.480965e-06 1 
1311876800.584578 -9.6628e-06 8.883596e-05 1.89029e-05 3.539637e-05 6.414259e-06 -4.346807e-07 1 
1311876800.626767 -2.571186e-05 0.0001008184 -2.57279e-05 3.490841e-05 -5.029513e-06 1.382246e-05 1 
1311876800.669072 -2.571186e-05 0.0001008184 -2.57279e-05 3.490841e-05 -5.029513e-06 1.382246e-05 1 
1311876800.699136 6.133974e-05 5.307455e-05 -2.398354e-05 1.452807e-05 -4.028692e-05 -2.414454e-05 1 
1311876800.730907 -6.011619e-06 7.028652e-05 8.882092e-06 2.024459e-05 -2.245721e-06 4.018576e-06 1 
1311876800.767879 -3.323906e-05 0.0001120444 1.044476e-05 4.331652e-05 5.375482e-06 -2.598886e-06 1 
1311876800.819443 -8.41093e-06 5.133382e-05 5.37906e-06 1.627009e-05 1.734415e-05 -1.037793e-05 1 
1311876800.862919 -6.311404e-06 0.0001039576 2.180654e-05 3.611144e-05 3.26259e-06 8.970075e-06 1 
1311876800.894672 -5.160827e-05 0.0001168895 -1.297372e-05 3.712312e-05 1.809176e-05 -4.128083e-07 1 
1311876800.930094 -2.562224e-05 6.234514e-05 -1.662856e-06 1.607869e-05 4.732746e-06 2.031528e-05 1 
1311876800.965940 -1.682251e-05 9.853368e-05 1.287746e-05 3.741501e-05 -8.308916e-06 1.73338e-06 1 
1311876801.000625 -1.601891e-05 6.475359e-05 -3.481797e-05 1.350957e-05 3.765246e-06 -1.314583e-05 1 
1311876801.030613 -2.20195e-05 8.841855e-05 5.477896e-06 2.952473e-05 -2.006797e-06 -9.822776e-06 1 
1311876801.094705 1.65425e-05 0.0001808414 2.991383e-05 7.368093e-05 -1.464273e-05 -1.399214e-05 1 
1311876801.131759 -2.826701e-05 3.060068e-05 -1.456777e-05 -3.19301e-06 -4.628925e-06 1.558132e-06 1 
1311876801.167161 -2.826701e-05 3.060068e-05 -1.456777e-05 -3.19301e-06 -4.628925e-06 1.558132e-06 1 
1311876801.226755 -6.753415e-05 5.233539e-05 -1.481514e-05 3.88415e-06 1.072656e-05 8.225777e-06 1 
1311876801.269894 -5.886463e-05 7.93817e-05 9.124896e-07 1.526818e-05 6.486611e-06 2.15064e-05 1 
1311876801.299344 -2.50846e-05 0.0001257165 1.23135e-05 4.489226e-05 -1.119168e-05 -2.234243e-05 1 
1311876801.351680 -4.06653e-05 4.673208e-05 -3.316364e-05 -7.39039e-07 7.947042e-07 8.699789e-06 1 
1311876801.387394 -4.06653e-05 4.673208e-05 -3.316364e-05 -7.39039e-07 7.947042e-07 8.699789e-06 1 
1311876801.432714 -4.552258e-05 0.0001011647 1.078223e-05 2.780827e-05 -6.427695e-06 6.848772e-06 1 
1311876801.470435 -2.222502e-05 8.656523e-05 -1.551924e-05 1.379906e-05 -1.928068e-05 2.188166e-05 1 
1311876801.495114 7.164025e-06 4.496025e-05 1.6422e-05 7.467335e-06 -2.908722e-05 -4.343544e-06 1 
1311876801.551613 -3.257397e-05 7.737147e-05 -1.114179e-05 1.615272e-05 -1.028808e-05 1.652291e-05 1 
1311876801.587561 -7.646278e-05 5.900953e-05 -4.736505e-05 2.521983e-05 -3.143166e-05 -1.942678e-05 1 
1311876801.630278 -9.523337e-05 7.174502e-05 -3.197577e-05 1.975218e-05 -4.025835e-05 -3.697647e-05 1 
1311876801.688018 -9.523337e-05 7.174502e-05 -3.197577e-05 1.975218e-05 -4.025835e-05 -3.697647e-05 1 
1311876801.752750 -9.523337e-05 7.174502e-05 -3.197577e-05 1.975218e-05 -4.025835e-05 -3.697647e-05 1 
1311876801.763774 -0.0002855487 0.000132474 7.799708e-05 -6.291054e-06 -0.000133771 -0.0001188602 1 
1311876801.799465 -0.0006344928 -0.0003102995 1.728592e-06 -0.0001845902 -0.0004245577 0.0002267187 0.9999999 
1311876801.830965 -0.0007406163 -0.000104152 2.513001e-05 1.743116e-05 -0.001811675 0.0001469572 0.9999983 
1311876801.867700 -0.000333905 0.0003233712 -0.0001364734 0.0001185928 -0.003391798 -0.0001070341 0.9999942 
1311876801.919866 -0.001127187 -0.0008564524 7.331406e-05 -0.0002275633 -0.00410025 -8.861239e-05 0.9999916 
1311876801.987874 -0.001027928 -0.007271125 -0.001570292 -0.002375633 -0.007660581 -0.0001155414 0.9999678 
1311876802.063381 -0.001926033 -0.0003063387 0.001047382 -8.160952e-05 -0.0138831 -0.001337732 0.9999027 
1311876802.151775 -0.002737418 -0.0003360275 0.001764056 -0.0006608005 -0.02005311 -0.00166996 0.9997973 
1311876802.201191 -0.007642927 -0.005017967 0.001053741 -0.003332498 -0.02459369 -0.001921044 0.9996901 
1311876802.251654 -0.009483365 -0.006157824 0.001183489 -0.002855038 -0.02738792 -0.002443613 0.9996178 
1311876802.319528 -0.01101567 -0.007021567 0.0009205619 -0.001682765 -0.03455601 -0.003606659 0.9993948 
1311876802.384395 -0.01318552 -0.005578198 0.002946604 0.0008151725 -0.0425984 -0.005135368 0.9990787 
1311876802.433363 -0.01474994 0.0005960541 0.00460827 0.001050977 -0.05108322 -0.00598192 0.9986759 
1311876802.494648 -0.01466279 -0.001249894 0.007635791 -0.0007177348 -0.06003351 -0.007246661 0.9981698 
1311876802.532193 -0.01494583 -0.0001045909 0.009200507 -0.0005781858 -0.0634073 -0.007772742 0.9930138 
1311876802.587849 -0.02114136 -0.0007924212 0.009166516 -0.0004094416 -0.06470436 -0.007981126 0.9978725 
1311876802.626728 -0.01496257 0.001177744 0.01174924 0.0009285951 -0.07418009 -0.01006118 0.9922463 
1311876802.694713 -0.01722041 0.002186768 0.01348049 0.002260294 -0.08012474 -0.01098575 0.991772 
1311876802.755016 -0.01834801 0.002914784 0.01432668 0.002796881 -0.08329874 -0.01139348 0.9915045 
1311876802.819205 -0.01994703 0.002963377 0.016337 0.003286569 -0.08994523 -0.01178205 0.9909176 
1311876802.852929 -0.02021321 0.004274259 0.01723575 0.003725545 -0.09364187 -0.01234506 0.9905667 
1311876802.883942 -0.02099546 0.004706072 0.01809591 0.004032423 -0.09723386 -0.01285654 0.9902129 
1311876802.916598 -0.02146759 0.005302689 0.01902325 0.004654534 -0.1007977 -0.01348403 0.9898454 
1311876802.953446 -0.02209924 0.005376869 0.02041662 0.00568563 -0.1043444 -0.01398151 0.9894655 
1311876802.988212 -0.02262532 0.00605539 0.02123876 0.00876403 -0.108227 -0.01439964 0.9890199 
1311876803.054696 -0.02357669 0.007234416 0.022115 0.00985256 -0.1153065 -0.01473449 0.9882043 
1311876803.084170 -0.02348776 0.0112049 0.0247602 0.009801445 -0.1196862 -0.01563187 0.9876702 
1311876803.118344 -0.02479768 0.008876825 0.02598306 0.00918922 -0.1231856 -0.01614507 0.9872374 
1311876803.153709 -0.02555891 0.007947134 0.02558086 0.008774649 -0.1261614 -0.01620366 0.9868644 
1311876803.202878 -0.02686505 0.009541367 0.02876978 0.008909185 -0.1327332 -0.01764756 0.9828449 
1311876803.231775 -0.02732913 0.01056522 0.02952731 0.009419406 -0.1361733 -0.01802898 0.9854951 
1311876803.301791 -0.02888122 0.009953402 0.03112337 0.01014255 -0.1419615 -0.018685 0.9815233 
1311876803.362647 -0.03014307 0.01018964 0.03285073 0.009977368 -0.1486185 -0.01949489 0.9805233 
1311876803.419612 -0.03084945 0.0102035 0.03391214 0.009847429 -0.1519114 -0.01991786 0.9800113 
1311876803.462684 -0.0322823 0.009938864 0.03600193 0.00880507 -0.1586982 -0.02113578 0.9789196 
1311876803.494765 -0.03315192 0.009608623 0.03770741 0.009885452 -0.162645 -0.02181846 0.9782463 
1311876803.530164 -0.03312818 0.01024018 0.03797087 0.01130514 -0.1663293 -0.02228064 0.9776008 
1311876803.565720 -0.03398879 0.01020944 0.03902284 0.01071535 -0.1695203 -0.02295127 0.9770436 
1311876803.619383 -0.03477628 0.01014014 0.04002537 0.01030868 -0.1729346 -0.02366507 0.9764324 
1311876803.701165 -0.03666105 0.0100743 0.04283839 0.008377362 -0.1832424 -0.02569639 0.9745177 
1311876803.727658 -0.03833387 0.009913141 0.04429714 0.009223516 -0.1868317 -0.02616466 0.9738158 
1311876803.768974 -0.03828695 0.01038734 0.04500325 0.008188282 -0.1648671 -0.02312272 0.8419901 
1311876803.799699 -0.03996887 0.009279007 0.04630046 0.007876559 -0.1939196 -0.02744718 0.9724056 
1311876803.854887 -0.04051048 0.009841689 0.04723344 0.008025226 -0.1708769 -0.02421239 0.8407619 
1311876803.920070 -0.04225673 0.009890667 0.04932278 0.01115491 -0.1769559 -0.02431507 0.8394647 
1311876803.987318 -0.04341497 0.01020768 0.05130128 0.01060317 -0.1841726 -0.02547067 0.8378839 
1311876804.033986 -0.0472764 0.00782751 0.05442344 0.00845658 -0.1925406 -0.027403 0.835964 
1311876804.066072 -0.04914503 0.007235282 0.05618838 0.008233383 -0.1966546 -0.02828749 0.8349785 
1311876804.123566 -0.05167509 0.006634123 0.05820669 0.008469234 -0.2008214 -0.02879631 0.8339664 
1311876804.223683 -0.05285231 0.006778903 0.05998055 0.01055897 -0.2101782 -0.02833377 0.8316495 
1311876804.287164 -0.05441982 0.005546996 0.06187982 0.008599264 -0.212126 -0.02767704 0.7992191 
1311876804.355256 -0.05866447 0.004973291 0.06597806 0.00904377 -0.2303249 -0.027754 0.8263344 
1311876804.423243 -0.06154943 0.002466241 0.06818507 0.007521193 -0.2305898 -0.02858385 0.7940676 
1311876804.487142 -0.06473424 0.00183141 0.0713143 0.008260032 -0.2395417 -0.02894229 0.7913927 
1311876804.554900 -0.06745688 0.0009305782 0.07380265 0.009251286 -0.2479521 -0.0288582 0.7887902 
1311876804.623616 -0.07037215 -0.001140652 0.07668136 0.005015715 -0.2552939 -0.02987264 0.7864452 
1311876804.687489 -0.07284552 -0.002594936 0.07897987 0.006889275 -0.264614 -0.02850318 0.7833952 
1311876804.754802 -0.07750263 -0.004894841 0.08336356 0.006794701 -0.2750229 -0.03091437 0.7797109 
1311876804.822783 -0.07731002 -0.004424113 0.08311779 0.008122982 -0.2702192 -0.03156392 0.7460953 
1311876804.887607 -0.07877058 -0.006010179 0.08466381 0.006269466 -0.2895817 -0.03632588 0.7741913 
1311876804.955344 -0.08187452 -0.007176871 0.08739377 0.005499182 -0.2864788 -0.03644758 0.7398041 
1311876805.023480 -0.08284332 -0.008497249 0.08853686 0.004593924 -0.2940623 -0.03797961 0.7367514 
1311876805.087868 -0.08738499 -0.010966 0.0926589 0.003407283 -0.3051571 -0.03951155 0.7321511 
1311876805.154541 -0.08944354 -0.01156346 0.09503416 0.003489951 -0.3128845 -0.03852358 0.7289348 
1311876805.222317 -0.09193361 -0.01316572 0.09757743 4.544751e-05 -0.3209711 -0.04064942 0.7253027 
1311876805.289126 -0.09382927 -0.01380752 0.0994699 -0.0009745377 -0.3294776 -0.04307348 0.721337 
1311876805.354932 -0.09571011 -0.01518052 0.1012204 -0.001209341 -0.3218 -0.04280839 0.6805008 
1311876805.422206 -0.09667685 -0.01611086 0.1027894 -0.001193178 -0.3482532 -0.04635534 0.7122558 
1311876805.489717 -0.1003814 -0.01752437 0.1056613 -0.004385493 -0.3383302 -0.04577723 0.6722265 
1311876805.553968 -0.1025243 -0.01917132 0.1076142 0.01352569 -0.3475759 -0.03771298 0.6678745 
1311876805.619943 -0.09206084 -0.02103259 0.1123414 -0.009374236 -0.3603724 -0.05007353 0.6603083 
1311876805.651934 -0.09423252 -0.02266629 0.1165053 -0.007901297 -0.3647843 -0.04779349 0.6580702 
1311876805.688147 -0.07797419 -0.01910359 0.1144991 -0.001660122 -0.3757027 -0.0475131 0.6519645 
1311876805.752786 -0.0761464 -0.01978431 0.1159906 -0.01011495 -0.3780577 -0.05232922 0.6501556 
1311876805.819838 -0.08056748 -0.02160522 0.1185577 -0.001800111 -0.3889869 -0.0492793 0.6439938 
1311876805.888938 -0.07289153 -0.02065072 0.1201735 -0.005673472 -0.3968098 -0.05475558 0.6387348 
1311876805.920134 -0.08419841 -0.02310739 0.1205073 -0.00302907 -0.4045945 -0.05465505 0.6338592 
1311876805.991081 -0.08438412 -0.02278072 0.120456 -0.001607624 -0.4091832 -0.05442066 0.6309322 
1311876806.052853 -0.07095862 -0.02062669 0.1219286 -0.003149494 -0.4185594 -0.05534186 0.6246647 
1311876806.121266 -0.09133866 -0.02407551 0.1240555 -0.003514901 -0.4218241 -0.05140731 0.6100962 
1311876806.188453 -0.08725132 -0.02222898 0.1212839 -0.004589052 -0.4335808 -0.05644525 0.614224 
1311876806.258302 -0.08152977 -0.02378433 0.1248298 -0.007316996 -0.4372471 -0.05726285 0.5985736 
1311876806.321453 -0.08364136 -0.02501936 0.1298481 -0.008903305 -0.4462862 -0.05852617 0.5917196 
1311876806.355687 -0.1000842 -0.02806004 0.132274 -0.01122047 -0.453692 -0.05800523 0.5860726 
1311876806.387744 -0.09951165 -0.02828031 0.1325063 -0.009032808 -0.456891 -0.05778663 0.5836418 
1311876806.457917 -0.1015816 -0.02844914 0.132617 -0.01198162 -0.4602563 -0.05900345 0.580816 
1311876806.487278 -0.1016754 -0.0286383 0.1325423 -0.01202561 -0.4677451 -0.05959168 0.5747406 
1311876806.556914 -0.1026049 -0.0286954 0.1325134 -0.01205206 -0.4724505 -0.06018866 0.5708157 
1311876806.587473 -0.1018478 -0.02862154 0.1333917 -0.01020934 -0.4793842 -0.05999602 0.565062 
1311876806.658065 -0.1001178 -0.0285297 0.1336185 -0.009751634 -0.4836481 -0.05977579 0.5614484 
1311876806.720220 -0.1001265 -0.02975659 0.1382817 -0.01067956 -0.4923488 -0.06215496 0.5535552 
1311876806.755702 -0.1036576 -0.03085304 0.1399584 -0.01075905 -0.5000549 -0.06296057 0.5465101 
1311876806.820942 -0.1040657 -0.03048922 0.1405611 -0.009275324 -0.5037948 -0.0617991 0.5432252 
1311876806.855642 -0.1060484 -0.03128788 0.1409508 -0.009169044 -0.5113918 -0.06204578 0.5360529 
1311876806.920601 -0.1069887 -0.03234595 0.1421259 -0.01144311 -0.5150793 -0.06433779 0.5321945 
1311876806.955975 -0.1076638 -0.03208742 0.1437607 -0.01338395 -0.527685 -0.06697972 0.5301554 
1311876807.020098 -0.110677 -0.03273435 0.1425289 -0.0135011 -0.52529 -0.066237 0.5218321 
1311876807.088849 -0.1110738 -0.03251389 0.1432885 -0.01336992 -0.5370253 -0.06823288 0.5205295 
1311876807.157122 -0.1096565 -0.03229438 0.14344 -0.01352908 -0.5421064 -0.06897668 0.5151325 
1311876807.220439 -0.1153779 -0.03306386 0.1424188 -0.01296805 -0.5486087 -0.06825094 0.5083146 
1311876807.288850 -0.1159688 -0.03299549 0.1420318 -0.01317513 -0.5596398 -0.068058 0.4961647 
1311876807.389007 -0.1181311 -0.03372575 0.1417817 -0.01427175 -0.5668456 -0.06927105 0.4877146 
1311876807.423021 -0.1173272 -0.03337629 0.1413298 -0.01355983 -0.5734151 -0.06839127 0.4801204 
1311876807.488789 -0.1193531 -0.03380468 0.141106 -0.01362799 -0.5766035 -0.06810531 0.4763255 
1311876807.556724 -0.1241815 -0.03427353 0.1397359 -0.0141997 -0.5822725 -0.06893686 0.4692402 
1311876807.587013 -0.1252807 -0.0343948 0.1393464 -0.01470797 -0.5888005 -0.07134286 0.4606403 
1311876807.655830 -0.1245145 -0.03438621 0.1393993 -0.01401989 -0.5919459 -0.07109398 0.4566517 
1311876807.722791 -0.1288331 -0.03487107 0.1380756 -0.01467129 -0.5642184 -0.06741574 0.4239124 
1311876807.788131 -0.130901 -0.03511816 0.1377503 -0.01571376 -0.6033675 -0.07272599 0.4411273 
1311876807.823106 -0.1308773 -0.0352753 0.1377566 -0.01513655 -0.5752021 -0.06919539 0.4085703 
1311876807.855114 -0.129942 -0.03519154 0.1377977 -0.0145329 -0.578105 -0.06892974 0.4045199 
1311876807.923733 -0.1296901 -0.03515643 0.1377434 -0.01478774 -0.5805772 -0.06971702 0.4008181 
1311876807.955190 -0.1282737 -0.03492051 0.1378016 -0.01535018 -0.5856551 -0.06995693 0.3932973 
1311876807.986941 -0.1325631 -0.03516786 0.136957 -0.0151067 -0.5885615 -0.06905175 0.3891057 
1311876808.022922 -0.1284759 -0.03493565 0.1379648 -0.0147194 -0.5911697 -0.0697661 0.3850178 
1311876808.088456 -0.1288932 -0.03501079 0.1381066 -0.01518076 -0.5711005 -0.06783595 0.3666357 
1311876808.156335 -0.1298758 -0.03507809 0.1378288 -0.01512775 -0.5757206 -0.06848143 0.3592171 
1311876808.225394 -0.131199 -0.03516909 0.137338 -0.01381285 -0.5810407 -0.06672086 0.35094 
1311876808.287989 -0.1269106 -0.03479938 0.138217 -0.01365805 -0.5856601 -0.06728851 0.3430709 
1311876808.323447 -0.129719 -0.03498272 0.1377481 -0.01534216 -0.5903033 -0.06842729 0.3347149 
1311876808.388632 -0.1272142 -0.03490172 0.1384741 -0.0161205 -0.5921522 -0.07129475 0.330791 
1311876808.457250 -0.1258828 -0.03485181 0.1389671 -0.01629252 -0.596069 -0.0707886 0.3237822 
