1311868164.363181 -0.00025345164422059 3.96087269448826e-05 0.000109727507336077 0.000153092721750436 0.000151284270355055 6.28901075435659e-05 0.999999974860261
1311868164.763098 -0.0019137622509823 -0.0372587282591566 -0.0231036229627806 -0.021815250292914 0.00879007210401273 -0.0305635782124846 0.999256071872427
1311868164.799138 -0.00294696264869358 -0.0480580006675393 -0.0232675454090074 -0.024707451511752 0.00992994533809233 -0.0356923748411156 0.99900800417393
1311868164.899132 -0.00278564054390624 -0.0760671765459783 -0.0285272186188959 -0.0273768484028347 0.0170942236950453 -0.0509476121926363 0.998179661433582
1311868165.031122 0.0011283452612436 -0.102568284426509 -0.0397615155312022 -0.0399734866365439 0.0173885465884099 -0.0667487769265349 0.996817114415916
1311868165.099162 -0.000787902403450435 -0.131787727424442 -0.0420340380465356 -0.055066691533107 0.0142855712294444 -0.0841176092957943 0.994830543230658
1311868165.199145 -0.0045857841438251 -0.173116193137782 -0.0467036545114395 -0.0697999743774946 0.013614968612957 -0.109576578763141 0.991431071528997
1311868165.331226 -0.00808497123703588 -0.223090612816233 -0.0531424260647721 -0.103512193648451 0.00927661240264115 -0.134930867059103 0.985389685019635
1311868165.499179 -0.0240883088953349 -0.28447543203553 -0.049229367739995 -0.147806477576572 0.0150248705242022 -0.158489090701524 0.976119207156965
1311868165.631159 -0.0377326334356836 -0.306021209477521 -0.048226344256914 -0.165184173286468 0.0256084558952015 -0.169705375313187 0.97121495121942
1311868165.799107 -0.0453104091737562 -0.327983672641708 -0.0593257343991596 -0.171696886324566 0.0435559976381896 -0.181175261837319 0.967366827420896
1311868165.999133 -0.0500446138897819 -0.343915453811862 -0.0739045770895332 -0.183041660958271 0.0650782062830133 -0.185736421253714 0.96320431853293
1311868166.163189 -0.0519325392831351 -0.367489761686382 -0.085116469964572 -0.207995583879332 0.075854233845555 -0.186061960844557 0.957269512217473
1311868166.299209 -0.0561351446152055 -0.388005631402883 -0.0922744327637305 -0.234198297930033 0.0885593884094206 -0.186548278841075 0.950004279797022
1311868166.463018 -0.0634588667857728 -0.406897264464276 -0.100458441363488 -0.261299244577478 0.100686036862847 -0.193250616244092 0.940339952403051
1311868166.799225 -0.0840862916590532 -0.420432337124713 -0.118726016962852 -0.258931548214711 0.119404189175154 -0.197176612057676 0.937986394679589
1311868167.099303 -0.11152377215644 -0.425593542434133 -0.141122257512475 -0.253496235344548 0.119907580826722 -0.217944217412512 0.934805941799084
1311868167.363275 -0.140301971150475 -0.424764529315535 -0.161829396415627 -0.250215803443579 0.117156564079856 -0.236737084284705 0.931462261245437
1311868167.763281 -0.165403125395332 -0.419781960176746 -0.178992726753886 -0.252458121836081 0.129222340948468 -0.239106571344875 0.928651996637328
1311868168.363180 -0.171455411769594 -0.39341922241183 -0.165581713589075 -0.235436752962018 0.143028189858009 -0.236861302171145 0.931670111034175
1311868168.531406 -0.164677988137096 -0.381584068724772 -0.157400832727157 -0.2108275871476 0.133808295095767 -0.245434331573584 0.936701157011196
1311868168.931215 -0.160885558961773 -0.361851115033719 -0.13952030105537 -0.192696462001902 0.120486696555016 -0.248809049279981 0.941512127633841
1311868169.131247 -0.160598414732068 -0.347244545696104 -0.134127280076787 -0.171478831471038 0.100544648658905 -0.260376402984175 0.944822688525422
1311868169.299529 -0.162594486143068 -0.332582873868772 -0.129273034614719 -0.156417746372403 0.075423405504206 -0.275164344069397 0.945584148701101
1311868169.431440 -0.164114946922208 -0.318342391585401 -0.125307914167496 -0.138084632244969 0.0525612002560128 -0.294910537394626 0.94403269514304
1311868169.563501 -0.166905769229918 -0.30221052974937 -0.122844758584105 -0.118193681240602 0.0373799293360278 -0.314580786947915 0.94110144144022
1311868169.763417 -0.174329203591582 -0.285304798158909 -0.121486148352263 -0.09717578442738 0.0226742950445811 -0.332252721979875 0.937897047656148
1311868169.999399 -0.183059705952236 -0.268941574244553 -0.121484395995911 -0.0777217185686303 0.0329767076113487 -0.329426770628435 0.940398784564918
1311868170.399421 -0.203412384248065 -0.268411997901959 -0.12950821242579 -0.0771404490326261 0.0499654370466809 -0.321091736699889 0.942577796707958
1311868170.631485 -0.216642657673371 -0.275046967209695 -0.135823982195182 -0.0987456810625574 0.0575252747716914 -0.328541755064547 0.937550237807575
1311868170.899435 -0.229556292232445 -0.274821543181324 -0.139989518483016 -0.11388606194542 0.0725846606383591 -0.321508036575528 0.937226767837927
1311868171.231391 -0.246705172114856 -0.272919574556956 -0.143339447576052 -0.119818207643952 0.0817957983590438 -0.330299849188639 0.9326602029216
1311868171.499514 -0.263767467012241 -0.268190544807076 -0.142053105704444 -0.134789716039032 0.0827566781553913 -0.347464943284754 0.924257095108783
1311868171.699419 -0.279816903617185 -0.262105601593933 -0.139629766581291 -0.144971124799261 0.0925439505497006 -0.358973432655248 0.91736419422103
1311868171.863363 -0.292689558623422 -0.257428607958525 -0.135231695052339 -0.158508273649563 0.1080244807042 -0.365267731039218 0.91092553121245
1311868172.063426 -0.305998207063617 -0.250935324266825 -0.129677418923204 -0.174039154094146 0.126587693388604 -0.36659364901902 0.905149172912215
1311868172.263475 -0.317446526917004 -0.245917357282049 -0.124544250530823 -0.189599612950676 0.145254449844148 -0.363217913231823 0.900569752477257
1311868172.431393 -0.326208294469615 -0.242239895310309 -0.119626065265679 -0.205422506133326 0.163360884491941 -0.364469084153975 0.893463542674169
1311868172.599590 -0.332661019059653 -0.238301304786305 -0.111288105577928 -0.219417361046652 0.18650096017558 -0.365766471652421 0.885035762972236
1311868172.731555 -0.340838789611498 -0.233418979606934 -0.102323390301364 -0.232556401747442 0.209777769767344 -0.356841720402441 0.880099309111164
1311868172.863483 -0.343269012255367 -0.226382600278016 -0.0894019886836582 -0.246763191269495 0.231664935796528 -0.351602765114258 0.872820016109217
1311868173.131499 -0.340683825892973 -0.209937764112736 -0.0659206159204462 -0.248455829092545 0.254433377227094 -0.357073525516271 0.863731355757178
1311868173.399596 -0.333672714373651 -0.1948858769468 -0.0520882208883673 -0.229182169102196 0.260774359540214 -0.368571884574704 0.86233811969149
1311868173.731607 -0.335160339287716 -0.176579956428411 -0.0336892449351978 -0.214496257410116 0.269310475290888 -0.370622138497979 0.862613733898803
1311868173.967631 -0.332809876936051 -0.162197336043381 -0.0249960428976145 -0.203940478031988 0.244743675964304 -0.402567135150271 0.858165785960072
1311868174.199805 -0.335569018091726 -0.144675041495968 -0.0184293152717921 -0.192454631288505 0.233622090843593 -0.431534628095787 0.84979985780165
1311868174.567585 -0.340939704187486 -0.126704246496474 -0.0051423328864211 -0.186789686443322 0.230528190778487 -0.45031441204922 0.842130213562944
1311868174.831815 -0.334265512548296 -0.114373448719621 0.00224560712887809 -0.160994406539785 0.223644480107074 -0.456450249278271 0.846000660469212
1311868175.031665 -0.325048465708857 -0.106098580587544 0.00656519359047716 -0.127462055355825 0.218818866129905 -0.470975008371569 0.845017319206826
1311868175.167807 -0.313770744344648 -0.100380435455797 0.00913184891914121 -0.102698709554385 0.207863873017064 -0.488029619605901 0.841470543594682
1311868175.231818 -0.305708366904164 -0.0984584690456676 0.00821470785492377 -0.076918800408146 0.194974722299167 -0.504313661714693 0.837696894118662
1311868175.400048 -0.299389904324622 -0.0912042606627957 0.01321000099811 -0.0428253146101099 0.173742801441733 -0.500350280362972 0.847129876888083
1311868175.531778 -0.295260271886242 -0.0863620504081203 0.0173704583094981 -0.0153966650337329 0.164307219230072 -0.500218036927753 0.850028232441056
1311868175.667696 -0.291055460455082 -0.0776423453156838 0.0221130089022798 3.02124257780361e-05 0.154218401357529 -0.503772999758225 0.84995849809537
1311868175.799815 -0.289278728604776 -0.0723933325397851 0.0263091368897284 0.0162864031732582 0.14738588511444 -0.512169956258327 0.845987050637925
1311868175.999870 -0.287557271803049 -0.063026651878547 0.0312657634068798 0.0231091692376363 0.132433227233755 -0.528191143827635 0.838416079404286
1311868176.199892 -0.292260196541553 -0.0506012208712134 0.0370618979453278 0.0137071498624249 0.128576078956508 -0.555034201143149 0.821716095451589
1311868176.367752 -0.297401846029073 -0.0398181381900549 0.0423394978024809 0.00327429608438233 0.144759906421148 -0.563419644522919 0.813383152421883
1311868176.499760 -0.302204082041607 -0.0264347166797339 0.049122660651742 -0.00628663293073437 0.16740807656736 -0.56187730173605 0.810079571363349
1311868176.731819 -0.306202656059279 -0.0223435035903751 0.0538068806066675 -0.0187277111678102 0.186977704097589 -0.557061960376297 0.808931754418459
1311868176.999907 -0.306796067491305 -0.0131090326572646 0.0602977966071508 -0.00967516086633532 0.204269086094819 -0.560399674736796 0.802578803783835
1311868177.168091 -0.304558027919601 -0.00576029445600354 0.0656631120725363 -0.00552934444016549 0.217074659740847 -0.567005296107457 0.79457725403799
1311868177.367900 -0.301417975007012 0.00175806145569937 0.0732117391888469 0.00430068716675265 0.229717710662777 -0.571969751098185 0.787440081102319
1311868177.567851 -0.302683183441661 0.0139448767575344 0.0854482878034361 0.0128026765041526 0.252744341307843 -0.568736738018919 0.782620541666773
1311868177.767937 -0.303245025475777 0.0151179437640409 0.0894360752596069 0.00379375598550629 0.268123793194798 -0.569187284173516 0.777252259227037
1311868178.000124 -0.308562580799067 0.0252268233050836 0.0971046338849164 -0.0145859538868492 0.26542133572507 -0.578930113928772 0.770829869476754
1311868178.167955 -0.314402596980359 0.0350961986520097 0.1022515476876 -0.0378067167667721 0.261801707162399 -0.589677274088121 0.763093199234651
1311868178.467895 -0.323256686317353 0.0413789465336417 0.102119840279767 -0.0579391003796607 0.269797286713744 -0.595132094529665 0.754765046083767
1311868178.831967 -0.334587657488028 0.0420408133373543 0.0927834129108398 -0.0843457795915183 0.265372877239205 -0.585046912440687 0.761697535596974
1311868179.132026 -0.347502813573837 0.04242172589632 0.0738006319721148 -0.101849510659047 0.274611253288043 -0.574385110426371 0.764393276832396
1311868179.368133 -0.35844441974221 0.0415515963752324 0.0583686100225547 -0.121479353179005 0.29102378313719 -0.568072687141368 0.760158764024801
1311868179.632001 -0.368450188054798 0.0424323078522012 0.0462181854440869 -0.133541411271113 0.318363130759519 -0.559959559274789 0.753164590528193
1311868180.100092 -0.385624240677685 0.0501588945043127 0.0237112494620959 -0.151765560009719 0.329964398392223 -0.562929944436807 0.742428843893452
1311868180.468133 -0.399827176767812 0.0553369122746967 0.00907994448542879 -0.179102067895463 0.335029323513877 -0.553719181052833 0.740994514281707
1311868181.168020 -0.412686910693698 0.059514730917985 -0.00342281394316482 -0.161963814133966 0.362033177928062 -0.553212969330229 0.732567479182169
1311868181.800057 -0.391795867141085 0.0493450451446955 0.0132605812091103 -0.146591478963203 0.372118148767072 -0.566652130032106 0.720377946069718
1311868182.100226 -0.376152011956241 0.041349398979371 0.029188777151286 -0.124017250049915 0.36472330302258 -0.583041263739162 0.715303794691317
1311868182.400284 -0.360555012360704 0.0348132844269983 0.0423388528114236 -0.102389681174885 0.364331228376964 -0.58876468288407 0.714237535702695
1311868182.636312 -0.349389729059479 0.0298447827572027 0.0524109325308134 -0.076811367442787 0.34117650688275 -0.607595003822229 0.713110732153934
1311868182.768253 -0.343017427914001 0.0269293356134098 0.0581163703286998 -0.0642110842760781 0.315247274751285 -0.625541547653147 0.710769909730065
1311868182.936274 -0.333078295996063 0.0240780299670907 0.0663270225667508 -0.0622109264119429 0.285143821444066 -0.64916651152044 0.702428389266568
1311868183.068333 -0.325930669621913 0.0229916432980641 0.0722292118443988 -0.0540499271211452 0.265301937407242 -0.672191669357615 0.689094947762923
1311868183.200276 -0.318116856233074 0.0219048511268595 0.0768352642240453 -0.0488142796065094 0.240907247001891 -0.700706774665825 0.669769273993578
1311868183.368469 -0.309252449849404 0.0198568838067444 0.0821441115617225 -0.0495364477738477 0.216017324956152 -0.728860410973127 0.647800244656346
1311868183.536275 -0.30346695806138 0.0178736796179572 0.0875767202917478 -0.0611118762616076 0.191463731157562 -0.728912627079317 0.654441258109037
1311868183.736414 -0.293468208257748 0.0177344053219244 0.0931973651631751 -0.0554274392870674 0.176956379155238 -0.727993416907888 0.660030168847701
1311868183.968498 -0.282144368862964 0.0131616919445931 0.100427573868077 -0.0383866303043406 0.165778387644777 -0.745644951691584 0.644249640140087
1311868184.070267 -0.276870422151503 0.0108251491143856 0.103047714625362 -0.0109148722049716 0.154237655705684 -0.756574716543468 0.635363131928769
1311868184.236434 -0.269857053379636 0.00916711191375014 0.107083025750353 0.0161168922210875 0.137723791107817 -0.761518084778282 0.633137117616431
1311868184.436272 -0.263748398542851 0.00723330727050675 0.112301921106201 0.0323666030429571 0.129586529286157 -0.771480753627065 0.622074900006457
1311868184.600381 -0.258380118012403 0.00568448727375259 0.116437807650132 0.0459656285855303 0.108615675743224 -0.780239325811679 0.614260848848856
1311868184.700710 -0.253870922853451 0.00342155624880619 0.119364117217679 0.0435199350071874 0.0872505366895813 -0.791652701238387 0.603141243595823
1311868184.800366 -0.248389376179319 -0.00026347401536414 0.122188754463484 0.0505131332802094 0.062473732746971 -0.808833461168687 0.582523723273789
1311868184.900445 -0.244495461711996 -0.00344164037716849 0.124446579538653 0.0560509271918032 0.0406289881605095 -0.821224743082547 0.566389883588149
1311868185.036432 -0.238758472837628 -0.00852139290504395 0.128380021112305 0.0626944668225798 0.0181607728596804 -0.838844537483716 0.540443736287786
1311868185.236390 -0.234569812813099 -0.0126735755858957 0.133171641113557 0.0658093600654367 -0.00272864589172662 -0.850979597996869 0.521052210831565
1311868185.368510 -0.229580439902924 -0.0178496618641452 0.137830656728045 0.0828669166758608 -0.0280264798497672 -0.857129036389391 0.507619351016154
1311868185.500443 -0.228408684238829 -0.0195825330400951 0.140347344367333 0.105387934851046 -0.0353222791215404 -0.858333271004558 0.500908889591817
1311868185.636409 -0.226957818868597 -0.0220084182120477 0.142829322086329 0.126559778442 -0.0483578936966976 -0.862826320154848 0.487006034712071
1311868185.768630 -0.225090142758217 -0.0254490117550475 0.145628745264211 0.144640650743048 -0.0670218578877055 -0.860063891284426 0.484641368051262
1311868185.968391 -0.222760249218764 -0.0276338258159194 0.148378819780585 0.137645299983233 -0.0774269248464093 -0.863055944526391 0.479784617634844
1311868186.103248 -0.221102312249997 -0.0302981539976899 0.150557435224873 0.129144550924578 -0.0839549447949167 -0.873956993343463 0.460947313688913
1311868186.237659 -0.218517289231666 -0.033189568052172 0.151886472005737 0.110939808398167 -0.0919030229973717 -0.884846225643565 0.443050053877505
1311868186.336402 -0.216572210790344 -0.0356935374681452 0.152795007701159 0.0925723275782155 -0.100980318742426 -0.895114450766596 0.424268145660553
1311868186.436523 -0.213646450340193 -0.0385872646619946 0.153258194443567 0.076698075413512 -0.107407855403385 -0.904968629430233 0.404490713827493
1311868186.600576 -0.209543828527101 -0.0435484007166923 0.153728208925404 0.0555048388572223 -0.10986226634791 -0.910570391921814 0.394602403251283
1311868186.836721 -0.204797434147368 -0.0446403802432181 0.149788452828218 0.0485450897693673 -0.110291703453409 -0.918070704345434 0.377657644211404
1311868187.136587 -0.198591203417234 -0.0484379309156853 0.145109498596907 0.0473596935774499 -0.101254815307922 -0.917742957108316 0.381119910893267
1311868187.268822 -0.193533766815898 -0.0488900286939576 0.140851725476737 0.0549839045764411 -0.0888061231895336 -0.920993186922431 0.375315590355689
1311868187.468568 -0.190718709418763 -0.0522546922791062 0.137863655588412 0.0600549388451988 -0.0683740769897691 -0.923933915235993 0.371570330075997
1311868187.768746 -0.189459782431209 -0.056889571122622 0.132887299754343 0.0617621784760251 -0.0602942544008321 -0.923153932963612 0.374615605988269
1311868187.968459 -0.187435807394667 -0.0630980401162588 0.13184162711794 0.0534809766998732 -0.0699870251505063 -0.931014647051759 0.354193913579693
1311868188.100428 -0.188228537705162 -0.0685641155831247 0.131509332202714 0.0358101775076446 -0.0757458735320439 -0.935201822719446 0.344060669958023
1311868188.200610 -0.18954207283966 -0.0730865004781966 0.131273672565934 0.0174430183614713 -0.075875207284183 -0.936772170658827 0.341169451019832
1311868188.336811 -0.189318049922442 -0.0796346856450295 0.132838663952453 0.00843163787736026 -0.0652804813600658 -0.946204390601878 0.316803752253397
1311868188.537539 -0.188614570467179 -0.0842341818879508 0.132323301434721 -0.0117611058245848 -0.0509282039080411 -0.948550553785352 0.312281669891119
1311868188.736639 -0.186543446679023 -0.0884652438280964 0.127902245436959 -0.0281259358040149 -0.0469708202584589 -0.946920913318807 0.316770354829602
1311868188.900697 -0.182468378090992 -0.0909256025971062 0.124595177380069 -0.0317749738369659 -0.0341320568944935 -0.946929093156809 0.318041893880405
1311868189.036870 -0.179268200356418 -0.09320042068375 0.120818224058209 -0.0512807342220272 -0.0209966658007414 -0.941439860527712 0.332596475225557
1311868189.201174 -0.176401308594857 -0.0948922547533725 0.116182804604839 -0.0371917957756864 -0.00879144779265537 -0.94436246005277 0.326678779255355
1311868189.400547 -0.171593528474552 -0.0978440684660258 0.111126949823023 -0.0332645958069942 0.0119205847186424 -0.945322110791455 0.324218249292896
1311868189.636729 -0.169003918911984 -0.100787022915987 0.106231672602051 -0.0330570551710713 0.0245598427430106 -0.945520386039465 0.322947743159224
1311868189.836562 -0.169930774531255 -0.105506444170529 0.103279264359393 -0.032746954309669 0.0313543103399592 -0.943679046180232 0.327741364503953
1311868190.036745 -0.172486371858807 -0.110058397308295 0.100272454662486 -0.0261958067036523 0.0350321120764213 -0.942944481793622 0.330063986356537
1311868190.236836 -0.174948479308466 -0.11551395265695 0.0964733661115489 -0.0258065185082064 0.03376223761426 -0.942669526101051 0.331011026212396
1311868190.468862 -0.177527022820397 -0.120754140248691 0.0924756100641569 -0.0192583660543205 0.0321907134354429 -0.942035813638663 0.333408756824977
1311868190.802394 -0.181118677805376 -0.125002331054809 0.0890988208014595 -0.0113459371136837 0.0265885455495788 -0.941634809937485 0.335392611234308
1311868191.408020 -0.183346900464247 -0.130302571176524 0.0870587175361031 -0.0136269969066709 0.0308783494766927 -0.941693834678733 0.334773885207558
1311868191.970293 -0.188367209020338 -0.131446274406976 0.0880146981742274 -0.00506152147964278 0.0321836300852406 -0.941351748251123 0.335850384873088
1311868192.342496 -0.192148836242195 -0.129099307614115 0.0924486694379745 0.00633401089310722 0.0388732066736871 -0.940330995298695 0.337973924126518
1311868192.571208 -0.194814240717159 -0.125764373302135 0.0956064804324694 0.0156506023361107 0.0324439592037986 -0.940291991874287 0.338457409691065
1311868192.838042 -0.197026103814622 -0.121994694776299 0.099474042971457 0.008731087360491 0.0224092541395787 -0.941587891976594 0.335907480008238
1311868193.140696 -0.199822612111785 -0.119152960332005 0.101359591731503 -0.000877066638551728 0.00679776296644259 -0.945281773837891 0.326183060906993
1311868193.309034 -0.20174836187879 -0.118016281620513 0.102319795070515 -0.0287448872338292 0.00425961474978404 -0.945749405304948 0.323594884856722
1311868193.507782 -0.205617621779511 -0.116563263485249 0.103207687668332 -0.0449838044598082 -0.001552683434552 -0.951249499150843 0.30512036457068
1311868193.738312 -0.209115971110603 -0.114683107072579 0.102820104778829 -0.0470356067696713 -0.0211027368780055 -0.957585797756323 0.28349914660798
1311868194.009150 -0.212882588520343 -0.112780417621296 0.102316231686051 -0.0427145638711022 -0.0395439686044963 -0.958144252963691 0.28030578141194
1311868194.468912 -0.217086528840523 -0.110243898242984 0.101683021732128 -0.0475824273435541 -0.0441470165617829 -0.957319155223896 0.28165047235571
1311868194.942724 -0.221058613161932 -0.109021271690398 0.100306010109666 -0.0490556912968338 -0.0652118647014091 -0.953902970308705 0.288808024628447
1311868195.269090 -0.224102292622004 -0.112425665480117 0.0982282376509392 -0.034017949690425 -0.0719243975960731 -0.953687176592513 0.290086934094423
1311868195.508972 -0.226496136749095 -0.117144058745989 0.0963536642524489 -0.0240599779899224 -0.0705731604753334 -0.954180944173493 0.289791773961631
1311868195.737290 -0.226975782799319 -0.122259100983519 0.0948603910530484 -0.0209899805332708 -0.0533872025101044 -0.95554916241766 0.289197208714516
1311868195.936986 -0.226766708628853 -0.126227914377858 0.0934754181443111 -0.000564932452189686 -0.0446455815925066 -0.954426078220403 0.295088654658923
1311868196.168888 -0.224807585727917 -0.130040863476315 0.0906697782033873 -0.00236682878893275 -0.0259199050389948 -0.951264152870637 0.307276859049883
1311868196.410126 -0.221893421347092 -0.13260887640746 0.087658046915801 0.00938297599962485 -0.0118078536885624 -0.94473273952104 0.327494404883094
1311868196.610073 -0.219458351513229 -0.135255006746553 0.0854343929774938 0.00928327088225337 0.00585901151974629 -0.938131856605579 0.346104193108821
1311868196.837005 -0.219226274780969 -0.139053840291589 0.0830848762321034 0.0195190425079302 0.0222510899810367 -0.932286222246928 0.360508385176797
1311868197.069116 -0.220946148439863 -0.14383842855688 0.0802311751696467 0.0228729723246891 0.0203138307002056 -0.933428149855818 0.357457779990955
1311868197.237163 -0.223042986551973 -0.147782536259102 0.0790348665621456 0.0112663284254454 0.0262814275647851 -0.939212481270788 0.342143641522295
1311868197.405204 -0.225733104068145 -0.151812677726344 0.0779782517407828 -0.00593087862401654 0.0290516411033132 -0.945932660338153 0.323004998310454
1311868197.569185 -0.228519468672579 -0.155928768513703 0.0772954131693427 -0.0190036087913833 0.0343384031083044 -0.947978102447393 0.315907034117819
1311868197.769193 -0.230867030084214 -0.160700289845506 0.0773772192615967 -0.0308722286255758 0.0427070179621231 -0.948885296767329 0.311190793075969
1311868198.005244 -0.233057965906177 -0.164930508426813 0.0780454737738634 -0.0381329223178032 0.0532248082779138 -0.945565246653965 0.318777923231065
1311868198.305141 -0.236094780989494 -0.168015915412892 0.0793173302404211 -0.0278406760586135 0.0575007178672597 -0.943367715023812 0.325539426878069
1311868198.605102 -0.240321256849928 -0.169679818859222 0.0827694266976458 -0.0308249027718422 0.0621860380743749 -0.944391434486437 0.321414903989172
1311868198.869154 -0.243982125198823 -0.169657309578603 0.0858910442029246 -0.0443138727743135 0.0644703110201741 -0.948562772607952 0.306771129833006
1311868199.169310 -0.248126399775184 -0.170169116447175 0.0891430647008984 -0.0519033093663702 0.0582291775518704 -0.950789699816505 0.29985722616154
1311868199.505308 -0.251580589594663 -0.170851133837611 0.0921958130205363 -0.0667454685882928 0.0546316911106648 -0.949201553284408 0.302616641961056
1311868199.769136 -0.25445020988661 -0.171830858819293 0.0939977456773818 -0.0925673766293681 0.0453529908760035 -0.95292487315596 0.285146581819345
1311868199.969272 -0.258252950969239 -0.172999617548573 0.0951771068959562 -0.109313382803198 0.0362941762365158 -0.957570111275982 0.264183268021156
1311868200.137281 -0.262489618849012 -0.174755576263092 0.0956054558540397 -0.127124689514898 0.031179682336285 -0.959700103800307 0.248682229945826
1311868200.305197 -0.266564012369275 -0.177321986051648 0.0954123956283073 -0.136583571963511 0.0290260013882439 -0.961884883732558 0.235116757292842
1311868200.473305 -0.270344722615643 -0.180025524092408 0.0955842306792174 -0.147290294372546 0.0310157792736211 -0.962597386534341 0.225277300358815
1311868200.673455 -0.27439164888356 -0.183182739661287 0.096109120205669 -0.154384043962771 0.0315657765725627 -0.963198573656685 0.217756002040815
1311868200.937356 -0.27817183099966 -0.186530657733085 0.0959025995598179 -0.163682635135745 0.0292473604749458 -0.962099609752435 0.216140990500368
1311868201.373318 -0.28239206994143 -0.18870372004229 0.097296250743533 -0.168554056007138 0.0258525465067248 -0.960487588209716 0.219965381225646
1311868201.905252 -0.286155642920325 -0.189181851878239 0.100949008444026 -0.173480782912423 0.0257142717912578 -0.962049813751114 0.209053462176029
1311868202.205344 -0.289154383897117 -0.190313334515438 0.103453611822388 -0.180226624287328 0.0336551184606037 -0.963629903498158 0.194430208515877
1311868202.437436 -0.292176466772761 -0.191482670176851 0.105377689225688 -0.188985350855057 0.0392805840967449 -0.963932122246715 0.183238742017494
1311868202.673740 -0.297404325067778 -0.192896677499143 0.107668322436763 -0.185422211659067 0.0379351136992363 -0.96627810871404 0.174602826987722
1311868202.905418 -0.301768291352533 -0.193015574914257 0.109263446983267 -0.181144158855488 0.0234789947095936 -0.968313208396664 0.170308722514505
1311868203.137538 -0.303653692638817 -0.191271272636084 0.11017040207623 -0.195761846240107 0.00538773925154299 -0.966113006437199 0.168148537357
1311868203.273471 -0.305071821124383 -0.188817581336438 0.11007713315477 -0.216776409003417 -0.00508833836372791 -0.961806911542023 0.167061552196411
1311868203.437674 -0.306763664455201 -0.185395327640068 0.109420853214975 -0.216818637143969 -0.0270035350729758 -0.963451177616923 0.154991341787722
1311868203.605369 -0.308410163888445 -0.181749193036392 0.109449506002781 -0.237482448672466 -0.0337043722823712 -0.960641834597265 0.140119118906672
1311868203.837454 -0.313540786681048 -0.178759780299334 0.109654011657589 -0.257474995719568 -0.0347250992864063 -0.957173274342506 0.127750213084765
1311868203.973618 -0.315819677634247 -0.174986268283329 0.111527469364187 -0.264331972560838 -0.0298662129614733 -0.957797619187622 0.10890518024391
1311868204.137666 -0.319881918624717 -0.171913820703175 0.112061202251455 -0.267985989852459 -0.0430987211076024 -0.956800230736293 0.104208099227765
1311868204.305523 -0.324421604897041 -0.168976684524513 0.112650480445927 -0.277353162924177 -0.0472109554843413 -0.954283373828912 0.100943504654435
1311868204.473547 -0.327888751201264 -0.166802568630225 0.113700424186115 -0.293338209111372 -0.0395321655382912 -0.951219040413027 0.0870186193805994
1311868204.673697 -0.332233821270828 -0.163994173590119 0.114320478157671 -0.284761161896578 -0.0453368733543849 -0.954268275804968 0.078915818325433
1311868204.905660 -0.335996821264961 -0.161336419301155 0.113202382417169 -0.305577707757971 -0.0422375039207405 -0.948471023478302 0.072394581330042
1311868205.073567 -0.340544741065467 -0.158875697504488 0.11412918964128 -0.293436815261452 -0.0486327410177431 -0.951589285325197 0.0775082189486912
1311868205.373547 -0.344415375449469 -0.156017180921566 0.112847423349838 -0.283054551907184 -0.0687162280914493 -0.953290334675702 0.0799733609109656
1311868205.573643 -0.34687650646889 -0.153978455378461 0.111839844570099 -0.29502346276625 -0.0966018633015472 -0.946216258387706 0.0911264439493275
1311868205.937758 -0.348821123409034 -0.151949455079915 0.110936773603661 -0.279792600172984 -0.118992876079738 -0.946853311514511 0.105002870459422
1311868206.205696 -0.351523040642781 -0.148246267589473 0.110903483730411 -0.273822792380336 -0.136550444896621 -0.944875023768328 0.116560043884571
1311868206.873715 -0.348024977877689 -0.152388207815754 0.116834324080101 -0.265262466667889 -0.127331804339227 -0.95182012665165 0.0863763965549642
1311868207.173797 -0.350016626427746 -0.157200063542202 0.120327421760148 -0.276343509910994 -0.126971051611332 -0.950296497227393 0.0667022034128733
1311868207.405766 -0.352924115777683 -0.161011219463938 0.12319290123536 -0.296629328040551 -0.122579026400007 -0.945212823520324 0.0596501658486827
1311868207.637684 -0.35602382643682 -0.165114462493186 0.127127426218722 -0.298334460150215 -0.115710254029002 -0.94539412179875 0.061948700291404
1311868207.873905 -0.358207685011275 -0.168784868122482 0.130794661394042 -0.294645030002733 -0.106261255227689 -0.947914110770219 0.0578937866685942
1311868208.137703 -0.360453154196652 -0.173609913486756 0.133367074460566 -0.291662008822836 -0.0988790591482778 -0.950080419527417 0.0500339954629568
1311868208.405751 -0.36155041661939 -0.178841253576226 0.135296972131846 -0.287299322497527 -0.0878037434956862 -0.952861770545646 0.0424740880210802
1311868208.673890 -0.364626370252509 -0.183562331711885 0.13832728958493 -0.295360082322211 -0.0777528111061781 -0.951122229207674 0.0456445751730506
1311868208.873831 -0.365754461112403 -0.186560377331291 0.14133207625591 -0.298482430233349 -0.0596454421047437 -0.951502090621988 0.0446590597763844
1311868209.137783 -0.36500402298683 -0.189567649795997 0.145673401455657 -0.294744884742424 -0.0437675683964212 -0.953478674495672 0.0456975946502289
1311868209.473809 -0.363252983685211 -0.191119678358699 0.153078956414379 -0.298848037825998 -0.0257967376817464 -0.952661550748565 0.0496018985308945
1311868209.773937 -0.363960751577705 -0.189753633316785 0.159951416676484 -0.314462575252217 -0.0255745905131688 -0.947814430362868 0.0459024474482484
1311868210.541924 -0.361481553876073 -0.190974648334846 0.167202062269718 -0.316558585536779 -0.0337083310278689 -0.94734236976539 0.03459544463603
1311868210.974235 -0.364504012932729 -0.19056807555294 0.169646103339186 -0.337318287232656 -0.0463377385810589 -0.940043487371586 0.0196832144704065
1311868211.241987 -0.369102839565376 -0.191086823570717 0.173317497301125 -0.34436414926195 -0.0476910616402204 -0.937581395683093 0.0089454911361212
1311868211.442216 -0.374090508074036 -0.191796359646912 0.176582681135833 -0.34725202848402 -0.0478824298477396 -0.93654238402474 -0.00341534051972176
1311868211.642009 -0.379041069881704 -0.192970734597232 0.179595601879837 -0.351370421997719 -0.0518910779004156 -0.93471581721323 -0.0123484262512168
1311868211.873907 -0.384265825346299 -0.194990801346167 0.182839919398067 -0.354467442366519 -0.0490583639070432 -0.933632294621971 -0.0166387400910136
1311868212.105906 -0.389058570130268 -0.196855374226897 0.185829291429054 -0.353843361266175 -0.0444278179670471 -0.93409323534268 -0.0170549806680403
1311868212.474044 -0.393692393351619 -0.197583801358941 0.189202424226006 -0.347101579370324 -0.0428716871097009 -0.936767430098448 -0.0122185903337581
1311868212.874075 -0.396958409877879 -0.195703192573068 0.192669858307878 -0.336385493248146 -0.0469983640428915 -0.940540523679919 -0.00441327830497502
1311868213.274014 -0.398700507350487 -0.191664803506592 0.197260284020855 -0.342718283335853 -0.0575454870923925 -0.937592817929716 -0.0123451589394566
1311868213.574297 -0.400826636533436 -0.187562126877407 0.201492223244716 -0.351309544396433 -0.0627082040428505 -0.933715877809995 -0.0287044367163373
1311868213.942213 -0.402142185127181 -0.184004150814874 0.205876104313486 -0.360396921164112 -0.0701636577948606 -0.929657783119965 -0.0304553217803767
1311868214.274221 -0.403445460828796 -0.181527704415536 0.208102072195984 -0.385362189938269 -0.0751735137899879 -0.919271674649371 -0.0280091695304978
1311868214.674410 -0.405808255907062 -0.179353476254046 0.211491980955284 -0.402669527996672 -0.0867461484608688 -0.910209575062984 -0.043021929452368
1311868214.906326 -0.407932975813208 -0.176567645824211 0.214244389570122 -0.423786252623211 -0.101547652231466 -0.897744602982905 -0.0644043028758174
1311868215.174343 -0.410269413986157 -0.173496021840564 0.217189091835256 -0.436178447421523 -0.1161790400643 -0.887439733299815 -0.0932818975763311
1311868215.474499 -0.412072228757526 -0.168708487207447 0.218601761212854 -0.446545414621155 -0.124684474319183 -0.878745707629641 -0.113388517350968
1311868215.706473 -0.413163550839294 -0.164461237883432 0.217994703654457 -0.459483519291144 -0.137527723121946 -0.869003339790613 -0.121631477445105
1311868215.974271 -0.413365296357873 -0.159667786489187 0.216954806260045 -0.472771109867859 -0.14563755119545 -0.859372663632395 -0.129444221027701
1311868216.242946 -0.414392041895575 -0.15407849935545 0.215842940118606 -0.477365584563498 -0.147292159193137 -0.857391813093172 -0.123719025842337
1311868216.606527 -0.416539124381346 -0.148256550251287 0.216285026458368 -0.481026855719974 -0.151676044075438 -0.8554919634969 -0.117222191252343
1311868216.874405 -0.41921618115329 -0.144332966068801 0.216456780926901 -0.492509020470639 -0.164244690840362 -0.847825926330828 -0.107933984115653
1311868217.206576 -0.420974915060282 -0.139577587954632 0.215740859665054 -0.480836098339593 -0.169815817098993 -0.8540208867025 -0.102993008852226
1311868218.610383 -0.417858641677158 -0.141586742166232 0.220966834858838 -0.489123136719594 -0.184053638268221 -0.848275562826451 -0.0855066364517029
1311868218.874697 -0.42009942832071 -0.144183405755711 0.224238276194697 -0.501086083002309 -0.19685731586391 -0.837501262258603 -0.0935498280463825
1311868219.174460 -0.420543604792903 -0.147266435183761 0.230196756291753 -0.498009482808178 -0.199818314162119 -0.836639534897323 -0.109970382400584
1311868219.374565 -0.419895586716342 -0.151154189750385 0.235440379909716 -0.502386402170905 -0.193244409859067 -0.836007116379728 -0.106567360549307
1311868219.543330 -0.418872844786057 -0.153887594844972 0.239560639799736 -0.518975546474208 -0.176512993874061 -0.828558903037941 -0.114007409197726
1311868219.742593 -0.417562420835488 -0.156703072842526 0.243529331568015 -0.535679044842748 -0.161086519940669 -0.820827295247017 -0.115506040479416
1311868220.010555 -0.416748107159323 -0.160646910838976 0.246361720447979 -0.550163054857743 -0.159573310262428 -0.811012726609113 -0.118807950068755
1311868220.242513 -0.415551914176991 -0.16470547759083 0.249335866457703 -0.559196804205526 -0.140924749037931 -0.806688034918078 -0.129203574234354
1311868220.474751 -0.415285506120861 -0.168926608764608 0.252151197557341 -0.561304516483225 -0.137927017208042 -0.80223911037122 -0.149418163187811
1311868220.674598 -0.415522156789454 -0.17194855491533 0.254507372709116 -0.55897447330783 -0.123218716041816 -0.803209925312409 -0.16498030817911
1311868220.974895 -0.417579883261068 -0.17458573935381 0.258143337215595 -0.560946807872995 -0.110432550038422 -0.802250601446485 -0.171864199610806
1311868221.742786 -0.421887994222994 -0.177756920302806 0.261608208727962 -0.556905967501727 -0.114745494855604 -0.803995551160113 -0.174012552668058
1311868222.343002 -0.424246160571631 -0.175052944066695 0.26556146406777 -0.548241353019236 -0.107031966895727 -0.812901063810571 -0.164825475451194
1311868222.643013 -0.424923879284983 -0.171897453611874 0.269627156582201 -0.556053363141143 -0.110263639853619 -0.804057675590833 -0.179270302585573
1311868222.943172 -0.425508224366287 -0.168844513233573 0.273975161187175 -0.563330629655407 -0.105305884180174 -0.795802905637537 -0.195619548685523
1311868223.242696 -0.426119876975384 -0.166068248203713 0.276140124267302 -0.573066042399846 -0.110716511417193 -0.785274966313822 -0.206592333905714
1311868223.742872 -0.427098841902411 -0.162702621274467 0.280096303614114 -0.581540058248937 -0.112981560450105 -0.779561925002668 -0.203296661891474
1311868224.145344 -0.429320341084647 -0.160807332491809 0.28424989233709 -0.594245789973554 -0.10795353331029 -0.772319942361232 -0.196824496381101
1311868224.374897 -0.431308887830191 -0.158355847455412 0.287900942170305 -0.60027873958574 -0.121704331224758 -0.76281327054124 -0.207290628945609
1311868224.611208 -0.434024830189548 -0.155227657079928 0.292858188353226 -0.604284169265257 -0.126901805586967 -0.755154102623466 -0.220179144800577
1311868224.842708 -0.436563807718626 -0.152549283189122 0.296955102092758 -0.604826422325516 -0.125493959488082 -0.752988403928519 -0.226814304086191
1311868225.111236 -0.439002251742892 -0.149533490054523 0.301198390503362 -0.608319348259458 -0.134361245645078 -0.747179052403276 -0.23155580288914
1311868225.479273 -0.442413038152477 -0.147753429914745 0.306099922990034 -0.613146013552829 -0.134882060547447 -0.740595923169464 -0.239533868986243
1311868225.842939 -0.444933483800725 -0.1464409264631 0.310244502243464 -0.625665547867972 -0.133064581494754 -0.728044817511948 -0.246550568964443
1311868226.345151 -0.447130532681566 -0.143636004215483 0.31530017888278 -0.623258050477818 -0.140939119696389 -0.727083649980856 -0.251067586486813
1311868226.644260 -0.446711917476465 -0.13843484086584 0.319298718997396 -0.621972675306273 -0.135245094428855 -0.731335468665451 -0.24496364603176
1311868226.844284 -0.446031825588542 -0.133290867045439 0.322353926731126 -0.627556512407102 -0.129927264541375 -0.726332933020182 -0.248459654822532
1311868227.047092 -0.445341424527219 -0.127556628672889 0.325722660942191 -0.631316191783266 -0.136889529671914 -0.721601468140158 -0.248982818355895
1311868227.247413 -0.443806302090767 -0.122118260428165 0.327835469404807 -0.635161143377869 -0.143865846234525 -0.716375851350153 -0.25035690490275
1311868227.479018 -0.442584213204874 -0.11772966396281 0.330479464115732 -0.645551393670714 -0.144568976462382 -0.707536251750986 -0.24850686435707
1311868227.711001 -0.441717394183458 -0.114313977451557 0.333260147752683 -0.658444577432145 -0.148688489316256 -0.690655992302148 -0.259493298356988
1311868227.912471 -0.44145472196909 -0.111494688643905 0.336161485874949 -0.671881828595706 -0.152744645694293 -0.669899440051894 -0.276547684555078
1311868228.079022 -0.441840098213136 -0.108705005313712 0.338952074596193 -0.682692863212575 -0.155061830035265 -0.651175815259496 -0.293012527045965
1311868228.279971 -0.442973775977992 -0.105337766170908 0.343328983109165 -0.69288748640787 -0.16264615843869 -0.631775360491052 -0.307104301827443
1311868228.515154 -0.444608838799452 -0.101751388560773 0.34746330427481 -0.699019454075575 -0.164600074114528 -0.619942099948677 -0.316149349416698
1311868228.746541 -0.44625321586225 -0.0979037662440521 0.351575758306272 -0.69675071973366 -0.173535929201299 -0.612394838182372 -0.330751081622503
1311868229.044504 -0.447303844664363 -0.0938807160301476 0.357027381274538 -0.697414938986431 -0.173236967757701 -0.611021945381909 -0.332044482174267
1311868229.381047 -0.445746118010904 -0.0877040286253165 0.356726721085736 -0.693913898136315 -0.163321711780948 -0.619172649399605 -0.329294322255455
1311868229.613429 -0.441674760711486 -0.0825040444445921 0.355353265650191 -0.691986384196222 -0.15514754381654 -0.618825301977517 -0.337845126303709
1311868229.812669 -0.43760315267364 -0.0777795682428478 0.352007469780809 -0.691080071463763 -0.151735610010817 -0.61941257649317 -0.340165694276154
1311868229.982424 -0.434552053182897 -0.0736897909453283 0.349043573418142 -0.694003948513277 -0.150389400635364 -0.6185440455514 -0.336370051189793
1311868230.180570 -0.430839821047694 -0.0690884639852531 0.345976012619258 -0.689650162136077 -0.148376681902652 -0.62515120074226 -0.333995494496188
1311868230.343265 -0.429026498026081 -0.0649144910776732 0.342951885056351 -0.685223448032701 -0.152243545964727 -0.629972975578297 -0.332302240466852
1311868230.484314 -0.427195747884059 -0.061580888599804 0.341443585041251 -0.689183169469404 -0.126204770451955 -0.629225971389148 -0.336412829369897
1311868230.643420 -0.423243068993651 -0.0572983200539703 0.341317267788887 -0.688200322332049 -0.122401761316779 -0.640911838982958 -0.317222539899197
1311868230.812536 -0.422792343657386 -0.0534582733604332 0.340066297915748 -0.695175033605246 -0.140216971872452 -0.633993493394485 -0.308420368627497
1311868230.983928 -0.420097087828756 -0.0496152056040257 0.339384199027407 -0.686669716304525 -0.147611961046431 -0.633975507005403 -0.323682662778736
1311868231.143191 -0.419361404662729 -0.0452735329450424 0.338142631552103 -0.680929401251467 -0.165464930446851 -0.634094379332257 -0.326926330237834
1311868231.284432 -0.417743094493904 -0.0424156098087856 0.3371907092309 -0.667547773881198 -0.162144349712618 -0.637513674240443 -0.348805812163415
1311868231.412886 -0.415410485951656 -0.0400931254898284 0.335965962141299 -0.656512394155836 -0.158383283720753 -0.637238810514834 -0.371258548899877
1311868231.611182 -0.41245615617776 -0.0365104911122897 0.332685777401997 -0.655018417779447 -0.15859754209955 -0.637011598816573 -0.374184332893355
1311868231.811225 -0.410510687714148 -0.0339834463215759 0.328752929460168 -0.647270680247465 -0.162800255538658 -0.642136786892669 -0.377090294502114
1311868231.981369 -0.409033571820334 -0.0319209023965419 0.325113487366382 -0.64807635776603 -0.155944558449859 -0.639992545487266 -0.382214430543019
1311868232.143235 -0.407683889778993 -0.0301301853291234 0.321108366060932 -0.644837291769565 -0.160252821006176 -0.635656076536649 -0.392995232623615
1311868232.343193 -0.40562931782451 -0.0284437684777236 0.317006887959002 -0.644671995963444 -0.153630894667443 -0.636611670001884 -0.394361696215039
1311868232.543326 -0.404049911358627 -0.0269312019478134 0.31312802915785 -0.639811455705778 -0.154260750422223 -0.649603783551001 -0.380604580139349
1311868232.744002 -0.403458855349933 -0.0255762664821283 0.309285838069802 -0.644234236359434 -0.153759995952842 -0.64991666379773 -0.37273105916329
1311868233.079646 -0.40348524193458 -0.0262323649167275 0.305623002012988 -0.653872505055685 -0.170634591124158 -0.637806754434464 -0.369509306299409
1311868233.411418 -0.404657089818562 -0.0265060257281864 0.307247033658802 -0.67229060048257 -0.17351943740892 -0.621896015786289 -0.36216253104541
1311868233.643320 -0.405506607533034 -0.0266960987849972 0.312193159755781 -0.674426992086255 -0.177904869964544 -0.616454075679453 -0.365352517668316
1311868233.811509 -0.406573270766467 -0.02635820573756 0.317154644266601 -0.679511448010306 -0.179423039139677 -0.607280063353443 -0.370516517448626
1311868233.979347 -0.407567616742095 -0.0250193600854799 0.3221644704122 -0.682520513021328 -0.177671287189126 -0.604124692844967 -0.370987895366732
1311868234.179448 -0.409967901439542 -0.0229746174273342 0.327286410918169 -0.684234466598101 -0.191157388093958 -0.596936022039872 -0.372759216234182
1311868234.343505 -0.412921633960672 -0.0222204883979445 0.331594036003106 -0.690226873096851 -0.20690599724764 -0.582089951436163 -0.376759950624995
1311868234.511642 -0.415928797174211 -0.0220399509122313 0.336505502504415 -0.692937410032661 -0.216755229396581 -0.571981362116177 -0.381696525656425
1311868234.711442 -0.41872827274131 -0.0215775724992445 0.342495801161328 -0.692518281999301 -0.218955234562053 -0.569216026612048 -0.385318244315794
1311868234.911468 -0.421073821911523 -0.0213148180321551 0.348244073665806 -0.693652389825983 -0.218501564615395 -0.566416191552004 -0.387654648233515
1311868235.111629 -0.422718233170967 -0.0209351707094499 0.354225040336516 -0.692776084686875 -0.214466819796354 -0.564755186704852 -0.393848776540349
1311868235.311695 -0.423784033318801 -0.0201070398092874 0.359665447825678 -0.694271225688498 -0.205139445719861 -0.566785320732441 -0.393267940713405
1311868235.543566 -0.423744239982682 -0.0192285032167723 0.365585792526131 -0.696476992632006 -0.206441257914096 -0.569372926365194 -0.384858774731014
1311868235.743898 -0.422595709353603 -0.0189257997599317 0.369214703560414 -0.690794493906035 -0.219637264297838 -0.578225618881696 -0.374456369941474
1311868235.979648 -0.420780150380907 -0.0181239090388727 0.374590504828361 -0.696601385723395 -0.214739175261412 -0.568907588876514 -0.380759440244107
1311868236.179561 -0.418505162062673 -0.0168744288081674 0.378229150299124 -0.70788279077062 -0.207797036858461 -0.555327415033406 -0.383840863009602
1311868236.412852 -0.415558213008552 -0.0152597319870262 0.382484706480758 -0.708879152427859 -0.209657954551963 -0.542134025517931 -0.399530459066603
1311868236.679569 -0.412472892475542 -0.0140628241230824 0.38637433416496 -0.72145087374487 -0.205608583812882 -0.527746847933929 -0.398393036499167
1311868236.911822 -0.411148933047219 -0.014162080041738 0.390532005036864 -0.732065573624054 -0.20688621264939 -0.512981173007469 -0.397653627004654
1311868237.111617 -0.409186123280365 -0.0135434951707678 0.394307230159418 -0.740481012824774 -0.195931560631415 -0.505668569788736 -0.396986134168878
1311868237.279719 -0.408014146879879 -0.0120497406836085 0.397671552156034 -0.751280198187459 -0.191908215763861 -0.492692859927501 -0.394972209541639
1311868237.447678 -0.406993954935022 -0.00923083434487271 0.402160669580761 -0.75320407053079 -0.194326884445009 -0.482692178177624 -0.402403965243741
1311868237.611575 -0.406154637627725 -0.00577018720049649 0.406359774372462 -0.752091263186088 -0.202767485373047 -0.466711473228767 -0.418837055991085
1311868237.779615 -0.406030565677309 -0.00231381159798927 0.411047029599063 -0.750818712364761 -0.213874545851579 -0.451289738073901 -0.432280594184949
1311868237.947730 -0.405047784340453 0.00128195140763265 0.414737877063262 -0.756451175589115 -0.207022336236258 -0.438218920798702 -0.439189650041014
1311868238.147711 -0.404174286920617 0.00405667391328357 0.420594821873569 -0.757299733066556 -0.198949319827975 -0.432725721785778 -0.446838597417779
1311868238.411808 -0.402222577492281 0.00726159527730585 0.424726017376966 -0.757325912741131 -0.198840501129111 -0.427845256034969 -0.451517833412932
1311868238.711811 -0.398586732982447 0.0104422122337792 0.427779766786952 -0.756205356231989 -0.19597046817291 -0.427903941091547 -0.45458470278757
1311868238.947727 -0.394221721980786 0.0128271449663154 0.429972789494584 -0.752690547081234 -0.182469483531579 -0.437250503011283 -0.457136550202073
1311868239.211956 -0.38992714259724 0.0161842139375807 0.431464474006019 -0.758419773332224 -0.195161971060194 -0.415803916382679 -0.462404969254682
1311868239.411681 -0.387138069052563 0.01731993069271 0.432607009506196 -0.768256460162855 -0.180663625092468 -0.396302073357263 -0.469134663651304
1311868239.711814 -0.383032710961052 0.0185169760529971 0.434736509322727 -0.768963252978043 -0.179393875063636 -0.375863459746413 -0.48501547685258
1311868239.947914 -0.380505458730141 0.0207320946659354 0.43736056653465 -0.77348348149208 -0.175409787445415 -0.350677683458266 -0.49797577516541
1311868240.147812 -0.378364807839104 0.024990247568349 0.441338240350288 -0.77092147909885 -0.181271568195871 -0.33668505083215 -0.5093759595564
1311868240.311899 -0.376981745006519 0.029366345813763 0.444568087627017 -0.769524488542622 -0.186313520040292 -0.322603504709396 -0.51869674428574
1311868240.547745 -0.375704178816599 0.0330111501364962 0.449922319628325 -0.75932055891431 -0.204863687964441 -0.312895741072062 -0.532502970304048
1311868240.947862 -0.374958544683713 0.037171429927137 0.454470826254556 -0.755715592079991 -0.189514565656724 -0.319632666544337 -0.539270926129797
1311868241.211864 -0.372331054723421 0.040425700000928 0.450492330172438 -0.752213678765326 -0.192907967187157 -0.323395485980365 -0.540718464010226
1311868241.411927 -0.370664951969407 0.0434092956536781 0.445236255054923 -0.752035223639825 -0.184376410274726 -0.328137575929095 -0.541086031054749
1311868241.611956 -0.36870214527898 0.0463661809866552 0.440160720888085 -0.758130316579624 -0.17456873744298 -0.328839651548989 -0.535377121811889
1311868241.779865 -0.367126555185479 0.0494309595619193 0.436271179547758 -0.761436417239906 -0.171637402292168 -0.321090407584766 -0.536335841420562
1311868241.947838 -0.365419194439912 0.0526651600659362 0.433014282802185 -0.761926499365144 -0.191762986695847 -0.303609329655047 -0.538995678503157
1311868242.111944 -0.363860453481137 0.0566892384151124 0.430682671543728 -0.763866598020858 -0.192169461760089 -0.281962553018909 -0.547791782605342
1311868242.347903 -0.362849778363706 0.0616634640045617 0.430165782744124 -0.764154042700323 -0.200076306954002 -0.257168965957255 -0.556688596406354
1311868242.612269 -0.361006894519455 0.0646979478798115 0.430354262963193 -0.771534217168694 -0.196834976002326 -0.229339374314018 -0.559816394319878
1311868242.948092 -0.356970344192038 0.0662460335385371 0.431798118887899 -0.778471469988654 -0.209578542424472 -0.22470998174709 -0.547324793036238
1311868243.348087 -0.353184208887702 0.0694893815288512 0.432234132837318 -0.786360809735627 -0.200740421008925 -0.226133500418754 -0.538705485653756
1311868243.611954 -0.350167147245803 0.0745912487826437 0.434006703552807 -0.783821100472771 -0.214748844195334 -0.196623231944836 -0.548494959894792
1311868243.747912 -0.346325182190225 0.0769312146111241 0.436247500771162 -0.777128966807952 -0.217726464060346 -0.171664857415959 -0.564975160979793
1311868243.948200 -0.34295273561786 0.0815533115160016 0.438383376604827 -0.769133669579138 -0.215582645881782 -0.158835257019376 -0.580283449912135
1311868244.112211 -0.339555349241487 0.0839332191240086 0.440488818812433 -0.771665085101289 -0.209145122305219 -0.134117817924016 -0.58549442795543
1311868244.312192 -0.337354863207082 0.0871412996050041 0.444685249974269 -0.771349031020115 -0.215317460899825 -0.107804317721758 -0.589098711980028
1311868244.548269 -0.332689322555135 0.0881946967376539 0.448222350246243 -0.76889487582054 -0.219079498221728 -0.11241131717076 -0.590058081181647
1311868244.780046 -0.328208533288255 0.0892871685958855 0.451377288269951 -0.768413884972513 -0.212187791975763 -0.112978800749209 -0.593087036529353
1311868245.012295 -0.324288925152369 0.0901494948901175 0.452544216335514 -0.758583993800491 -0.220703565850366 -0.131620702734802 -0.598762265830294
1311868245.312188 -0.317598520457625 0.0911460845698084 0.451864508642374 -0.760985858620877 -0.223794137260199 -0.122486835310283 -0.596501200571031
1311868245.512280 -0.312644191909148 0.0932481087772856 0.451068370252485 -0.769499382929859 -0.216063395827454 -0.101945947218539 -0.592278931332012
1311868245.748208 -0.306432060600829 0.0947842856069087 0.452250638137211 -0.771593962662147 -0.204441306041365 -0.107990304293567 -0.592608305161183
1311868245.916227 -0.302035251775391 0.0963823311425088 0.453202053999079 -0.769288178104986 -0.186128374046719 -0.0990278131222225 -0.603113106830606
1311868246.080289 -0.298245031259361 0.0987770836958339 0.454652356309783 -0.758240228838058 -0.195257277197954 -0.0845698113845346 -0.616274531418616
1311868246.316184 -0.29396648214324 0.102899259153926 0.45771075203132 -0.75049909663158 -0.196491626095391 -0.0750350845827418 -0.626507687830909
1311868246.548357 -0.291368779032397 0.107067072858201 0.4613002595403 -0.744096301594203 -0.197715237234794 -0.0734349267512995 -0.633905900313327
1311868246.848370 -0.288266600045993 0.111439695443661 0.466157314174627 -0.738179410763044 -0.202538477736694 -0.0842796422678002 -0.637939075822166
1311868247.280345 -0.284131165221305 0.114920852078582 0.464906975492331 -0.740855931582041 -0.200009747101439 -0.10020452502818 -0.633314805501973
1311868247.580231 -0.280428739417768 0.114730804884879 0.458961038723368 -0.74028787042176 -0.205834558622114 -0.0931431754845248 -0.633190612883604
1311868247.780427 -0.277782178887854 0.114352324707027 0.453013482723559 -0.744358045803918 -0.200225434954483 -0.0866077200895356 -0.631141804719947
1311868247.980227 -0.274876338385396 0.113757219702021 0.4470099808318 -0.74465078177346 -0.210319029198636 -0.0829032850455953 -0.628003315667814
1311868248.180377 -0.271766145472123 0.113334476420517 0.441990004315488 -0.746599646558549 -0.20128957624191 -0.0697715104424774 -0.630240756049287
1311868248.380451 -0.269010379633926 0.112904288065217 0.436898657894739 -0.741510491305187 -0.201501874385311 -0.0609164225024813 -0.637062301013838
1311868248.548298 -0.265472148440217 0.112771548998205 0.432348083316057 -0.735402361770053 -0.19820351749024 -0.0449812964723597 -0.646432838681011
1311868248.716495 -0.261961056503632 0.113425879820275 0.427931252665285 -0.727857050165393 -0.216793988664928 -0.0257049661202798 -0.650049025628098
1311868248.848299 -0.259484207633236 0.114178420560239 0.424125728741115 -0.716262765367201 -0.215808197835882 -0.00957519172402161 -0.663553154162353
1311868248.980371 -0.256391159077804 0.114851623709169 0.41979445562436 -0.7142041523587 -0.211021656444718 -0.012083591473664 -0.667260276115712
1311868249.148549 -0.252588540113662 0.115554183538107 0.415958016925899 -0.712330381763813 -0.221800319509925 -0.0173722837985133 -0.665648743134951
1311868249.380649 -0.249938072570527 0.115239117638097 0.410980182053806 -0.713961003267942 -0.224966064914798 -0.0173147620113641 -0.662834937571847
1311868249.580331 -0.249244863483052 0.11441209307775 0.406304830372002 -0.721243110862796 -0.231453641087465 -0.0172384870064963 -0.652641112424001
1311868249.848322 -0.248869862898905 0.111534820421454 0.399747280786087 -0.722546678439754 -0.230486934771629 -0.0184038681897948 -0.651508532569536
1311868250.016358 -0.249315745769474 0.109713222381932 0.39530182722236 -0.729875788689615 -0.233955818008606 -0.0241340956352842 -0.641843870214948
1311868250.216361 -0.250663441517673 0.107221868892447 0.390703492080886 -0.735320028702562 -0.237888203908371 -0.0231683643278512 -0.6341741753844
1311868250.416431 -0.2516154860021 0.105800439504391 0.386066199563595 -0.740505025798992 -0.232019316650909 -0.0171285021610358 -0.630496596248543
1311868250.616408 -0.253012748715267 0.10424660107593 0.382315529610321 -0.742502879379988 -0.223332196665645 -0.00965832021788213 -0.631441937865623
1311868251.480572 -0.250394106015514 0.105711213263818 0.380836786455513 -0.749941595857952 -0.242122140023868 0.0132632133469231 -0.615458007734082
1311868251.716509 -0.246351594927962 0.108986976844694 0.382256911034768 -0.74974781266053 -0.236892180210996 0.0158941941317476 -0.61766308531313
1311868251.881180 -0.242372204068597 0.111903837128971 0.383231903083237 -0.747117867482301 -0.241550847977279 0.0191326644101346 -0.618952357684116
1311868252.048722 -0.238072972001706 0.115603186965708 0.383045951904923 -0.745262519558613 -0.243976102862386 0.0265017138653895 -0.619965400111513
1311868252.216665 -0.233683766425814 0.119477949756247 0.38332493606612 -0.742313741210951 -0.250317090111679 0.03940704335592 -0.620289246191942
1311868252.348634 -0.229716526969573 0.122639339547757 0.384407025080164 -0.738720614932476 -0.266058209462532 0.0528823907808221 -0.617015668355902
1311868252.480598 -0.225552468969065 0.125216760788138 0.385580250521986 -0.733396743080908 -0.263904407218471 0.0601765475803496 -0.623588377225148
1311868252.616626 -0.221104712120723 0.127802439182152 0.386094396363148 -0.728939910469644 -0.254855706686654 0.0640791677232347 -0.63213055293796
1311868252.780724 -0.216215856644048 0.130279879140629 0.38692711163505 -0.7230936488024 -0.254569178510378 0.0606241024091315 -0.639261156821897
1311868253.181948 -0.206253546197419 0.133440939943349 0.386148630643774 -0.718793958562739 -0.243728638063123 0.0500744915271382 -0.649171888963087
1311868253.381067 -0.201504540474879 0.133914157149779 0.384533644004694 -0.713892266346499 -0.253026061883479 0.0436475801931546 -0.651483332712111
1311868253.548549 -0.197507706466001 0.13410272163231 0.382064187347799 -0.710476311726663 -0.253375129427207 0.0398465431973063 -0.655314204987385
1311868253.716771 -0.193743007017981 0.134189257154437 0.380076879181244 -0.716914708567806 -0.24724192968539 0.049270439382208 -0.649982424875986
1311868253.916916 -0.188875899834028 0.134533978795515 0.37827851106595 -0.716459435702701 -0.239879240789087 0.0506657626775421 -0.653128476888983
1311868254.116780 -0.184036176680991 0.135147412885631 0.376640456820303 -0.713604894940608 -0.244544956820013 0.0616928035762657 -0.653574644549192
1311868254.281235 -0.179464006982968 0.135980334016847 0.375853359576795 -0.708240777966757 -0.237979119591309 0.0807146375996608 -0.659731829109938
1311868254.416896 -0.175382161258448 0.137509707401785 0.374608792693217 -0.699345847384589 -0.235918760665714 0.0978170988934268 -0.667599834688384
1311868254.680858 -0.166915904721178 0.140822759817177 0.372604443988838 -0.676559584531247 -0.239581276672246 0.135055186602947 -0.683101776471593
1311868254.816878 -0.162703283984977 0.141992725889342 0.372012932871453 -0.668225999939353 -0.235401524877923 0.143950111911879 -0.690896881141287
1311868254.984826 -0.158107846736378 0.14341797268511 0.371430963399384 -0.662506430728045 -0.231772766332215 0.148480763725519 -0.696649177731651
1311868255.185128 -0.153561072488338 0.145209311509407 0.371033113554404 -0.658922031668534 -0.226959422980215 0.157615571412277 -0.699620259962989
1311868255.484846 -0.14859098851854 0.146477508474106 0.369680740537092 -0.659107416709663 -0.223301961142511 0.163829328353592 -0.699194964626773
1311868255.817549 -0.143710513790262 0.146700475924677 0.366686887937029 -0.657075994733789 -0.225238321636862 0.16538273514293 -0.700119551596336
1311868256.017528 -0.139738858990318 0.145701532983103 0.362620992234081 -0.655130316432566 -0.222318394217108 0.167140806447482 -0.702454803459822
1311868256.184808 -0.136641408559219 0.145021564875973 0.358189749901013 -0.652294438845419 -0.229155807082488 0.179059091382252 -0.699955300662175
1311868256.348901 -0.133602822580019 0.14430632813757 0.353598802500808 -0.650203719925082 -0.234964892047311 0.187349038540567 -0.697801518957007
1311868256.517192 -0.131141962583646 0.14406747829098 0.350004949008375 -0.65694833877647 -0.230881029556964 0.194299547625198 -0.690912813719789
1311868256.684944 -0.128563946887901 0.14391757167876 0.346269709024435 -0.664150999513194 -0.225055825216456 0.19579476674401 -0.685505459276163
1311868256.885027 -0.126013082132896 0.143428533852767 0.342290503312141 -0.661530938905913 -0.224575967076006 0.215710453416588 -0.682210709509128
1311868257.085190 -0.123692751675362 0.142919674592915 0.337582057531881 -0.655336204939802 -0.227441498419534 0.238101034601331 -0.679788732337886
1311868257.248914 -0.121360998626806 0.143226667794014 0.333667465671543 -0.647444303962485 -0.230544480046437 0.257876276665288 -0.67909126184917
1311868257.416835 -0.119600509437711 0.143310943709924 0.328724914283906 -0.631108505409926 -0.239019906535363 0.273390102236294 -0.685441019109817
1311868257.717951 -0.116533224319859 0.144271435544606 0.320715751778211 -0.620988716106606 -0.235228974948032 0.310443144129399 -0.680195117650973
1311868257.949031 -0.116741350249956 0.14439193673655 0.315848916607517 -0.616155098564107 -0.248002240619771 0.330280548655407 -0.67064337940586
1311868258.086178 -0.11805154377306 0.144001759730637 0.312997080429467 -0.597292428662094 -0.236845735722935 0.346234352488712 -0.683569766219603
1311868258.185124 -0.118192401281866 0.142356656871462 0.309996946987175 -0.583776080234043 -0.229083748468741 0.360982866845502 -0.690230029901691
1311868258.349077 -0.119914426486911 0.13991368523984 0.305196749053726 -0.578557073614565 -0.242490291310951 0.357818696823133 -0.691690647178546
1311868258.484910 -0.121890328843503 0.137902531499534 0.300561927158098 -0.575012616036276 -0.248431674454266 0.365805068565219 -0.688352269073738
1311868258.648890 -0.124906722887576 0.136083538430187 0.296306903642327 -0.585141696951872 -0.247894185138104 0.364731611391264 -0.680535464994243
1311868258.817013 -0.126463252427534 0.133851089266814 0.291907934523603 -0.585739740580081 -0.223473968086303 0.3708396679771 -0.685161501069329
1311868259.017026 -0.127581124218475 0.130989587513855 0.287194228398699 -0.587182067471961 -0.225911891281999 0.385285605521337 -0.675082246244708
1311868259.185707 -0.12850589671202 0.128146965778283 0.283421352174062 -0.585623263152176 -0.229249680837867 0.401124888424003 -0.666024625203576
1311868259.350162 -0.127499550485793 0.125507346649467 0.279798308911516 -0.58362176984185 -0.225884336898796 0.419576906935448 -0.657508262516099
1311868259.485201 -0.126717242814075 0.123557276214099 0.275296150066309 -0.583859377104514 -0.23081242670072 0.430004599127147 -0.648791103651365
1311868260.085277 -0.121018441036745 0.119678952817518 0.268411286079651 -0.58257308567463 -0.227449450850558 0.452102824454475 -0.635986150223105
