1311867718.641710 0 0 0 0 0 0 1 
1311867718.676844 0.0009607937 -0.000161572 0.000218671 4.043736e-05 -0.001184225 0.000102016 0.9999993 
1311867718.711416 0.001394224 -0.0006397415 -0.000342709 -0.0008327026 -0.002780145 0.0002201703 0.9999958 
1311867718.740990 -0.0006537561 7.381853e-05 0.0006549307 -0.001140959 -0.003618241 3.634431e-05 0.9999928 
1311867718.776797 -0.0008213696 0.0003573819 0.001081514 -0.0004781716 -0.003807631 -0.000259554 0.9999926 
1311867718.809404 -0.0003485881 -0.001248366 0.0001925726 -0.001333456 -0.005220669 0.0001746147 0.9999855 
1311867718.840808 -0.000328982 -0.0009424396 0.0006227206 -0.002112441 -0.007424664 0.0004434972 0.9999701 
1311867718.876778 -0.0008189128 -0.002412314 0.0009690127 -0.00335302 -0.009250731 0.000566552 0.9999514 
1311867718.908850 -0.002280645 -0.002876819 0.0004131189 -0.004622908 -0.01062284 0.0007528002 0.9999326 
1311867718.943827 -0.003958526 -0.003289802 0.0009780033 -0.006098965 -0.01104977 0.0006911042 0.9999201 
1311867718.978411 -0.003786456 -0.002686516 0.002175398 -0.006038081 -0.01240832 0.0007180988 0.9999045 
1311867719.009043 -0.003787126 -0.003090691 0.002170524 -0.006336082 -0.01424798 0.0009642763 0.999878 
1311867719.044107 -0.004802123 -0.004108299 0.002063859 -0.007239835 -0.01570604 0.001049093 0.9998499 
1311867719.076862 -0.00451444 -0.004032362 0.002463174 -0.007479194 -0.01730042 0.0008619298 0.999822 
1311867719.108689 -0.003748204 -0.004609311 0.002711514 -0.007993712 -0.01932751 0.0007085792 0.999781 
1311867719.143686 -0.004142249 -0.004465844 0.002964706 -0.008425948 -0.02097651 0.0002855873 0.9997444 
1311867719.181029 -0.004986973 -0.004232762 0.003438951 -0.008602219 -0.0217622 -0.0004621446 0.9997261 
1311867719.212694 -0.005944948 -0.00587673 0.004193396 -0.009592081 -0.02243541 -0.0009893848 0.9997018 
1311867719.241203 -0.006544973 -0.004757832 0.004557296 -0.008917211 -0.02418154 -0.00146299 0.9935891 
1311867719.277940 -0.006883351 -0.008192219 0.005091101 -0.01061275 -0.02689153 -0.001864473 0.9995803 
1311867719.310475 -0.008262525 -0.005112632 0.004861237 -0.009368655 -0.02882572 -0.002034856 0.99346 
1311867719.341298 -0.008875892 -0.003860798 0.005383371 -0.008967316 -0.03068773 -0.002359015 0.9934073 
1311867719.377256 -0.01001343 -0.006634837 0.006231537 -0.009824019 -0.03241254 -0.002283075 0.9933446 
1311867719.410563 -0.009989108 -0.005853286 0.005385906 -0.009286269 -0.03521812 -0.002143613 0.9932545 
1311867719.442766 -0.01246102 -0.005764058 0.006894759 -0.00911546 -0.03588829 -0.002860163 0.9932303 
1311867719.478751 -0.01436567 -0.006676724 0.007790628 -0.007910167 -0.03673191 -0.003208197 0.9932087 
1311867719.510380 -0.01297668 -0.00742736 0.006517221 -0.007277979 -0.04027276 -0.003202066 0.9930763 
1311867719.544921 -0.01344657 -0.008357953 0.006828981 -0.008180617 -0.04348502 -0.003271807 0.9929336 
1311867719.577180 -0.01446342 -0.007255723 0.008502071 -0.007171106 -0.04635103 -0.003697057 0.9928102 
1311867719.611229 -0.01577659 -0.009797147 0.007221625 -0.007845129 -0.04864301 -0.003802295 0.9926951 
1311867719.642179 -0.01597318 -0.008119104 0.007286961 -0.007757932 -0.05100502 -0.004298823 0.9925752 
1311867719.677038 -0.01645611 -0.009963519 0.0079329 -0.009190497 -0.05327088 -0.00496043 0.9924409 
1311867719.710780 -0.01884807 -0.01087097 0.006873446 -0.01056734 -0.05405912 -0.005496723 0.9923817 
1311867719.744241 -0.02058001 -0.0103189 0.006837256 -0.01229704 -0.05478669 -0.006223092 0.9923176 
1311867719.780617 -0.02243368 -0.009548554 0.007510214 -0.01359174 -0.05551437 -0.006933817 0.9922555 
1311867719.809826 -0.02309936 -0.01048115 0.008491992 -0.01531712 -0.05750127 -0.007158519 0.9921156 
1311867719.845485 -0.02210085 -0.009549507 0.009872522 -0.01491443 -0.06016945 -0.007521119 0.9931513 
1311867719.877098 -0.02339824 -0.01049211 0.009559366 -0.01517587 -0.0615731 -0.007508436 0.9918708 
1311867719.911346 -0.02346541 -0.01032013 0.01010028 -0.01527823 -0.06382091 -0.007489917 0.992918 
1311867719.946191 -0.02432788 -0.01089719 0.01087139 -0.01524693 -0.0661957 -0.006966321 0.9927668 
1311867719.980781 -0.02536386 -0.01147825 0.01077153 -0.01499375 -0.06872633 -0.00661274 0.9926011 
1311867720.011619 -0.02576172 -0.01446029 0.01009948 -0.01663677 -0.0722521 -0.006267742 0.9923268 
1311867720.045018 -0.02668779 -0.01345895 0.01099017 -0.01676761 -0.07668481 -0.006752301 0.9919887 
1311867720.077237 -0.02834162 -0.01249459 0.01161312 -0.01632414 -0.08020438 -0.007355387 0.9917134 
1311867720.112133 -0.02833564 -0.01125366 0.01171758 -0.01550973 -0.08220391 -0.007859207 0.9915589 
1311867720.145146 -0.02897267 -0.01213099 0.01130556 -0.01574806 -0.08316424 -0.007744535 0.991476 
1311867720.178155 -0.02848421 -0.01070732 0.01149292 -0.01546398 -0.08456966 -0.007645165 0.9913623 
1311867720.209495 -0.02758573 -0.01089152 0.0110614 -0.01620921 -0.08629558 -0.007581436 0.9912022 
1311867720.242131 -0.02851984 -0.01056657 0.01176433 -0.01728818 -0.08760638 -0.007681591 0.9910682 
1311867720.277071 -0.02952386 -0.01123208 0.01179762 -0.01821377 -0.08939661 -0.007867918 0.9908902 
1311867720.309449 -0.0280793 -0.009869842 0.01115432 -0.01961415 -0.09156053 -0.008767992 0.9906583 
1311867720.343065 -0.02981305 -0.01122581 0.01284008 -0.02244661 -0.09232199 -0.01024023 0.9905134 
1311867720.377976 -0.02821793 -0.01210489 0.01568819 -0.02304813 -0.09634452 -0.01141176 0.9901036 
1311867720.409156 -0.03177295 -0.01237507 0.01425149 -0.02267771 -0.09884367 -0.01219154 0.9898565 
1311867720.441220 -0.03006776 -0.01065351 0.01476005 -0.02210182 -0.1022857 -0.01317707 0.9895071 
1311867720.479884 -0.03200232 -0.01035872 0.01573858 -0.02147969 -0.1029578 -0.01361178 0.9894453 
1311867720.510432 -0.03284635 -0.01286626 0.01466579 -0.0216266 -0.1040444 -0.01338793 0.9893314 
1311867720.541034 -0.03271917 -0.01206238 0.01410073 -0.02190207 -0.1088094 -0.01361181 1.010722 
1311867720.579308 -0.03184786 -0.01206809 0.01610054 -0.02130368 -0.1093558 -0.01345114 0.9887646 
1311867720.612118 -0.03420902 -0.01332839 0.01514455 -0.02147164 -0.1131046 -0.01370284 1.010258 
1311867720.641066 -0.03584888 -0.01377313 0.01420816 -0.02159569 -0.1150417 -0.0137858 1.010036 
1311867720.679784 -0.03644956 -0.01421903 0.01481709 -0.0218141 -0.11758 -0.01387424 1.009738 
1311867720.710230 -0.03782957 -0.01545512 0.01551735 -0.02150518 -0.1197369 -0.0139344 1.00949 
1311867720.741101 -0.0388266 -0.01584097 0.01352093 -0.0212301 -0.1223191 -0.01373759 1.009189 
1311867720.778976 -0.03955084 -0.01502357 0.01329258 -0.02176499 -0.1250811 -0.01363193 1.00884 
1311867720.811572 -0.04046536 -0.01573098 0.01419245 -0.02255326 -0.1279141 -0.01328217 1.008472 
1311867720.840899 -0.0407729 -0.01574782 0.01357202 -0.0229641 -0.1308205 -0.01312237 1.008092 
1311867720.881326 -0.04102464 -0.01516131 0.01352349 -0.02353372 -0.1332146 -0.01318286 1.007765 
1311867720.910555 -0.04159028 -0.01477919 0.01393673 -0.02402941 -0.1353265 -0.01313177 1.007472 
1311867720.940922 -0.04149841 -0.01472638 0.0140077 -0.02440232 -0.1372024 -0.0131106 1.00721 
1311867720.979768 -0.0418895 -0.01449339 0.01416029 -0.02470866 -0.1383801 -0.01336729 1.007038 
1311867721.009382 -0.04246329 -0.01504416 0.01372858 -0.02510687 -0.1393833 -0.0132937 1.006891 
1311867721.041083 -0.04257551 -0.01544568 0.01338824 -0.02572921 -0.1410934 -0.01321694 1.006638 
1311867721.079425 -0.04346027 -0.01549695 0.01298959 -0.02623929 -0.142666 -0.0133395 1.006401 
1311867721.110348 -0.04355551 -0.01534531 0.01366369 -0.02659027 -0.1443442 -0.01361027 1.006149 
1311867721.141329 -0.04388906 -0.01635563 0.01303849 -0.02720586 -0.1459654 -0.01355467 1.005899 
1311867721.177361 -0.04424158 -0.01679853 0.01257148 -0.02786072 -0.1482328 -0.01359336 1.005549 
1311867721.211218 -0.04460616 -0.01724055 0.01246233 -0.02858456 -0.1508532 -0.013537 1.00514 
1311867721.240992 -0.04508401 -0.01730957 0.01313697 -0.02888002 -0.1533337 -0.01367259 1.004754 
1311867721.279999 -0.04545621 -0.01779819 0.012222 -0.02921311 -0.1558759 -0.0137254 1.004353 
1311867721.309958 -0.04580053 -0.01709229 0.01271803 -0.02908858 -0.15809 -0.01433682 1.004002 
1311867721.340962 -0.04610293 -0.01774428 0.01149314 -0.02944894 -0.159838 -0.01447383 1.003712 
1311867721.378995 -0.04712276 -0.01882038 0.01087155 -0.03063014 -0.1620601 -0.0143584 1.003322 
1311867721.409249 -0.04754433 -0.01842878 0.01007636 -0.03138947 -0.164887 -0.01451068 1.002836 
1311867721.441211 -0.04743016 -0.0184951 0.01018714 -0.03260194 -0.1675434 -0.01448909 1.002357 
1311867721.476886 -0.04798409 -0.01868373 0.009923863 -0.03376428 -0.1701587 -0.01461232 1.001876 
1311867721.509312 -0.0485577 -0.01859704 0.01100054 -0.03442614 -0.172508 -0.01482888 1.001449 
1311867721.541158 -0.04864522 -0.01893918 0.009771609 -0.03561071 -0.1790781 -0.01524541 1.024678 
1311867721.576967 -0.04893474 -0.01798526 0.008921813 -0.03535085 -0.1771197 -0.01517108 1.000606 
1311867721.609436 -0.04943103 -0.01772163 0.01084133 -0.03656517 -0.182734 -0.01560303 1.023993 
1311867721.640963 -0.04988933 -0.01934892 0.008923465 -0.0370475 -0.1842812 -0.01510412 1.023706 
1311867721.680028 -0.05001272 -0.01767477 0.006407284 -0.03772462 -0.1864928 -0.01548963 1.023275 
1311867721.708988 -0.0499894 -0.0176273 0.00861852 -0.03950561 -0.1889701 -0.01554011 1.022752 
1311867721.741076 -0.05049456 -0.01904497 0.008658561 -0.04020586 -0.1912238 -0.01547953 1.022307 
1311867721.778692 -0.0506826 -0.01740247 0.006878334 -0.04042405 -0.193351 -0.01590509 1.021892 
1311867721.809076 -0.05084752 -0.01754685 0.00802732 -0.04183202 -0.195387 -0.01591575 1.021447 
1311867721.840973 -0.05124825 -0.01851128 0.008183204 -0.04224329 -0.1973708 -0.01572501 1.021052 
1311867721.877872 -0.05139169 -0.01682406 0.00661698 -0.0420269 -0.1987277 -0.01613046 1.020791 
1311867721.908974 -0.05156815 -0.01706233 0.007262827 -0.04298715 -0.1997556 -0.01622691 1.020549 
1311867721.940976 -0.05179695 -0.01802837 0.007064564 -0.0434454 -0.2009442 -0.01633078 1.020295 
1311867721.977359 -0.05214046 -0.01782727 0.005696421 -0.04388509 -0.2023462 -0.01656747 1.019995 
1311867722.009091 -0.05238429 -0.01778278 0.006842145 -0.04430088 -0.2040823 -0.01698417 1.019624 
1311867722.040990 -0.05250238 -0.01843405 0.006182389 -0.04437984 -0.2054068 -0.01709216 1.019353 
1311867722.080071 -0.05279016 -0.01865847 0.005730745 -0.0446819 -0.2069844 -0.01704655 1.019021 
1311867722.109064 -0.05316118 -0.01974418 0.006059348 -0.04500349 -0.2092831 -0.01687326 1.01854 
1311867722.140966 -0.05380496 -0.01997006 0.00435414 -0.04500877 -0.2119685 -0.01680396 1.017986 
1311867722.179813 -0.05390423 -0.01823778 0.003972592 -0.04503127 -0.2144124 -0.01727146 1.017465 
1311867722.209056 -0.05384754 -0.01844275 0.006230848 -0.04515082 -0.2160989 -0.01747023 1.0171 
1311867722.240996 -0.05421781 -0.0188781 0.004943184 -0.04466839 -0.2170076 -0.01734071 1.01693 
1311867722.277859 -0.0543741 -0.01784599 0.003381315 -0.04473682 -0.2182246 -0.01749857 1.016663 
1311867722.309042 -0.05446173 -0.01867332 0.005249765 -0.04552424 -0.2199006 -0.0172076 1.016272 
1311867722.340959 -0.05464392 -0.01882231 0.005170001 -0.04495315 -0.2215516 -0.01712058 1.01594 
1311867722.377784 -0.05481956 -0.01792645 0.003933204 -0.04468705 -0.2227734 -0.01733056 1.015681 
1311867722.408986 -0.05493809 -0.01876611 0.005627673 -0.04512168 -0.2248566 -0.01710738 1.015207 
1311867722.440953 -0.05524227 -0.01973023 0.005437886 -0.04482524 -0.2272702 -0.01679939 1.014688 
1311867722.477785 -0.05551327 -0.01889991 0.003916398 -0.04448988 -0.2298508 -0.01707677 1.014116 
1311867722.509074 -0.05570444 -0.01862841 0.005147514 -0.04472505 -0.232527 -0.01723481 1.013493 
1311867722.541117 -0.05600371 -0.01799264 0.004477989 -0.04461396 -0.2347911 -0.01709941 1.012978 
1311867722.580221 -0.05582259 -0.01711193 0.005437705 -0.04447752 -0.2368223 -0.01702905 1.012512 
1311867722.609181 -0.05592577 -0.01742689 0.006320821 -0.04434605 -0.2383751 -0.01657535 1.012161 
1311867722.641131 -0.0557593 -0.01866915 0.006275451 -0.04421648 -0.2403674 -0.01596709 1.011705 
1311867722.677812 -0.05615406 -0.01857647 0.005296693 -0.04374379 -0.2426837 -0.01574991 1.011176 
1311867722.709099 -0.05621936 -0.01806855 0.005969404 -0.04339065 -0.2451418 -0.01551518 1.010602 
1311867722.741113 -0.05623782 -0.01921951 0.005826071 -0.04331625 -0.2478202 -0.01520192 1.009956 
1311867722.777008 -0.0568454 -0.01913216 0.003557375 -0.04331928 -0.2507479 -0.01557161 1.009228 
1311867722.809024 -0.05720773 -0.01829464 0.003306805 -0.04423985 -0.2542961 -0.01673182 1.008281 
1311867722.841216 -0.05744113 -0.01891915 0.007190737 -0.04724256 -0.2720417 -0.01853808 1.061024 
1311867722.877106 -0.05797275 -0.01762524 0.005085249 -0.0436541 -0.2606102 -0.01855657 1.006661 
1311867722.909250 -0.05823035 -0.01538177 0.004544882 -0.04628053 -0.2760644 -0.02061847 1.059989 
1311867722.941312 -0.0582592 -0.01719231 0.007115569 -0.04795165 -0.278052 -0.02029871 1.059401 
1311867722.977155 -0.05888514 -0.01729819 0.005620293 -0.04795214 -0.2803236 -0.02035709 1.058801 
1311867723.009268 -0.0593752 -0.015027 0.004462218 -0.04871938 -0.2821374 -0.02141425 1.058263 
1311867723.041198 -0.05931289 -0.01639128 0.007013054 -0.05089789 -0.2842851 -0.02172653 1.057579 
1311867723.077308 -0.05970017 -0.01705502 0.00714541 -0.05101167 -0.2860197 -0.02216492 1.057097 
1311867723.109195 -0.06049495 -0.01664245 0.005080774 -0.05116823 -0.2874411 -0.02283511 1.05669 
1311867723.141150 -0.06108354 -0.01794877 0.006023951 -0.05222 -0.2895471 -0.02330618 1.056053 
1311867723.176997 -0.06216792 -0.0187332 0.00470289 -0.05216401 -0.291679 -0.02374857 1.055459 
1311867723.209256 -0.06302365 -0.01942097 0.003798906 -0.05244166 -0.29363 -0.0245099 1.054886 
1311867723.241074 -0.06487184 -0.02094487 0.002306637 -0.05302426 -0.2944616 -0.02532552 1.054606 
1311867723.277345 -0.06831402 -0.02395785 0.0006306169 -0.05423905 -0.2944565 -0.02588769 1.054532 
1311867723.309381 -0.07938159 -0.03282365 -0.005063802 -0.05790247 -0.2911786 -0.02690144 1.055222 
1311867723.341250 -0.09417949 -0.04299962 -0.01678317 -0.0625676 -0.2860509 -0.0306706 1.056255 
1311867723.377211 -0.1021556 -0.04057869 -0.01244525 -0.06217875 -0.2846377 -0.02783911 1.056738 
1311867723.409330 -0.1141383 -0.03763621 -0.02620603 -0.05998748 -0.2795535 -0.03049476 1.058148 
1311867723.441091 -0.1517362 -0.05172391 -0.04722698 -0.06665851 -0.2623188 -0.03725658 1.061938 
1311867723.477064 -0.1573726 -0.05099135 -0.04884707 -0.06721344 -0.2612653 -0.03818744 1.06213 
1311867723.509287 -0.1618396 -0.05301374 -0.04906006 -0.06922803 -0.261737 -0.0377491 1.0619 
1311867723.541233 -0.1665286 -0.05584735 -0.05286236 -0.07113606 -0.2622921 -0.03861771 1.061605 
1311867723.577122 -0.1688704 -0.05565323 -0.05357339 -0.07142715 -0.2633626 -0.03881647 1.061314 
1311867723.609219 -0.1699888 -0.05326438 -0.05389727 -0.0706201 -0.2654637 -0.03849958 1.060856 
1311867723.641284 -0.1709265 -0.05260852 -0.05387715 -0.07078983 -0.2662559 -0.03827772 1.060654 
1311867723.677183 -0.1727804 -0.0528462 -0.05500901 -0.07093378 -0.2668866 -0.03816933 1.060489 
1311867723.709219 -0.174939 -0.05369818 -0.05706692 -0.07121159 -0.2678798 -0.03849201 1.060209 
1311867723.741203 -0.1758286 -0.05303966 -0.05685018 -0.07111328 -0.2696022 -0.03784694 1.059802 
1311867723.777117 -0.1755023 -0.05200255 -0.05599649 -0.0705303 -0.2721948 -0.03705238 1.059206 
1311867723.809375 -0.1756181 -0.05314249 -0.05573267 -0.07052864 -0.2759506 -0.03653726 1.058252 
1311867723.841052 -0.1738985 -0.05059498 -0.05696657 -0.06927898 -0.2799571 -0.03608269 1.057297 
1311867723.877078 -0.1758238 -0.05313269 -0.0552257 -0.07009809 -0.2816778 -0.03546958 1.056807 
1311867723.909216 -0.175525 -0.05193729 -0.0562036 -0.06908939 -0.2844047 -0.03412897 1.056187 
1311867723.941193 -0.1741956 -0.05046915 -0.05757395 -0.07000311 -0.2873107 -0.03427069 1.055335 
1311867723.977347 -0.1750994 -0.05112332 -0.05417057 -0.07138387 -0.2905113 -0.03271722 1.054415 
1311867724.009134 -0.1760034 -0.05180348 -0.0542739 -0.07182662 -0.2924463 -0.03129768 1.053893 
1311867724.041275 -0.2623295 -0.06918685 -0.08721704 -0.08385603 -0.2694921 -0.04805406 1.111351 
1311867724.077169 -0.1765405 -0.05252051 -0.05476687 -0.07361431 -0.2962312 -0.03098755 1.052722 
1311867724.109312 -0.2626066 -0.0693172 -0.08559949 -0.08412022 -0.273229 -0.04736023 1.110448 
1311867724.141328 -0.2630723 -0.06848764 -0.08741568 -0.08449091 -0.2745113 -0.04823197 1.110066 
1311867724.177099 -0.2627375 -0.0685079 -0.08543557 -0.08536508 -0.2760587 -0.04862373 1.109599 
1311867724.209497 -0.2631069 -0.06881839 -0.08631768 -0.08556921 -0.2773952 -0.04867552 1.109247 
1311867724.241223 -0.2638363 -0.06859783 -0.0876437 -0.08642698 -0.2788033 -0.04897934 1.108814 
1311867724.277149 -0.2635442 -0.06785854 -0.08565784 -0.08718828 -0.2806817 -0.04936491 1.108264 
1311867724.309237 -0.2634658 -0.0689246 -0.08497216 -0.08730507 -0.2817581 -0.0489048 1.108002 
1311867724.341263 -0.2641856 -0.06894697 -0.08680307 -0.08755603 -0.2833837 -0.04840781 1.107589 
1311867724.377522 -0.2642351 -0.06823877 -0.08607717 -0.08819838 -0.2856219 -0.04876496 1.106947 
1311867724.409261 -0.2638831 -0.06828863 -0.08390137 -0.08811729 -0.2868529 -0.04932557 1.10661 
1311867724.445101 -0.2643212 -0.06904993 -0.08428709 -0.0877735 -0.2878445 -0.04983251 1.106358 
1311867724.477073 -0.264841 -0.06963839 -0.08516269 -0.08754555 -0.2896076 -0.0505083 1.105885 
1311867724.509510 -0.2652378 -0.06977556 -0.08538207 -0.08750899 -0.2915133 -0.05130972 1.10535 
1311867724.545372 -0.2542069 -0.0658344 -0.07742021 -0.08477289 -0.2991 -0.05017952 1.103587 
1311867724.577173 -0.2553551 -0.0663758 -0.07764888 -0.08423465 -0.3000882 -0.05087104 1.103328 
1311867724.609288 -0.2548909 -0.06612317 -0.07754557 -0.08332305 -0.3021688 -0.05044768 1.102849 
1311867724.645139 -0.2549095 -0.06612434 -0.07754672 -0.08385481 -0.3044873 -0.05026154 1.102179 
1311867724.677186 -0.2550038 -0.06573895 -0.07605444 -0.08325205 -0.307337 -0.04994409 1.101448 
1311867724.709303 -0.2550705 -0.06592803 -0.07694063 -0.08290913 -0.3100109 -0.04914672 1.10076 
1311867724.745227 -0.2550641 -0.06607167 -0.07713727 -0.08496878 -0.3125511 -0.04859326 1.099909 
1311867724.777282 -0.2555679 -0.06587563 -0.07627669 -0.08629711 -0.3147161 -0.04825712 1.099203 
1311867724.809388 -0.2556282 -0.0656759 -0.07568217 -0.08628818 -0.3168806 -0.04789193 1.098597 
1311867724.845439 -0.2556036 -0.06583312 -0.07576631 -0.08657923 -0.3194627 -0.04754804 1.097841 
1311867724.877196 -0.2554523 -0.06555534 -0.07536116 -0.08733843 -0.3219072 -0.04744424 1.097071 
1311867724.909339 -0.2558855 -0.0655917 -0.07473538 -0.0872199 -0.3240528 -0.04725998 1.096457 
1311867724.945383 -0.255857 -0.06570607 -0.07501485 -0.08721223 -0.3259747 -0.04706821 1.095896 
1311867724.977351 -0.2559316 -0.0654953 -0.07476274 -0.0877899 -0.3269101 -0.04701932 1.095573 
1311867725.009417 -0.2562538 -0.06559289 -0.07423662 -0.08750145 -0.3282354 -0.0465728 1.095219 
1311867725.045371 -0.256208 -0.06553351 -0.07420211 -0.08725974 -0.3300341 -0.04628541 1.09471 
1311867725.077165 -0.2562242 -0.06547864 -0.07429276 -0.08786416 -0.3316756 -0.04623481 1.094167 
1311867725.109324 -0.2564132 -0.06534622 -0.07339159 -0.08787432 -0.3332741 -0.04617079 1.093684 
1311867725.145400 -0.2560377 -0.06509376 -0.07355501 -0.08732913 -0.335115 -0.04567254 1.093186 
1311867725.177425 -0.2562633 -0.06502848 -0.073393 -0.08823573 -0.3368659 -0.04545069 1.092584 
1311867725.209553 -0.2567906 -0.06510308 -0.07258089 -0.08823076 -0.3389194 -0.04528396 1.091956 
1311867725.245367 -0.2564595 -0.06480236 -0.07277366 -0.08808171 -0.3412988 -0.04466039 1.091252 
1311867725.277418 -0.2567646 -0.06469871 -0.07232756 -0.08875369 -0.3432695 -0.04446655 1.090587 
1311867725.309285 -0.2567301 -0.06452603 -0.07185474 -0.08879699 -0.3456024 -0.0437156 1.089877 
1311867725.345324 -0.2566587 -0.06435362 -0.07180687 -0.08888591 -0.3479957 -0.04312933 1.089131 
1311867725.377264 -0.2567858 -0.06440673 -0.07210207 -0.08992976 -0.3494936 -0.04294675 1.088573 
1311867725.409396 -0.2569809 -0.06429549 -0.07152973 -0.09069702 -0.3508502 -0.04222124 1.088101 
1311867725.445325 -0.2562647 -0.06368654 -0.07152007 -0.09178991 -0.3538137 -0.0411549 1.08709 
1311867725.477288 -0.2566355 -0.0635044 -0.07107024 -0.09371954 -0.3561981 -0.04074294 1.086162 
1311867725.509302 -0.2573447 -0.06358227 -0.07034589 -0.09494946 -0.3579312 -0.04061283 1.08549 
1311867725.545377 -0.2573891 -0.06290568 -0.06924817 -0.08588195 -0.3245897 -0.0351008 0.9770611 
1311867725.577184 -0.2564207 -0.06232378 -0.06980513 -0.09641608 -0.3633226 -0.03849646 1.083646 
1311867725.609402 -0.2579917 -0.06261573 -0.06835808 -0.08823128 -0.3292652 -0.03430458 0.9753141 
1311867725.645352 -0.2584115 -0.06257053 -0.06789049 -0.08804432 -0.3312792 -0.03375357 0.974668 
1311867725.677179 -0.2582715 -0.06245625 -0.06828539 -0.08868191 -0.3337044 -0.03333201 0.973797 
1311867725.709338 -0.2589673 -0.06250754 -0.0677068 -0.0895826 -0.3353814 -0.03392015 0.9731178 
1311867725.745369 -0.2594664 -0.06260857 -0.06704365 -0.08919233 -0.3365644 -0.03377682 0.9727502 
1311867725.777222 -0.2591848 -0.06248681 -0.06770465 -0.0892668 -0.3380145 -0.03328915 0.9722572 
1311867725.809386 -0.259798 -0.06225943 -0.06700827 -0.08994205 -0.3394224 -0.0334243 0.9716997 
1311867725.845355 -0.2604674 -0.06252573 -0.06684874 -0.08996547 -0.3409502 -0.03307672 0.9711744 
1311867725.877262 -0.2601602 -0.06222857 -0.06729467 -0.09082942 -0.3427141 -0.0323664 0.9704968 
1311867725.909277 -0.2609769 -0.06219802 -0.06662065 -0.09241381 -0.3442784 -0.03271691 0.9697816 
1311867725.945447 -0.2613624 -0.06229884 -0.06604932 -0.09259227 -0.3458317 -0.03256074 0.969217 
1311867725.977286 -0.2613187 -0.06204066 -0.06651154 -0.0932221 -0.347363 -0.03219774 0.968621 
1311867726.009277 -0.261853 -0.06205894 -0.06625287 -0.09452047 -0.3485725 -0.03282348 0.9680394 
1311867726.045264 -0.2629239 -0.06232984 -0.06524041 -0.09430029 -0.3494006 -0.03274083 0.9677651 
1311867726.077353 -0.2628462 -0.06225232 -0.06575811 -0.09409822 -0.3503585 -0.03252718 0.9674456 
1311867726.109428 -0.2634513 -0.06222256 -0.06513732 -0.09418648 -0.3508327 -0.03294965 0.9672509 
1311867726.145419 -0.2640512 -0.06240422 -0.06507304 -0.09356794 -0.3512724 -0.03285815 0.9671544 
1311867726.177389 -0.2642967 -0.06236664 -0.06535269 -0.09375524 -0.3524307 -0.03255361 0.9667251 
1311867726.209431 -0.2646831 -0.06239817 -0.06527742 -0.09473487 -0.3536301 -0.03338755 0.966163 
1311867726.245339 -0.265718 -0.06271093 -0.06490497 -0.0950096 -0.3543486 -0.03414512 0.9658463 
1311867726.277276 -0.2660275 -0.06277133 -0.06493744 -0.09499809 -0.3554921 -0.03385344 0.9654374 
1311867726.309598 -0.2664005 -0.06261156 -0.06510164 -0.09571749 -0.3567079 -0.03388153 0.9649167 
1311867726.345403 -0.2668531 -0.06284449 -0.06484771 -0.09685306 -0.357541 -0.03406729 0.9644885 
1311867726.377216 -0.2671722 -0.06276304 -0.06473942 -0.09736426 -0.3584155 -0.03382257 0.9641209 
1311867726.409318 -0.2673425 -0.0628737 -0.06473646 -0.09821205 -0.3589184 -0.03386463 0.9638464 
1311867726.445281 -0.2675278 -0.06281516 -0.06465103 -0.09905735 -0.3588769 -0.03374579 0.9637795 
1311867726.477474 -0.2679535 -0.06280638 -0.06433087 -0.09979941 -0.3592071 -0.03387196 0.9635755 
1311867726.509569 -0.268181 -0.06270879 -0.06435846 -0.1002211 -0.3597322 -0.03416445 0.9633254 
1311867726.545354 -0.2684391 -0.06269726 -0.06420045 -0.1003813 -0.3595697 -0.03412914 0.9633707 
1311867726.577396 -0.2686 -0.06265163 -0.06432643 -0.1009019 -0.3597352 -0.03398131 0.9632597 
1311867726.609317 -0.268785 -0.06273002 -0.06400535 -0.1016439 -0.3593787 -0.0345615 0.9632941 
1311867726.645252 -0.2691783 -0.06264115 -0.06374097 -0.1014865 -0.358381 -0.03498996 0.9636669 
1311867726.677392 -0.2693816 -0.06270737 -0.06391768 -0.1011913 -0.3576611 -0.03558634 0.9639435 
1311867726.709500 -0.2692416 -0.06281323 -0.06400248 -0.1012703 -0.3567065 -0.03635653 0.9642601 
1311867726.745393 -0.269481 -0.06282644 -0.06372747 -0.1010713 -0.3553378 -0.03715499 0.9647558 
1311867726.777454 -0.2694153 -0.06280363 -0.06359468 -0.1002473 -0.3543156 -0.03754682 0.9652025 
1311867726.809580 -0.2693505 -0.06287111 -0.06409162 -0.09994221 -0.353307 -0.03805133 0.965584 
1311867726.845325 -0.2692745 -0.06281393 -0.0640243 -0.1000022 -0.3523639 -0.03844337 0.9659068 
1311867726.877389 -0.2693399 -0.06275994 -0.06410622 -0.09983982 -0.3516524 -0.03848485 0.9661812 
1311867726.909457 -0.2692232 -0.06277796 -0.06440923 -0.1002055 -0.3513688 -0.03878076 0.9662347 
1311867726.945460 -0.2689214 -0.06291158 -0.06428208 -0.1005755 -0.3503531 -0.03909462 0.9665524 
1311867726.977338 -0.2689252 -0.06295302 -0.06412961 -0.1004553 -0.3491829 -0.03911209 0.9669876 
1311867727.009679 -0.2689614 -0.06279404 -0.06440963 -0.1004244 -0.3486334 -0.03914674 0.9671876 
1311867727.045650 -0.2688005 -0.06291837 -0.06423858 -0.09996775 -0.3479563 -0.03953302 0.967463 
1311867727.077267 -0.2683748 -0.06302756 -0.06472585 -0.09952689 -0.3467005 -0.03991345 0.9679436 
1311867727.109432 -0.2683439 -0.06306474 -0.06458781 -0.09905497 -0.3454928 -0.04030095 0.9684076 
1311867727.145264 -0.2677926 -0.06319437 -0.06489797 -0.09835098 -0.3442494 -0.04079066 0.9689016 
1311867727.177379 -0.2673093 -0.0633976 -0.0653419 -0.09782773 -0.3420257 -0.04102614 0.9697317 
1311867727.209695 -0.2671855 -0.06331302 -0.06609876 -0.09822301 -0.3399342 -0.04115873 0.9704213 
1311867727.245304 -0.267179 -0.06309717 -0.06555539 -0.09862044 -0.3389997 -0.04148928 0.9706938 
1311867727.277335 -0.2665926 -0.06334082 -0.06613776 -0.09873478 -0.338168 -0.04168469 0.9709639 
1311867727.309357 -0.2660895 -0.06314558 -0.06596829 -0.098745 -0.336837 -0.04154722 0.9714313 
1311867727.345390 -0.2654229 -0.06302064 -0.06554212 -0.09772384 -0.3360745 -0.04137012 0.9718061 
1311867727.377465 -0.2649059 -0.06334552 -0.06670319 -0.09711405 -0.3349874 -0.04112618 0.9722528 
1311867727.409567 -0.264293 -0.06309762 -0.06697747 -0.09700025 -0.3336794 -0.04090781 0.9727231 
1311867727.445511 -0.2636004 -0.06318416 -0.06684395 -0.09654047 -0.3328034 -0.04085957 0.9730709 
1311867727.477402 -0.2634754 -0.06337952 -0.06832287 -0.09686403 -0.3316456 -0.0405334 0.9734476 
1311867727.509380 -0.2626537 -0.06326924 -0.06824081 -0.09769472 -0.3308359 -0.04078167 0.9736297 
1311867727.545540 -0.2620653 -0.06327644 -0.06755536 -0.09733725 -0.3295798 -0.04080921 0.9740903 
1311867727.577361 -0.2616134 -0.06340891 -0.06764821 -0.09620027 -0.3281553 -0.04125768 0.9746651 
1311867727.609477 -0.2612395 -0.06350206 -0.06803165 -0.095203 -0.3261595 -0.04199802 0.975401 
1311867727.645329 -0.2609643 -0.06376574 -0.06823733 -0.09421614 -0.3239504 -0.04300936 0.9761887 
1311867727.677321 -0.2609987 -0.06377305 -0.06861025 -0.09329573 -0.3211623 -0.04393386 0.9771567 
1311867727.709490 -0.2611659 -0.06384055 -0.06869945 -0.09242749 -0.3188593 -0.04471099 0.9779578 
1311867727.745564 -0.2611602 -0.0636419 -0.06788377 -0.09119066 -0.3177918 -0.04547891 0.9783859 
1311867727.777375 -0.2615905 -0.06399844 -0.06856857 -0.09024605 -0.3170936 -0.04599056 0.9786761 
1311867727.809610 -0.2616538 -0.0639234 -0.06904223 -0.09052366 -0.3161956 -0.04636304 0.9789233 
1311867727.845413 -0.2615229 -0.06400786 -0.06886803 -0.09078936 -0.3152858 -0.04653915 0.9791838 
1311867727.877385 -0.2615336 -0.0639467 -0.06896744 -0.09072294 -0.3142927 -0.04662229 0.9795052 
1311867727.909382 -0.2611993 -0.0640452 -0.0694819 -0.09095705 -0.3131976 -0.046784 0.9798265 
1311867727.945379 -0.2608015 -0.06395761 -0.06929635 -0.090984 -0.3120993 -0.04674473 0.9801763 
1311867727.977349 -0.2606848 -0.06377099 -0.06947346 -0.09084994 -0.3114029 -0.04649883 0.9804219 
1311867728.009620 -0.2601913 -0.06388673 -0.06974654 -0.09057522 -0.310668 -0.04653646 0.9806786 
1311867728.045568 -0.2596889 -0.06396046 -0.07010629 -0.09025577 -0.3091752 -0.04642148 0.9811851 
1311867728.077584 -0.2595278 -0.0639673 -0.07053505 -0.09007498 -0.3075369 -0.04638746 0.9817181 
1311867728.109390 -0.2592074 -0.06402854 -0.07074347 -0.08981901 -0.3061915 -0.04650681 0.9821563 
1311867728.145362 -0.258962 -0.06411633 -0.0713254 -0.08972992 -0.3047909 -0.04655653 0.9825977 
1311867728.177341 -0.2585961 -0.06398737 -0.07132679 -0.08960678 -0.3037619 -0.04653606 0.9829285 
1311867728.209517 -0.2585005 -0.06395982 -0.07167817 -0.08948732 -0.302912 -0.04650374 0.9832031 
1311867728.245382 -0.2581747 -0.06379763 -0.071709 -0.08953762 -0.3025509 -0.04622996 0.9833226 
1311867728.277380 -0.2576572 -0.06399545 -0.07188472 -0.08906061 -0.3020044 -0.04610264 0.9835399 
1311867728.309498 -0.2574654 -0.06389683 -0.07250216 -0.08886236 -0.3009241 -0.04597294 0.983895 
1311867728.345508 -0.2571164 -0.06391487 -0.07227725 -0.08881708 -0.3005534 -0.04556376 0.9840314 
1311867728.377349 -0.2569906 -0.063946 -0.07290794 -0.0886014 -0.3000062 -0.04533852 0.9842282 
1311867728.409591 -0.2568264 -0.06383648 -0.07289549 -0.0885434 -0.2997966 -0.04517506 0.9843048 
1311867728.445609 -0.2566773 -0.06405392 -0.07316039 -0.08817237 -0.2993002 -0.04525486 0.9844855 
1311867728.477457 -0.2565068 -0.06426818 -0.07347126 -0.08811415 -0.2983622 -0.04580008 0.9847502 
1311867728.509571 -0.2564567 -0.06409403 -0.07347107 -0.0877934 -0.2974132 -0.04616642 0.9850487 
1311867728.545505 -0.2564503 -0.0642521 -0.07390636 -0.08758031 -0.29665 -0.04674941 0.9852703 
1311867728.577453 -0.2562221 -0.06416482 -0.07409842 -0.087802 -0.2956386 -0.04730286 0.9855282 
1311867728.609535 -0.2561583 -0.06432507 -0.07368136 -0.08749558 -0.2947726 -0.04754315 0.9858032 
1311867728.645472 -0.2561663 -0.06427453 -0.07403133 -0.08738579 -0.2942623 -0.04794602 0.9859459 
1311867728.677614 -0.2559965 -0.06410011 -0.07434156 -0.08738203 -0.2936942 -0.04826543 0.9861 
1311867728.709460 -0.2558624 -0.06432345 -0.07424425 -0.08699675 -0.2930962 -0.04844297 0.9863033 
1311867728.745414 -0.2557222 -0.06423682 -0.07460544 -0.08680966 -0.2923483 -0.04838027 0.9865448 
1311867728.777504 -0.2556922 -0.06406517 -0.07464432 -0.08668745 -0.2920495 -0.04827599 0.9866491 
1311867728.809555 -0.2554647 -0.06435501 -0.07482982 -0.08607808 -0.2917265 -0.04836495 0.9867936 
1311867728.845469 -0.2553694 -0.06438283 -0.0749185 -0.08573746 -0.291041 -0.04826157 0.9870308 
1311867728.877447 -0.2551821 -0.06443094 -0.0750629 -0.08533337 -0.2904572 -0.04830663 0.9872355 
1311867728.909533 -0.2551341 -0.06451892 -0.07554393 -0.08489135 -0.2897595 -0.04846242 0.987471 
1311867728.945643 -0.2545876 -0.06466067 -0.07606957 -0.08469671 -0.2884718 -0.0487477 0.9878506 
1311867728.977478 -0.2542796 -0.06466612 -0.07608947 -0.08399769 -0.2866657 -0.0484937 0.9884484 
1311867729.009401 -0.2541573 -0.06467951 -0.07646065 -0.08312427 -0.2850865 -0.04802514 0.9890016 
1311867729.045449 -0.2538922 -0.06473013 -0.07687403 -0.08318676 -0.2838591 -0.04788585 0.9893562 
1311867729.077452 -0.253963 -0.06475867 -0.07694532 -0.0832022 -0.2826244 -0.04762711 0.9897207 
1311867729.109637 -0.2543112 -0.06471951 -0.07731468 -0.08358064 -0.2816895 -0.04781833 0.9899461 
1311867729.145552 -0.2546937 -0.06473424 -0.0776513 -0.08458427 -0.2803748 -0.04833968 0.9902088 
1311867729.177587 -0.2550494 -0.06483361 -0.07730366 -0.08544228 -0.2790709 -0.04897757 0.9904721 
1311867729.209738 -0.2550878 -0.06481492 -0.07736275 -0.08583035 -0.2773479 -0.04956278 0.9908933 
1311867729.245465 -0.2548986 -0.0647624 -0.07691045 -0.08581354 -0.2756208 -0.04942144 0.9913836 
1311867729.277659 -0.2548337 -0.06490106 -0.07707518 -0.08503296 -0.2737766 -0.04880483 0.9919922 
1311867729.309497 -0.2543139 -0.06495674 -0.07775828 -0.08435555 -0.2716059 -0.04795483 0.992688 
1311867729.345687 -0.2538525 -0.06508298 -0.07784218 -0.08366572 -0.2693908 -0.04699972 0.9933953 
1311867729.377470 -0.2533217 -0.06526835 -0.0782722 -0.0827008 -0.2676484 -0.04616854 0.9939859 
1311867729.409710 -0.2527406 -0.06535643 -0.07948153 -0.08256323 -0.26606 -0.04584228 0.9944388 
1311867729.445579 -0.2519853 -0.06555347 -0.07951901 -0.08259819 -0.2643824 -0.04555908 0.9948962 
1311867729.477830 -0.251626 -0.06577798 -0.07978439 -0.08201546 -0.262729 -0.04489607 0.9954124 
1311867729.509729 -0.2510872 -0.06597104 -0.08015498 -0.08168517 -0.2615971 -0.0447981 0.9957421 
1311867729.545624 -0.2507499 -0.06616964 -0.08030992 -0.0815466 -0.2602228 -0.04485375 0.996111 
1311867729.577878 -0.2505399 -0.06647705 -0.08000304 -0.08077977 -0.2588627 -0.04492581 0.9965245 
1311867729.609512 -0.2501362 -0.06683756 -0.08111398 -0.08047096 -0.2570986 -0.04492423 0.9970061 
1311867729.645473 -0.2499552 -0.06702183 -0.08125505 -0.08038102 -0.2552259 -0.044912 0.997495 
1311867729.677604 -0.2498223 -0.06735013 -0.08141499 -0.08025673 -0.2537025 -0.04480601 0.9978983 
1311867729.709526 -0.2494661 -0.06742909 -0.08165688 -0.08012167 -0.2520725 -0.04490072 0.9983179 
1311867729.745710 -0.2489473 -0.06725729 -0.08164763 -0.07982809 -0.2498127 -0.04518671 0.9988963 
1311867729.777533 -0.2486657 -0.06684836 -0.08132151 -0.07876351 -0.2469108 -0.04559709 0.9996834 
1311867729.809609 -0.2485199 -0.06792978 -0.08222082 -0.07830321 -0.2441857 -0.0454641 1.000395 
1311867729.845532 -0.247912 -0.06780657 -0.08295677 -0.07857777 -0.2417089 -0.04559222 1.000969 
1311867729.877630 -0.2482288 -0.06764737 -0.08268729 -0.07837888 -0.2390393 -0.04622197 1.001596 
1311867729.909753 -0.2480237 -0.06825677 -0.0833567 -0.07818319 -0.2369437 -0.04619801 1.00211 
1311867729.945458 -0.2477788 -0.06853664 -0.08406836 -0.07902086 -0.2348678 -0.04640788 1.002524 
1311867729.977555 -0.2476034 -0.06751048 -0.08322151 -0.07884015 -0.2328605 -0.04702741 1.002977 
1311867730.009850 -0.2474414 -0.06723237 -0.08264071 -0.07791533 -0.2310985 -0.0472144 1.003448 
1311867730.045542 -0.2471618 -0.06785195 -0.08362766 -0.07790397 -0.2290522 -0.04712358 1.003922 
1311867730.077813 -0.2470186 -0.06771914 -0.08438379 -0.07807304 -0.2268516 -0.04713594 1.004408 
1311867730.109824 -0.2469344 -0.06783316 -0.08415287 -0.07828782 -0.2251527 -0.04713995 1.004773 
1311867730.145430 -0.246761 -0.06790495 -0.08476048 -0.07838332 -0.2237584 -0.0471712 1.005076 
1311867730.177540 -0.2464082 -0.06759269 -0.08450901 -0.07871378 -0.2217997 -0.04748868 1.005469 
1311867730.209490 -0.2460444 -0.06746753 -0.0848463 -0.07863473 -0.2192676 -0.04772097 1.00602 
1311867730.245640 -0.2459384 -0.06746366 -0.08563649 -0.07904815 -0.2165213 -0.04774379 1.006581 
1311867730.277721 -0.2458973 -0.06775951 -0.08649458 -0.07988499 -0.213957 -0.04768123 1.007066 
1311867730.309635 -0.245598 -0.06766364 -0.08604532 -0.08082926 -0.2115516 -0.04763443 1.007501 
1311867730.345503 -0.2459779 -0.06767212 -0.08639551 -0.08133476 -0.2093141 -0.04755708 1.007931 
1311867730.377910 -0.2455088 -0.06725482 -0.08630724 -0.08161416 -0.2072033 -0.04770013 1.008338 
1311867730.409637 -0.2460625 -0.06796422 -0.08849426 -0.08283124 -0.2039058 -0.04733257 1.008928 
1311867730.445561 -0.2463727 -0.06824079 -0.08848684 -0.08460578 -0.2022074 -0.04684191 1.009145 
1311867730.477666 -0.2458105 -0.06802358 -0.08662694 -0.08534385 -0.2015924 -0.0463955 1.009227 
1311867730.509694 -0.2455718 -0.06782551 -0.0870689 -0.08577018 -0.1997277 -0.04611709 1.009574 
1311867730.545729 -0.2452508 -0.06824282 -0.08664672 -0.0863374 -0.198239 -0.04580689 1.009833 
1311867730.577600 -0.2451499 -0.06827185 -0.08647886 -0.08638685 -0.1979112 -0.04562663 1.009902 
1311867730.609494 -0.2446365 -0.06757562 -0.08595137 -0.08591179 -0.1971909 -0.04621304 1.010056 
1311867730.645694 -0.2440544 -0.06768073 -0.08589256 -0.08551882 -0.1949037 -0.04631102 1.010529 
1311867730.677622 -0.2438078 -0.06784737 -0.08621424 -0.08529818 -0.192698 -0.04612587 1.010979 
1311867730.709777 -0.2434518 -0.06797921 -0.08647564 -0.08509116 -0.190343 -0.04597002 1.01145 
1311867730.745667 -0.2430828 -0.06856465 -0.08786238 -0.08515789 -0.1882364 -0.04555208 1.011857 
1311867730.777647 -0.2425587 -0.06842996 -0.0894038 -0.0859748 -0.1864112 -0.04515642 1.012144 
1311867730.809764 -0.2425796 -0.06896141 -0.08845177 -0.08658573 -0.185631 -0.04471896 1.012254 
1311867730.845767 -0.2418778 -0.06903922 -0.0901345 -0.08677122 -0.1860795 -0.04361295 1.012204 
1311867730.877491 -0.240702 -0.06779198 -0.08956692 -0.08688425 -0.1857986 -0.04326002 1.012261 
1311867730.909786 -0.239625 -0.06772437 -0.09019799 -0.08713738 -0.1843802 -0.04253558 1.01253 
1311867730.945536 -0.2388498 -0.06743515 -0.09164822 -0.08824382 -0.1827945 -0.04153982 1.012763 
1311867730.977554 -0.238056 -0.06688655 -0.089897 -0.08920773 -0.1817334 -0.04091776 1.012895 
1311867731.009601 -0.2361203 -0.06789514 -0.08712917 -0.08952501 -0.1809719 -0.04021603 1.013031 
1311867731.045620 -0.2363832 -0.06652291 -0.09053174 -0.08900618 -0.1781105 -0.04026195 1.013582 
1311867731.077521 -0.2349622 -0.06724745 -0.0869087 -0.08951583 -0.1770229 -0.04020011 1.01373 
1311867731.109610 -0.2347461 -0.06810134 -0.0877747 -0.08913866 -0.1761827 -0.04005479 1.013915 
1311867731.145679 -0.2338217 -0.06761657 -0.08918401 -0.08924879 -0.176141 -0.04035808 1.013901 
1311867731.177740 -0.2330459 -0.06687348 -0.08806416 -0.08934591 -0.1750944 -0.04065953 1.014061 
1311867731.209652 -0.2322731 -0.06668613 -0.08818293 -0.0893787 -0.1736065 -0.04035587 1.014327 
1311867731.245598 -0.2305344 -0.0674359 -0.08658975 -0.1089275 -0.2095148 -0.0488623 1.230422 
1311867731.277549 -0.22993 -0.06641244 -0.08666557 -0.08889629 -0.1701416 -0.04054252 1.014948 
1311867731.309744 -0.2289586 -0.06717677 -0.08599287 -0.1070981 -0.2033622 -0.04919892 1.231601 
1311867731.345800 -0.2286353 -0.0673003 -0.08580298 -0.1057528 -0.200044 -0.04955494 1.232246 
1311867731.377733 -0.2277516 -0.06750323 -0.08543616 -0.1041508 -0.1965732 -0.04975547 1.232933 
1311867731.409693 -0.2272291 -0.06848972 -0.08501637 -0.1030432 -0.1935014 -0.04918076 1.233535 
1311867731.445554 -0.2265797 -0.06893263 -0.08472902 -0.1012216 -0.1916445 -0.04908741 1.233979 
1311867731.477653 -0.2258737 -0.06894453 -0.08469681 -0.09937473 -0.1889903 -0.04958103 1.234519 
1311867731.509672 -0.2252482 -0.06933846 -0.0847921 -0.09834701 -0.1851957 -0.04931891 1.235186 
1311867731.545709 -0.2248613 -0.06957065 -0.08520249 -0.0975273 -0.181226 -0.04896713 1.235854 
1311867731.577715 -0.22544 -0.07046755 -0.08732193 -0.09774069 -0.1772281 -0.04837971 1.23644 
1311867731.609702 -0.2248864 -0.0703548 -0.08694454 -0.09807302 -0.1753096 -0.04764605 1.236716 
1311867731.645603 -0.2238999 -0.07003295 -0.08623149 -0.09805977 -0.1745995 -0.04688695 1.236846 
1311867731.677662 -0.2229389 -0.06917578 -0.0855646 -0.09822877 -0.1736467 -0.04656731 1.236979 
1311867731.709970 -0.2203776 -0.06838335 -0.08261486 -0.09774122 -0.1728218 -0.04613926 1.237149 
1311867731.745780 -0.2214177 -0.06940325 -0.08409968 -0.09788669 -0.1698953 -0.04561227 1.237562 
1311867731.777724 -0.2212139 -0.06927112 -0.08481077 -0.09765623 -0.1682235 -0.04533733 1.237819 
1311867731.809986 -0.2198626 -0.06910636 -0.08225066 -0.09669513 -0.1670393 -0.0450328 1.238066 
1311867731.845746 -0.2196205 -0.06960297 -0.0826313 -0.09489229 -0.1653091 -0.04482883 1.238445 
1311867731.877557 -0.2190238 -0.06965995 -0.08248961 -0.09323442 -0.1635382 -0.04502248 1.238799 
1311867731.909732 -0.2185616 -0.06982486 -0.08222399 -0.09135267 -0.1619524 -0.04518849 1.239141 
1311867731.945666 -0.2178125 -0.06998946 -0.08193493 -0.08923867 -0.1601646 -0.0455597 1.239514 
1311867731.977735 -0.2181983 -0.07058798 -0.084087 -0.08800401 -0.1568391 -0.04619891 1.240004 
1311867732.009589 -0.2170427 -0.07019096 -0.08231959 -0.08661297 -0.1544477 -0.0464303 1.240393 
1311867732.045848 -0.216042 -0.07069632 -0.08115734 -0.08380649 -0.1520979 -0.04662381 1.240869 
1311867732.077691 -0.2171404 -0.07133245 -0.08470074 -0.08236931 -0.148321 -0.04667708 1.241421 
1311867732.109816 -0.21575 -0.07096523 -0.08185513 -0.08008966 -0.1472423 -0.0465204 1.241704 
1311867732.145566 -0.2161379 -0.07181062 -0.08379904 -0.07756441 -0.1450498 -0.04661524 1.242119 
1311867732.177799 -0.2167219 -0.07231772 -0.08627809 -0.07642206 -0.1426329 -0.0467916 1.242463 
1311867732.209650 -0.2155114 -0.07207357 -0.08418118 -0.0746679 -0.1414785 -0.04710136 1.24269 
1311867732.245805 -0.216646 -0.0732828 -0.08796891 -0.07389217 -0.1385807 -0.04675582 1.243076 
1311867732.277897 -0.2161257 -0.07294701 -0.08769423 -0.07412281 -0.1375106 -0.04653796 1.243189 
1311867732.309756 -0.2147672 -0.07274703 -0.08523363 -0.07277993 -0.1367056 -0.0464036 1.243362 
1311867732.345679 -0.2151177 -0.07326645 -0.08743359 -0.07147142 -0.1341705 -0.04676856 1.2437 
1311867732.377740 -0.2145257 -0.07310261 -0.08755048 -0.07102385 -0.1315669 -0.04712735 1.24399 
1311867732.409624 -0.2137622 -0.07343642 -0.08635489 -0.06956467 -0.1295297 -0.04710169 1.244288 
1311867732.445694 -0.2139033 -0.07374791 -0.08821363 -0.06847588 -0.1268453 -0.0474915 1.24461 
1311867732.477780 -0.2133637 -0.07373391 -0.08788586 -0.06741061 -0.1248241 -0.0477028 1.244864 
1311867732.509773 -0.2127611 -0.07380812 -0.08774319 -0.06597906 -0.1220398 -0.04794229 1.245208 
1311867732.545812 -0.2128091 -0.07445173 -0.0896122 -0.06512603 -0.1181418 -0.04815721 1.24562 
1311867732.578278 -0.2130861 -0.07480729 -0.09141122 -0.06590579 -0.1152789 -0.04764119 1.245867 
1311867732.609847 -0.2124525 -0.07449746 -0.08991456 -0.06578988 -0.1144127 -0.0474251 1.245961 
1311867732.645713 -0.2119822 -0.07457356 -0.09000466 -0.06512029 -0.112133 -0.0479826 1.246182 
1311867732.677709 -0.2122209 -0.07503757 -0.09235212 -0.06573774 -0.1081232 -0.04835715 1.24649 
1311867732.709743 -0.2116907 -0.07475808 -0.09110878 -0.0664939 -0.105125 -0.04795503 1.246722 
1311867732.745620 -0.2118801 -0.07515253 -0.091451 -0.06621179 -0.1032611 -0.04733085 1.246916 
1311867732.777767 -0.2120927 -0.07507603 -0.0928337 -0.06682829 -0.1008113 -0.0479088 1.247062 
1311867732.809974 -0.2118802 -0.07527265 -0.09255547 -0.06734514 -0.09788884 -0.04805643 1.247261 
1311867732.845872 -0.2122944 -0.07532988 -0.09316629 -0.06770337 -0.09568787 -0.04787878 1.247419 
1311867732.877784 -0.2122189 -0.07545619 -0.0936303 -0.06835344 -0.09365658 -0.04796645 1.247535 
1311867732.909743 -0.2123727 -0.07550505 -0.09476644 -0.06976324 -0.09023382 -0.04769177 1.247719 
1311867732.945738 -0.2114825 -0.07491999 -0.09218094 -0.07014385 -0.08801682 -0.04743296 1.247866 
1311867732.977750 -0.2116281 -0.07522227 -0.09281522 -0.06993721 -0.0854721 -0.04748418 1.248053 
1311867733.009792 -0.2119278 -0.0754324 -0.09400054 -0.07093242 -0.08285529 -0.04710834 1.248187 
1311867733.045816 -0.210601 -0.07406833 -0.08978068 -0.07020433 -0.08173924 -0.04687285 1.248311 
1311867733.077804 -0.2107684 -0.07496549 -0.09076368 -0.06833056 -0.07920496 -0.04737988 1.248559 
1311867733.109780 -0.2113911 -0.07509978 -0.09371705 -0.06890867 -0.07575458 -0.0475152 1.248736 
1311867733.145819 -0.2103163 -0.07410056 -0.08907686 -0.067782 -0.07409109 -0.04731305 1.248906 
1311867733.177769 -0.2109 -0.07488072 -0.09101103 -0.06620557 -0.07157745 -0.04735225 1.249135 
1311867733.209741 -0.2113953 -0.07525489 -0.09343982 -0.0664261 -0.06874532 -0.04705766 1.249294 
1311867733.245837 -0.2109184 -0.07450861 -0.09217641 -0.06660345 -0.06623636 -0.04619197 1.249452 
1311867733.277739 -0.2106157 -0.07443086 -0.09091743 -0.06553072 -0.06369414 -0.04514668 1.249679 
1311867733.309838 -0.2104585 -0.07425046 -0.0915325 -0.06459195 -0.06072258 -0.04463477 1.249894 
1311867733.345700 -0.2094128 -0.07326699 -0.08891069 -0.0623112 -0.05772806 -0.0441675 1.250169 
1311867733.377911 -0.2097575 -0.07406946 -0.08972731 -0.05968994 -0.05456534 -0.0435267 1.250461 
1311867733.409838 -0.210152 -0.07446425 -0.09243829 -0.05848435 -0.05159707 -0.04362702 1.25064 
1311867733.445703 -0.2100515 -0.07423103 -0.09234478 -0.05795009 -0.04840821 -0.0436758 1.250791 
1311867733.477881 -0.2102073 -0.0745307 -0.09230351 -0.05722917 -0.04581788 -0.04373175 1.25092 
1311867733.509852 -0.210726 -0.07506935 -0.09440752 -0.05745934 -0.04334405 -0.04382242 1.250994 
1311867733.545799 -0.2101585 -0.07435535 -0.09292211 -0.05792026 -0.04057745 -0.04363291 1.251072 
1311867733.577740 -0.209754 -0.07415736 -0.09098796 -0.05669662 -0.03849202 -0.04338262 1.251203 
1311867733.613876 -0.2099138 -0.07454676 -0.09211293 -0.05583624 -0.03673286 -0.0432603 1.251299 
1311867733.645698 -0.2097628 -0.07436239 -0.09196509 -0.05531947 -0.03387112 -0.0433726 1.251399 
1311867733.677886 -0.2096436 -0.07422726 -0.09139625 -0.05469756 -0.03064742 -0.04347824 1.251506 
1311867733.713740 -0.2092944 -0.07409629 -0.09028849 -0.05352162 -0.02722258 -0.0435652 1.251633 
1311867733.745820 -0.2093256 -0.07433516 -0.09030067 -0.05240413 -0.02388702 -0.04297813 1.251768 
1311867733.777867 -0.2093476 -0.07431578 -0.09048421 -0.05176218 -0.02090896 -0.04252388 1.251864 
1311867733.813850 -0.2082616 -0.07352497 -0.08712118 -0.04951028 -0.01811965 -0.04225197 1.252007 
1311867733.845764 -0.2086325 -0.07415581 -0.08906081 -0.04753668 -0.0139122 -0.04182447 1.252152 
1311867733.877818 -0.2084773 -0.07408129 -0.08881468 -0.04614141 -0.009628989 -0.04135012 1.25226 
1311867733.913970 -0.2081462 -0.07393687 -0.087398 -0.04424714 -0.005050909 -0.0400925 1.252396 
1311867733.945759 -0.2076316 -0.07517392 -0.08954829 -0.03508025 -0.001533967 -0.03154012 1.022328 
1311867733.977771 -0.2085937 -0.07464485 -0.08909741 -0.04202054 0.001065096 -0.03767202 1.252558 
1311867734.013927 -0.2074327 -0.0744688 -0.08927341 -0.03330549 0.00166195 -0.03013227 1.02243 
1311867734.045887 -0.2078759 -0.07513231 -0.08993479 -0.03253377 0.004634635 -0.03091775 1.022422 
1311867734.077930 -0.2075444 -0.07559544 -0.09054169 -0.03284928 0.008047092 -0.03084607 1.022393 
1311867734.113782 -0.2063769 -0.07483764 -0.0879303 -0.03167972 0.01012393 -0.03073031 1.022415 
1311867734.145865 -0.2071421 -0.07616091 -0.09011012 -0.03099095 0.01342184 -0.03126585 1.022382 
1311867734.177878 -0.2074554 -0.07597196 -0.0916927 -0.03144411 0.0166602 -0.03160694 1.02231 
1311867734.213922 -0.2062418 -0.0751979 -0.08854023 -0.03106753 0.01882344 -0.03113819 1.022298 
1311867734.245823 -0.2064919 -0.07619718 -0.08994824 -0.03046916 0.02173655 -0.03135229 1.022252 
1311867734.277978 -0.2074535 -0.07659189 -0.09184706 -0.03096346 0.02451636 -0.03150236 1.022169 
1311867734.313780 -0.2065003 -0.07579798 -0.08963613 -0.03122762 0.02630716 -0.03149676 1.022117 
1311867734.345710 -0.2066961 -0.07634369 -0.08970172 -0.03124136 0.02899491 -0.03165029 1.022039 
1311867734.377893 -0.2072065 -0.07698098 -0.09186591 -0.03234462 0.03195016 -0.03227266 1.021897 
1311867734.413964 -0.206697 -0.07638588 -0.0898829 -0.03332314 0.03351753 -0.0321637 1.021819 
1311867734.445803 -0.2065882 -0.07644533 -0.08876214 -0.03351105 0.03485211 -0.03255016 1.021756 
1311867734.477808 -0.2071818 -0.07693518 -0.09012661 -0.03416405 0.03689904 -0.03332133 1.021637 
1311867734.514023 -0.2065158 -0.07623533 -0.08886462 -0.03492796 0.03900794 -0.03354642 1.021526 
1311867734.545765 -0.206268 -0.07655637 -0.08797924 -0.03530022 0.04068255 -0.03328197 1.021456 
1311867734.578069 -0.2065842 -0.07686632 -0.0892273 -0.03611179 0.04193642 -0.03351247 1.02137 
1311867734.613937 -0.2065748 -0.07687154 -0.08872297 -0.03735677 0.04302187 -0.0334991 1.02128 
1311867734.645901 -0.2058504 -0.07656861 -0.0870297 -0.03781688 0.04339627 -0.03302304 1.021263 
1311867734.677822 -0.205949 -0.07675722 -0.0872416 -0.03800295 0.04357041 -0.03268613 1.02126 
1311867734.713943 -0.2059902 -0.07657951 -0.08721274 -0.03813183 0.04427801 -0.03303743 1.021213 
1311867734.745765 -0.205335 -0.07638073 -0.08649311 -0.03812439 0.04645233 -0.0334212 1.021104 
1311867734.777819 -0.2051181 -0.0764613 -0.08688758 -0.03810023 0.04887018 -0.03336417 1.020994 
1311867734.813971 -0.204889 -0.07698484 -0.08782948 -0.03875648 0.05084877 -0.03342553 1.020871 
1311867734.845745 -0.204905 -0.07695506 -0.08780458 -0.04006288 0.052864 -0.03341044 1.020719 
1311867734.877805 -0.2051157 -0.07654852 -0.08602335 -0.04029659 0.05480425 -0.03368757 1.020598 
1311867734.913882 -0.2049966 -0.0768909 -0.08644009 -0.04039231 0.05663136 -0.03386884 1.020488 
1311867734.945834 -0.2048754 -0.07698291 -0.08688342 -0.04072839 0.0584251 -0.03393044 1.020372 
1311867734.977881 -0.2050353 -0.07663181 -0.0853889 -0.04067724 0.05956143 -0.03361408 1.020319 
1311867735.013793 -0.2048318 -0.07721999 -0.08657096 -0.04043288 0.06054693 -0.03377279 1.020265 
1311867735.045936 -0.2047057 -0.07718097 -0.08746934 -0.04103241 0.06242824 -0.03401418 1.02012 
1311867735.077819 -0.2045045 -0.076973 -0.08472587 -0.0411257 0.06365485 -0.03396062 1.020042 
1311867735.113923 -0.2048266 -0.07750556 -0.08584223 -0.04113278 0.06441923 -0.0342622 1.019984 
1311867735.145880 -0.2045285 -0.07734628 -0.08574338 -0.04169754 0.06511337 -0.03463281 1.019904 
1311867735.177930 -0.2043381 -0.07649966 -0.08348912 -0.04104304 0.06614977 -0.03500667 1.019851 
1311867735.213763 -0.2043339 -0.07736865 -0.08522705 -0.04091124 0.0679124 -0.03547998 1.019724 
1311867735.245827 -0.2043002 -0.07756219 -0.08573861 -0.04204295 0.06952199 -0.03550079 1.019569 
1311867735.277932 -0.2040688 -0.0769802 -0.08351499 -0.04221657 0.0704588 -0.03565757 1.019492 
1311867735.314090 -0.2041554 -0.07759951 -0.08519657 -0.04302599 0.07164909 -0.03606774 1.019361 
1311867735.346154 -0.2039218 -0.07697703 -0.08422178 -0.04389873 0.07327247 -0.03691395 1.019178 
1311867735.378012 -0.2035855 -0.0767132 -0.08394993 -0.04405176 0.07652874 -0.03790886 1.018895 
1311867735.413944 -0.2037291 -0.07738079 -0.08433724 -0.0450959 0.07970478 -0.03813425 1.018598 
1311867735.446377 -0.204072 -0.07726983 -0.08283023 -0.04606486 0.08126116 -0.03792656 1.018439 
1311867735.477897 -0.2038369 -0.07727461 -0.08288277 -0.04675262 0.0817877 -0.03806392 1.018361 
1311867735.513715 -0.2036417 -0.07736096 -0.08290124 -0.04764839 0.08255859 -0.03795566 1.018261 
1311867735.545845 -0.2033516 -0.07698258 -0.08178574 -0.04834033 0.08355521 -0.03806149 1.018143 
1311867735.577818 -0.2036153 -0.07700684 -0.08099957 -0.04838075 0.08453315 -0.03795652 1.018064 
1311867735.613924 -0.2030877 -0.07688646 -0.08124165 -0.04858855 0.08562826 -0.03815047 1.017956 
1311867735.645920 -0.2028854 -0.07619271 -0.0787048 -0.0476882 0.08781785 -0.03833044 1.017805 
1311867735.677863 -0.2029892 -0.07610726 -0.07755638 -0.04588582 0.0894844 -0.03816694 1.017749 
1311867735.713773 -0.2029055 -0.07697788 -0.08001973 -0.04453219 0.09140952 -0.03825693 1.017634 
1311867735.745872 -0.2029782 -0.07723098 -0.08082815 -0.04447016 0.09327909 -0.03808084 1.017474 
1311867735.777907 -0.2031819 -0.07704823 -0.07975068 -0.0439136 0.0937676 -0.0375543 1.017473 
1311867735.813952 -0.203048 -0.07763174 -0.08163872 -0.04380158 0.094305 -0.03727537 1.017438 
1311867735.846117 -0.2029941 -0.07760703 -0.08249008 -0.04453081 0.09561269 -0.03725809 1.017285 
1311867735.877952 -0.2027027 -0.07752713 -0.08190691 -0.04516105 0.09768379 -0.03661903 1.017084 
1311867735.913931 -0.2028063 -0.07791519 -0.08261298 -0.04626469 0.09930045 -0.03584111 1.016905 
1311867735.946147 -0.2030339 -0.07749362 -0.08190474 -0.04723276 0.1004264 -0.03574081 1.016754 
1311867735.977847 -0.2029425 -0.07762941 -0.08172214 -0.04811782 0.102124 -0.03551491 1.016551 
1311867736.013884 -0.202869 -0.07735118 -0.08142249 -0.04895342 0.1040868 -0.03492387 1.016333 
1311867736.045850 -0.2019885 -0.07646098 -0.07870155 -0.0458583 0.09930542 -0.03270559 0.9500156 
1311867736.077885 -0.2028496 -0.07731549 -0.08038065 -0.04979418 0.109393 -0.03484956 1.015737 
1311867736.113970 -0.2021406 -0.07632448 -0.07878007 -0.04649152 0.1043237 -0.03258524 0.9494509 
1311867736.145811 -0.2020347 -0.07666402 -0.07866621 -0.04693291 0.1075388 -0.03274752 0.9490648 
1311867736.177992 -0.2022018 -0.07674221 -0.07894162 -0.04740089 0.1092599 -0.03282323 0.9488424 
1311867736.213861 -0.2020405 -0.07706661 -0.0791239 -0.04819443 0.1101523 -0.03270891 0.9487032 
1311867736.245901 -0.2023572 -0.07659277 -0.07923765 -0.04893627 0.1111944 -0.03287186 0.948538 
1311867736.278093 -0.2022176 -0.07615824 -0.07704893 -0.04865749 0.1131971 -0.03347219 0.9482944 
1311867736.313868 -0.2025588 -0.07699812 -0.07928602 -0.04910237 0.1153458 -0.03377877 0.9480016 
1311867736.345829 -0.2022226 -0.076225 -0.07769021 -0.04934209 0.1170449 -0.03407885 0.9477701 
1311867736.377921 -0.201972 -0.07586988 -0.07630981 -0.04844745 0.1189482 -0.03449403 0.9475643 
1311867736.413898 -0.2023467 -0.07686548 -0.07850282 -0.04827895 0.1208748 -0.03467373 0.9473225 
1311867736.445818 -0.2022711 -0.07642951 -0.0780938 -0.04862575 0.1225283 -0.0351196 0.9470759 
1311867736.478038 -0.2017536 -0.07591812 -0.07635242 -0.04765416 0.1242534 -0.03544405 0.9468884 
1311867736.513855 -0.2020181 -0.07691772 -0.07853303 -0.04765226 0.1264055 -0.03559815 0.9465978 
1311867736.545942 -0.2020949 -0.07667512 -0.0783751 -0.04842223 0.1278869 -0.03561126 0.9463592 
1311867736.577921 -0.2010752 -0.07569322 -0.0750097 -0.04737425 0.1283537 -0.03563789 0.9463481 
1311867736.614041 -0.2018488 -0.07678006 -0.07744459 -0.04680791 0.1296058 -0.03575345 0.9462013 
1311867736.645945 -0.2018295 -0.07618852 -0.07703027 -0.04666257 0.1308519 -0.03605646 0.9460254 
1311867736.677917 -0.2012131 -0.07498546 -0.07397707 -0.04451073 0.1322498 -0.03648396 0.9459183 
1311867736.714011 -0.2015581 -0.07608037 -0.07578004 -0.04255131 0.1342386 -0.03679362 0.9457163 
1311867736.745845 -0.2018707 -0.07629504 -0.07699298 -0.04182884 0.1362388 -0.03682094 0.9454614 
1311867736.778041 -0.2020632 -0.07608498 -0.0763259 -0.04055919 0.1389132 -0.03677793 0.9451292 
1311867736.813988 -0.2023442 -0.07694625 -0.0779809 -0.03991432 0.1417533 -0.03636105 0.944751 
1311867736.845893 -0.2024662 -0.07782662 -0.08107256 -0.04093851 0.1442475 -0.03616895 0.944337 
1311867736.877969 -0.2023778 -0.07692222 -0.0784815 -0.04158533 0.1466874 -0.03618324 0.9439322 
1311867736.914026 -0.2023418 -0.07737167 -0.07893397 -0.04139188 0.149211 -0.03656456 0.9435304 
1311867736.945957 -0.203538 -0.07723309 -0.08196764 -0.04032787 0.144849 -0.03517755 0.8928304 
1311867736.977952 -0.2031755 -0.07577726 -0.07842541 -0.04148161 0.1469577 -0.03486241 0.8924453 
1311867737.014033 -0.2032974 -0.07574839 -0.0770713 -0.04111155 0.1484608 -0.03485674 0.8922138 
1311867737.045908 -0.2038895 -0.07620595 -0.07918995 -0.0417133 0.1498589 -0.03454978 0.891964 
1311867737.078108 -0.2032594 -0.07593968 -0.07849773 -0.04263755 0.1509151 -0.03435345 0.8917498 
1311867737.113940 -0.2032783 -0.07583909 -0.0784784 -0.04242056 0.1515141 -0.03438674 0.8916573 
1311867737.146046 -0.2036947 -0.07607231 -0.07895132 -0.04290842 0.1525815 -0.03427192 0.8914563 
1311867737.177948 -0.2036102 -0.07605822 -0.07886334 -0.04372211 0.1536996 -0.0341882 0.8912279 
1311867737.213967 -0.2034852 -0.0759322 -0.07868486 -0.04401327 0.1547139 -0.03426251 0.8910352 
1311867737.246123 -0.2037267 -0.07607584 -0.07898329 -0.04445135 0.1561634 -0.03424793 0.8907611 
1311867737.278372 -0.203934 -0.0762156 -0.07925144 -0.0458062 0.1574021 -0.03396719 0.8904852 
1311867737.313876 -0.2035635 -0.07611549 -0.07881903 -0.04694483 0.1585034 -0.03377969 0.8902376 
1311867737.345968 -0.2036383 -0.07611247 -0.07889964 -0.04788089 0.1595177 -0.03381335 0.8900053 
1311867737.378049 -0.2027714 -0.07707497 -0.08108973 -0.04955462 0.160537 -0.03402188 0.8897224 
1311867737.414197 -0.2026786 -0.07713019 -0.08101143 -0.05088212 0.162308 -0.03394474 0.889329 
1311867737.446224 -0.2024989 -0.07710072 -0.08081055 -0.05206668 0.1637299 -0.03424144 0.8889884 
1311867737.478065 -0.202316 -0.07706844 -0.08061166 -0.05331884 0.1650574 -0.03403454 0.8886766 
1311867737.514192 -0.2020858 -0.07711589 -0.08037598 -0.05424087 0.1662285 -0.0339293 0.8884065 
1311867737.546463 -0.2019122 -0.07712317 -0.08018685 -0.05513169 0.167196 -0.0339339 0.8881699 
1311867737.578080 -0.2018265 -0.07717284 -0.08011066 -0.05603431 0.1686078 -0.03400717 0.8878436 
1311867737.614253 -0.2016892 -0.07716828 -0.07994933 -0.05704342 0.1705368 -0.03413499 0.8874059 
1311867737.646024 -0.2014051 -0.07716413 -0.07964825 -0.05783878 0.1721663 -0.03441503 0.8870289 
1311867737.678009 -0.2011238 -0.07718641 -0.0793667 -0.0578443 0.1733813 -0.0345129 0.8867881 
1311867737.713975 -0.2010691 -0.07720079 -0.0792908 -0.0577135 0.1738888 -0.03438144 0.8867023 
1311867737.746041 -0.200933 -0.07722584 -0.07917158 -0.05798916 0.1747155 -0.03451098 0.8865168 
1311867737.778216 -0.2007443 -0.07729246 -0.07898336 -0.05844075 0.1756605 -0.03448467 0.8863014 
1311867737.814047 -0.2005352 -0.07730014 -0.07876304 -0.05908132 0.1762751 -0.03450644 0.886136 
1311867737.846024 -0.2004469 -0.07732297 -0.07865012 -0.05985875 0.1772162 -0.03499229 0.885877 
1311867737.877992 -0.200078 -0.07739342 -0.0782922 -0.06118416 0.1787698 -0.03504173 0.8854723 
1311867737.914040 -0.1996811 -0.07739542 -0.07786488 -0.06163778 0.1797808 -0.03520571 0.8852296 
1311867737.945994 -0.1995209 -0.07744672 -0.07771442 -0.06219573 0.1810863 -0.03557628 0.8849096 
1311867737.978199 -0.1991548 -0.07751365 -0.07734555 -0.06292585 0.1827337 -0.03604542 0.8845002 
1311867738.014108 -0.1988368 -0.07753907 -0.07701308 -0.06326485 0.1840909 -0.03649533 0.8841761 
1311867738.046018 -0.1987959 -0.07761482 -0.07697514 -0.06461738 0.1846558 -0.03627179 0.8839697 
1311867738.078104 -0.1983156 -0.07772002 -0.07648828 -0.06674355 0.1857259 -0.03586181 0.8836042 
1311867738.114017 -0.1977986 -0.07775047 -0.07592745 -0.06768684 0.1871481 -0.03613887 0.883221 
1311867738.146005 -0.1965229 -0.0773566 -0.07366073 -0.07637112 0.2130161 -0.04141404 0.9989543 
1311867738.177991 -0.1968833 -0.07797648 -0.07500469 -0.06809393 0.1895287 -0.03658809 0.8826634 
1311867738.214175 -0.1956819 -0.07747758 -0.07277392 -0.0765613 0.2154551 -0.04203339 0.9983907 
1311867738.246190 -0.1952211 -0.07754615 -0.07229851 -0.07521183 0.2168873 -0.04269716 0.998155 
1311867738.278144 -0.1950413 -0.07757387 -0.07210163 -0.07335354 0.2181138 -0.043253 0.9980021 
1311867738.314111 -0.1949383 -0.07760508 -0.07201115 -0.07180922 0.2195718 -0.04350804 0.9977835 
1311867738.346109 -0.1950501 -0.07756624 -0.07211988 -0.06975848 0.2215107 -0.04413319 0.9974729 
1311867738.378144 -0.1952236 -0.07757795 -0.07229361 -0.06840699 0.2232817 -0.04439446 0.9971601 
1311867738.414237 -0.1953736 -0.07755862 -0.07244326 -0.0678762 0.2254089 -0.04428025 0.9967227 
1311867738.446246 -0.1950513 -0.07758049 -0.07210608 -0.06746262 0.2269181 -0.04421967 0.996411 
1311867738.478192 -0.1952786 -0.07764099 -0.07234521 -0.06648645 0.2279085 -0.0441781 0.9962524 
1311867738.514016 -0.1953624 -0.07772814 -0.07245605 -0.0673113 0.2295426 -0.04391757 0.9958333 
1311867738.546231 -0.1948209 -0.07769767 -0.07188746 -0.06807748 0.2310185 -0.04377262 0.9954462 
1311867738.577962 -0.1944969 -0.07773308 -0.07153388 -0.06716852 0.2323025 -0.04422122 0.9951893 
1311867738.614059 -0.194641 -0.07777845 -0.07168877 -0.06627647 0.2337864 -0.04357301 0.9949302 
1311867738.646095 -0.1942806 -0.0778278 -0.07131616 -0.06606441 0.2355182 -0.04298439 0.9945614 
1311867738.678072 -0.1938574 -0.07777067 -0.07085994 -0.06431589 0.2371272 -0.04275384 0.9943035 
1311867738.714209 -0.1939952 -0.07786701 -0.07100674 -0.062247 0.2385623 -0.04160285 0.9941407 
1311867738.746097 -0.1941451 -0.07792478 -0.07117711 -0.06126901 0.2403968 -0.04086943 0.9937899 
1311867738.778386 -0.193666 -0.07788535 -0.07065037 -0.06007431 0.2427206 -0.04024437 0.9933234 
1311867738.814255 -0.1935163 -0.07803297 -0.07051628 -0.05794212 0.2440412 -0.03950528 0.9931562 
1311867738.846296 -0.1938786 -0.07809521 -0.07089642 -0.05701208 0.2447591 -0.03828501 0.9930811 
1311867738.878191 -0.1939139 -0.07808152 -0.07092929 -0.05656019 0.2466661 -0.03750434 0.9926648 
1311867738.914119 -0.1936246 -0.0781117 -0.07065275 -0.05545694 0.2490902 -0.03732315 0.9921284 
1311867738.946200 -0.1939447 -0.07822499 -0.07098415 -0.05433326 0.2510989 -0.03665796 0.991709 
1311867738.978163 -0.1935995 -0.07810976 -0.0705909 -0.05373882 0.2524436 -0.03623061 0.9914156 
1311867739.014204 -0.1927192 -0.07808976 -0.06968569 -0.05163431 0.2528518 -0.035833 0.9914379 
1311867739.046184 -0.1928754 -0.0782349 -0.06986916 -0.04842053 0.2537796 -0.03460328 0.9914067 
1311867739.078150 -0.193513 -0.07827079 -0.07052186 -0.04692115 0.2555525 -0.03281202 0.9910843 
1311867739.114513 -0.193154 -0.07836092 -0.07016577 -0.04602478 0.2570709 -0.03176182 0.9907678 
1311867739.146348 -0.1931921 -0.07832953 -0.07021321 -0.04451075 0.2594546 -0.03202969 0.9902068 
1311867739.178469 -0.1934097 -0.07831548 -0.07043546 -0.04350706 0.2609345 -0.03176883 0.9898709 
1311867739.214397 -0.1931121 -0.07836687 -0.07012431 -0.04279653 0.2618847 -0.0317897 0.9896502 
1311867739.246233 -0.1927415 -0.0783457 -0.06975246 -0.04138318 0.2633577 -0.0321523 0.9893077 
1311867739.278172 -0.1926721 -0.07834793 -0.06968999 -0.03909179 0.264208 -0.03207074 0.9891768 
1311867739.314220 -0.194002 -0.07856563 -0.07056194 -0.03708723 0.2611366 -0.03169207 0.972133 
1311867739.346651 -0.1931311 -0.07825674 -0.07014465 -0.03711328 0.2656236 -0.03127874 0.9888992 
1311867739.378155 -0.1934591 -0.0786469 -0.07000005 -0.03603986 0.2604625 -0.03105777 0.9723737 
1311867739.414069 -0.1939561 -0.07871018 -0.07052673 -0.03567775 0.2599365 -0.03062415 0.9725415 
1311867739.446069 -0.1937409 -0.0786297 -0.07031916 -0.03623828 0.2610799 -0.02979927 0.9722401 
1311867739.478345 -0.1931819 -0.07864354 -0.06974321 -0.03581076 0.2617485 -0.03008257 0.9720674 
1311867739.514181 -0.1936224 -0.07870937 -0.07019966 -0.03515019 0.2631347 -0.03028402 0.971711 
1311867739.546243 -0.1937726 -0.07873619 -0.07038294 -0.03609904 0.2657886 -0.02989925 0.9709655 
1311867739.578139 -0.1931576 -0.07868895 -0.06971557 -0.03631593 0.2676033 -0.03019727 0.9704496 
1311867739.614208 -0.1932089 -0.07871695 -0.06979959 -0.03633157 0.2688262 -0.03070494 0.9700951 
1311867739.646038 -0.1927331 -0.0787521 -0.06933702 -0.03679532 0.269839 -0.03055936 0.9698009 
1311867739.683014 -0.1928344 -0.07875151 -0.06939776 -0.03651355 0.2708249 -0.03125503 0.9695146 
1311867739.714200 -0.1933165 -0.07873837 -0.06993182 -0.03741332 0.2731182 -0.0312004 0.9688385 
1311867739.746116 -0.1926819 -0.07872946 -0.06927642 -0.03841855 0.2750018 -0.03030737 0.9682945 
1311867739.778237 -0.1921307 -0.0787271 -0.06870829 -0.03787969 0.2764311 -0.03061484 0.967899 
1311867739.814068 -0.1928371 -0.07870724 -0.06944864 -0.03738863 0.2783181 -0.03088 0.9673687 
1311867739.846203 -0.192783 -0.07875263 -0.06942321 -0.03868379 0.2800376 -0.03055347 0.9668318 
1311867739.878418 -0.1920166 -0.07873098 -0.06863257 -0.0380945 0.2808374 -0.0307407 0.9666173 
1311867739.914115 -0.1924353 -0.07866712 -0.06910436 -0.03629558 0.2817182 -0.03123724 0.9664142 
1311867739.946216 -0.1933088 -0.07865903 -0.07001141 -0.03672633 0.2836686 -0.0313993 0.965822 
1311867739.978102 -0.1928185 -0.0786025 -0.06950935 -0.03732087 0.2855872 -0.03119681 0.9652402 
1311867740.014076 -0.1926409 -0.07864782 -0.06935664 -0.03622476 0.2861626 -0.03155989 0.9650997 
1311867740.046266 -0.1935459 -0.07857069 -0.07030283 -0.03612407 0.2866761 -0.0320012 0.9649365 
1311867740.078241 -0.1935064 -0.0785574 -0.07027196 -0.03793367 0.2883137 -0.03167666 0.9643897 
1311867740.114064 -0.192995 -0.07851125 -0.06976402 -0.03675739 0.2899037 -0.03179112 0.9639548 
1311867740.146371 -0.1936974 -0.07849519 -0.07048741 -0.03557502 0.2912844 -0.03272665 0.9635515 
1311867740.178194 -0.1942001 -0.07844346 -0.07101486 -0.03661755 0.2933399 -0.03271581 0.962889 
1311867740.214200 -0.1936227 -0.07850028 -0.07044023 -0.03663854 0.2942548 -0.03268064 0.9626102 
1311867740.246293 -0.194125 -0.07839126 -0.07096316 -0.03566403 0.2946872 -0.03330048 0.9624933 
1311867740.278212 -0.1946465 -0.07834076 -0.0714986 -0.03648915 0.2955454 -0.03309667 0.9622062 
1311867740.314320 -0.1942826 -0.07826955 -0.07111312 -0.03690261 0.2949466 -0.03266771 0.9623888 
1311867740.346390 -0.1946949 -0.078248 -0.07154575 -0.03663976 0.2947695 -0.03270199 0.962452 
1311867740.378110 -0.1948057 -0.07821683 -0.07166736 -0.03704606 0.2947955 -0.03236825 0.9624397 
1311867740.414083 -0.1950878 -0.0782052 -0.07195616 -0.03706523 0.2960359 -0.03235751 0.9620585 
1311867740.446127 -0.1952789 -0.07813513 -0.07214695 -0.0374192 0.2975261 -0.03231631 0.9615864 
1311867740.478245 -0.1954258 -0.07815131 -0.07230404 -0.03749873 0.2981953 -0.03187815 0.9613906 
1311867740.514205 -0.1957312 -0.0782167 -0.07262002 -0.03819964 0.2999723 -0.03161951 0.9608186 
1311867740.546310 -0.1962563 -0.07807162 -0.07313177 -0.03862041 0.3023381 -0.03166927 0.9600583 
1311867740.578219 -0.196596 -0.07822863 -0.07351407 -0.03940194 0.304694 -0.03176425 0.9592783 
1311867740.614121 -0.1967562 -0.07799817 -0.07362395 -0.04286118 0.328995 -0.03388602 1.028558 
1311867740.646321 -0.1967641 -0.07795973 -0.07362268 -0.04040206 0.3077586 -0.03110433 0.9582795 
1311867740.678287 -0.1967892 -0.07793323 -0.07365495 -0.04323945 0.3305816 -0.03323926 1.028054 
1311867740.714219 -0.1969968 -0.0778481 -0.07384015 -0.04237309 0.3320703 -0.03301047 1.027618 
1311867740.746296 -0.1974753 -0.07804391 -0.07442118 -0.04213072 0.3340884 -0.03317697 1.026968 
1311867740.778455 -0.1976168 -0.0777191 -0.07449262 -0.04154764 0.3352358 -0.0331441 1.026619 
1311867740.814265 -0.1983002 -0.07790964 -0.07525738 -0.04104478 0.3367571 -0.03364153 1.026125 
1311867740.846153 -0.1987409 -0.07806267 -0.07576366 -0.04152208 0.3389063 -0.0339935 1.025386 
1311867740.878261 -0.1981301 -0.07768308 -0.07505434 -0.04070344 0.3402999 -0.03422259 1.02495 
1311867740.914527 -0.1991817 -0.07797618 -0.07626124 -0.03976281 0.3406658 -0.03515514 1.024833 
1311867740.946827 -0.1997688 -0.07799788 -0.07690194 -0.0404782 0.3411864 -0.03537141 1.024625 
1311867740.978374 -0.1991796 -0.07772457 -0.07620632 -0.04014253 0.3415939 -0.03557772 1.024495 
1311867741.014198 -0.1998489 -0.07768582 -0.07692753 -0.03871708 0.3422191 -0.03628833 1.024316 
1311867741.046255 -0.2013743 -0.07775774 -0.07855782 -0.03915857 0.3428603 -0.03594015 1.024097 
1311867741.078225 -0.2003346 -0.07769386 -0.07746125 -0.03985213 0.3429906 -0.03560171 1.024039 
1311867741.114405 -0.200188 -0.07758843 -0.07731562 -0.03854943 0.3428863 -0.03623346 1.024101 
1311867741.146687 -0.2013737 -0.07757584 -0.07853147 -0.03785733 0.3433616 -0.03601597 1.023976 
1311867741.178394 -0.2017815 -0.07763431 -0.07900146 -0.0382327 0.344394 -0.03632966 1.023604 
1311867741.214399 -0.2009642 -0.07758272 -0.07810789 -0.03724052 0.3461468 -0.03681874 1.023032 
1311867741.246529 -0.2014115 -0.07764503 -0.07861684 -0.03573891 0.3482184 -0.03710636 1.022371 
1311867741.278459 -0.202471 -0.0775514 -0.07969974 -0.03498369 0.3502586 -0.03747719 1.021687 
1311867741.314395 -0.2029126 -0.07750137 -0.08015961 -0.03443797 0.351961 -0.03799362 1.021101 
1311867741.346411 -0.2039878 -0.07737683 -0.08124932 -0.03434614 0.3534754 -0.03783046 1.020587 
1311867741.378315 -0.2041437 -0.07746252 -0.08143664 -0.03516087 0.3545178 -0.03714048 1.020223 
1311867741.415319 -0.2042494 -0.07731067 -0.08147588 -0.03589031 0.355722 -0.03740295 1.019769 
1311867741.448065 -0.2046846 -0.07732326 -0.08193346 -0.03666322 0.3576284 -0.03739219 1.019075 
1311867741.478466 -0.2050378 -0.07735998 -0.08231847 -0.03785783 0.3599812 -0.03713009 1.018212 
1311867741.514373 -0.2038867 -0.07742298 -0.08107476 -0.0385904 0.3614443 -0.03742353 1.017655 
1311867741.546194 -0.2045342 -0.07734162 -0.08171119 -0.03853855 0.3628072 -0.03788739 1.017155 
1311867741.578264 -0.2052213 -0.0773215 -0.08241264 -0.03959777 0.3645002 -0.03794608 1.016506 
1311867741.614334 -0.2041068 -0.0773969 -0.08127282 -0.04032409 0.3657527 -0.03831955 1.016014 
1311867741.646445 -0.2047781 -0.07738105 -0.08193149 -0.04046363 0.3670203 -0.03864493 1.015539 
1311867741.678331 -0.2047416 -0.07738269 -0.08190525 -0.04097704 0.3682649 -0.03861173 1.015069 
1311867741.714401 -0.2047454 -0.07741694 -0.08184955 -0.04154985 0.3690852 -0.03854245 1.01475 
1311867741.746390 -0.2044437 -0.07748794 -0.08154438 -0.04162232 0.3703979 -0.03864378 1.014265 
1311867741.778383 -0.2047487 -0.07749371 -0.08183265 -0.04174772 0.3714789 -0.03868504 1.013863 
1311867741.814390 -0.2050413 -0.07754024 -0.08211805 -0.04217048 0.3724494 -0.0385954 1.013493 
1311867741.848614 -0.2049423 -0.07752676 -0.08196853 -0.04287311 0.3736692 -0.03838641 1.013022 
1311867741.878273 -0.204547 -0.07746468 -0.08150031 -0.04275561 0.3745509 -0.03820507 1.012708 
1311867741.914423 -0.2053727 -0.07764538 -0.08236234 -0.04301241 0.375816 -0.03791783 1.012239 
1311867741.946874 -0.2054249 -0.07763617 -0.08236796 -0.04361376 0.3775322 -0.03783922 1.011578 
1311867741.978430 -0.2047434 -0.07776647 -0.08166943 -0.0439053 0.3795133 -0.03791396 1.010821 
1311867742.014256 -0.2052089 -0.07753039 -0.08201741 -0.04349537 0.3811474 -0.03770955 1.010231 
1311867742.046253 -0.2055578 -0.07754235 -0.08230636 -0.04382528 0.3834789 -0.03744172 1.009344 
1311867742.078677 -0.2057727 -0.07749507 -0.08249186 -0.04425117 0.3855027 -0.03762724 1.008547 
1311867742.114431 -0.2054516 -0.07762242 -0.08213749 -0.04462325 0.3871932 -0.03735471 1.007893 
1311867742.146290 -0.2055403 -0.07746281 -0.08214412 -0.04432347 0.3892908 -0.03716598 1.007105 
1311867742.178290 -0.2060067 -0.07737337 -0.08253734 -0.04435815 0.3912414 -0.03677592 1.006362 
1311867742.214351 -0.2063682 -0.077335 -0.08286609 -0.04468794 0.3935201 -0.0364587 1.00547 
1311867742.246390 -0.2056311 -0.07749693 -0.08209497 -0.04497266 0.395955 -0.03624941 1.004508 
1311867742.278539 -0.2053973 -0.0774338 -0.08181496 -0.04411081 0.3980156 -0.0364325 1.003725 
1311867742.314326 -0.205752 -0.07739877 -0.08214154 -0.04353968 0.3992812 -0.03631139 1.003252 
1311867742.346421 -0.2052039 -0.07742001 -0.0816124 -0.04280915 0.3999602 -0.03647384 1.003007 
1311867742.378418 -0.2057473 -0.0773199 -0.08210215 -0.04175077 0.4003604 -0.03672524 1.002883 
1311867742.414311 -0.2059057 -0.07734216 -0.08223024 -0.04121276 0.4005062 -0.0368844 1.002841 
1311867742.446263 -0.2064123 -0.07731125 -0.08269677 -0.04090926 0.4014644 -0.03687026 1.00247 
1311867742.478290 -0.2060409 -0.07734644 -0.08231839 -0.04072275 0.4025933 -0.03766683 1.001996 
1311867742.514425 -0.206751 -0.07719095 -0.08298917 -0.040457 0.4033843 -0.03779813 1.001683 
1311867742.546381 -0.2073257 -0.07716525 -0.08357859 -0.04125236 0.4036997 -0.03754752 1.001533 
1311867742.578302 -0.2068221 -0.07720854 -0.08304924 -0.04193864 0.4041276 -0.0378263 1.001322 
1311867742.614292 -0.2074119 -0.07704462 -0.08356308 -0.04213454 0.4057051 -0.03793456 1.000671 
1311867742.646252 -0.2065973 -0.07720151 -0.08275016 -0.04259135 0.4072135 -0.037831 1.000043 
1311867742.682359 -0.2062132 -0.07717414 -0.08233282 -0.04223915 0.4079368 -0.0378265 0.9997631 
1311867742.714393 -0.2066928 -0.07711147 -0.08280721 -0.04167333 0.4089422 -0.03774045 0.9993793 
1311867742.746344 -0.2039503 -0.07847191 -0.08841126 -0.05606253 0.5461786 -0.05133602 1.332742 
1311867742.782367 -0.2066533 -0.07700847 -0.08267521 -0.04140331 0.4121266 -0.03792077 0.9980747 
1311867742.814266 -0.2040235 -0.07839236 -0.08845585 -0.05514049 0.5500976 -0.05145486 1.331163 
1311867742.846416 -0.2044391 -0.0783624 -0.08884818 -0.05505909 0.5515828 -0.05170931 1.330542 
1311867742.882365 -0.2043401 -0.07835968 -0.0887497 -0.05517041 0.552709 -0.05185688 1.330064 
1311867742.914294 -0.2048407 -0.07828393 -0.08919454 -0.05538237 0.5553211 -0.05180631 1.328968 
1311867742.946401 -0.2043567 -0.07839914 -0.08871981 -0.05577699 0.5569142 -0.05133273 1.328303 
1311867742.982291 -0.2047197 -0.07829088 -0.08908727 -0.05563862 0.5577286 -0.05126222 1.32797 
1311867743.014441 -0.2052573 -0.07827983 -0.08958764 -0.05654211 0.5590094 -0.05093851 1.327406 
1311867743.046336 -0.2044395 -0.07835416 -0.08876828 -0.05707089 0.5602867 -0.05044566 1.326864 
1311867743.082403 -0.2051185 -0.07828949 -0.08941793 -0.05673628 0.5622849 -0.05041219 1.326034 
1311867743.114244 -0.2048065 -0.07830957 -0.08909999 -0.05722815 0.5631518 -0.0497413 1.32567 
1311867743.146291 -0.204798 -0.07829993 -0.08908471 -0.05720504 0.5639979 -0.04992741 1.325304 
1311867743.182485 -0.2052931 -0.07826652 -0.08954019 -0.05720847 0.5664962 -0.04993358 1.324238 
1311867743.214378 -0.2050467 -0.07828483 -0.08927108 -0.05733777 0.5683404 -0.04943158 1.323461 
1311867743.246306 -0.2053501 -0.07826123 -0.08955789 -0.05714406 0.5703787 -0.04905399 1.322606 
1311867743.282405 -0.2052661 -0.07827881 -0.08946155 -0.05801298 0.5715212 -0.04854565 1.322093 
1311867743.314313 -0.2050824 -0.07826469 -0.08926894 -0.05858726 0.5715247 -0.04843518 1.322071 
1311867743.346336 -0.2058728 -0.078188 -0.09002968 -0.06026992 0.5725488 -0.0486608 1.321544 
1311867743.382252 -0.2054228 -0.07827686 -0.08956673 -0.06256679 0.5739547 -0.04902513 1.320813 
1311867743.414596 -0.205174 -0.0782929 -0.08931059 -0.06397497 0.5766121 -0.04965382 1.319564 
1311867743.446308 -0.2044398 -0.07840825 -0.08857263 -0.06400377 0.5783739 -0.04890161 1.31882 
1311867743.482891 -0.2055657 -0.07821903 -0.0897018 -0.06398956 0.5793462 -0.04837027 1.318413 
1311867743.514541 -0.2054687 -0.07821893 -0.08960993 -0.06525352 0.5802898 -0.04796857 1.317951 
1311867743.546315 -0.2055702 -0.07821658 -0.08968875 -0.06567024 0.5816994 -0.04801856 1.317307 
1311867743.582469 -0.2058672 -0.07812096 -0.08999186 -0.06672549 0.5826546 -0.04793161 1.316835 
1311867743.614323 -0.2055405 -0.07820386 -0.08967043 -0.06760981 0.5831726 -0.04789696 1.316562 
1311867743.646584 -0.2047299 -0.07834345 -0.08886247 -0.06735867 0.5839001 -0.04765045 1.316261 
1311867743.682723 -0.205686 -0.07820436 -0.08982235 -0.06658393 0.5843531 -0.04765006 1.316099 
1311867743.714328 -0.205736 -0.07815031 -0.08987548 -0.0670984 0.5846889 -0.04790347 1.315915 
1311867743.746871 -0.2051759 -0.07822551 -0.08936022 -0.0668886 0.5849278 -0.048655 1.315792 
1311867743.782352 -0.2060224 -0.07811688 -0.09016763 -0.06609078 0.5860737 -0.04937231 1.315295 
1311867743.814607 -0.2054388 -0.07820998 -0.08961007 -0.06576717 0.5862067 -0.04911811 1.315262 
1311867743.846643 -0.2054627 -0.07817313 -0.08966659 -0.06456476 0.5852879 -0.04983482 1.315704 
1311867743.882591 -0.2073563 -0.077926 -0.0915191 -0.06421406 0.5862847 -0.05039118 1.315256 
1311867743.914313 -0.2061507 -0.07804307 -0.09033766 -0.06496925 0.5873507 -0.05028193 1.314747 
1311867743.947510 -0.2064141 -0.07803175 -0.09060842 -0.06370272 0.5875944 -0.05092974 1.314675 
1311867743.982586 -0.2088137 -0.07767852 -0.09297443 -0.06448407 0.5886288 -0.05065809 1.314185 
1311867744.014555 -0.2077708 -0.07780121 -0.0919366 -0.06698345 0.5878872 -0.05033031 1.314404 
1311867744.046549 -0.208452 -0.07765231 -0.09258151 -0.06846355 0.5885328 -0.05064473 1.314027 
1311867744.082516 -0.2078123 -0.07772959 -0.09196771 -0.07046492 0.5885977 -0.05044673 1.3139 
1311867744.115520 -0.2084385 -0.07761275 -0.09258122 -0.07181581 0.5885558 -0.05046835 1.313844 
1311867744.148571 -0.2099463 -0.07727944 -0.0940145 -0.07496318 0.5895468 -0.05077712 1.313212 
1311867744.182585 -0.2085661 -0.07763823 -0.09270849 -0.07944156 0.5903744 -0.05009248 1.312603 
1311867744.214411 -0.2073315 -0.07777613 -0.09145127 -0.08032224 0.5904533 -0.05033194 1.312505 
1311867744.246501 -0.2085469 -0.07756529 -0.09265621 -0.08110386 0.5908771 -0.05023906 1.31227 
1311867744.282414 -0.2080037 -0.07766291 -0.09212505 -0.08397582 0.5904187 -0.05000737 1.312304 
1311867744.314359 -0.2065116 -0.07791422 -0.0906611 -0.08406592 0.5897894 -0.05035504 1.312568 
1311867744.346504 -0.2082657 -0.07760156 -0.09236635 -0.0838685 0.5905785 -0.05038557 1.312225 
1311867744.382526 -0.2083806 -0.07756524 -0.09247183 -0.08546006 0.5916768 -0.05010814 1.311638 
1311867744.414428 -0.2073558 -0.07772724 -0.09148076 -0.08574718 0.5919925 -0.05003669 1.311479 
1311867744.446633 -0.2069102 -0.07783842 -0.09105647 -0.08460105 0.5920472 -0.04996068 1.311532 
1311867744.482522 -0.2087088 -0.07752612 -0.09280516 -0.08428158 0.5922415 -0.05000989 1.311463 
1311867744.514404 -0.2083454 -0.0776516 -0.09244287 -0.08530713 0.5928748 -0.05013081 1.311106 
1311867744.546486 -0.2071822 -0.07788677 -0.09130594 -0.08457597 0.5933933 -0.04984779 1.31093 
1311867744.582507 -0.2081043 -0.07764966 -0.09218275 -0.08340429 0.5936604 -0.04969896 1.310889 
1311867744.614395 -0.2080152 -0.07766323 -0.09210281 -0.08324416 0.5937249 -0.0497159 1.31087 
1311867744.646433 -0.2084074 -0.07761573 -0.09247223 -0.08290351 0.593737 -0.04970677 1.310886 
1311867744.682575 -0.2081697 -0.07762991 -0.09224111 -0.08261762 0.5936954 -0.04925358 1.31094 
1311867744.714472 -0.2090466 -0.0774776 -0.0931042 -0.08250215 0.5937069 -0.04905073 1.31095 
1311867744.746558 -0.2086284 -0.07759955 -0.09270646 -0.08342984 0.5933817 -0.04857802 1.311056 
1311867744.782346 -0.2069151 -0.07786036 -0.09100682 -0.08289082 0.5926384 -0.04861699 1.311425 
1311867744.814387 -0.2080375 -0.07763884 -0.09212555 -0.08052836 0.5922329 -0.04901183 1.31174 
1311867744.848084 -0.2087516 -0.07751522 -0.09280187 -0.08020185 0.5928707 -0.04883211 1.311479 
1311867744.882402 -0.2073274 -0.07782928 -0.09142581 -0.07926781 0.5926169 -0.04866691 1.311657 
1311867744.914398 -0.2088316 -0.07750928 -0.09288398 -0.07764104 0.5929272 -0.04949819 1.311583 
1311867744.946600 -0.2093523 -0.07740218 -0.09339036 -0.07785114 0.5944049 -0.04958043 1.310898 
1311867744.982403 -0.2093848 -0.0774634 -0.09341359 -0.07825408 0.5957899 -0.04974564 1.310239 
1311867745.014581 -0.209131 -0.07747651 -0.09316343 -0.07805776 0.5984127 -0.05009417 1.309041 
1311867745.046617 -0.2089333 -0.07747117 -0.09295021 -0.07686328 0.6006049 -0.04978944 1.308119 
1311867745.082541 -0.2092224 -0.07748684 -0.09325762 -0.07571314 0.6027103 -0.04999389 1.30721 
1311867745.114588 -0.2102708 -0.07728836 -0.0942862 -0.07531403 0.6035465 -0.05017668 1.30684 
1311867745.146961 -0.2095178 -0.0774088 -0.09353876 -0.07543695 0.6059274 -0.04986431 1.305743 
1311867745.182565 -0.2087731 -0.07748997 -0.09279789 -0.07356078 0.6073086 -0.04917016 1.305234 
1311867745.214610 -0.2109333 -0.07712674 -0.09488333 -0.07227695 0.6098341 -0.04954333 1.304114 
1311867745.249023 -0.2104797 -0.07717105 -0.09442769 -0.07318539 0.6121481 -0.04873313 1.303009 
1311867745.282839 -0.2096013 -0.07732543 -0.09356579 -0.07284151 0.612312 -0.04849728 1.30296 
1311867745.314820 -0.2103305 -0.07728637 -0.09431498 -0.07171871 0.6131052 -0.04834363 1.302655 
1311867745.346864 -0.2103162 -0.0772301 -0.09427154 -0.07122541 0.6144272 -0.04868169 1.302047 
1311867745.382676 -0.2106165 -0.07716847 -0.09454683 -0.07055164 0.616293 -0.0491257 1.301185 
1311867745.415121 -0.2105555 -0.0771659 -0.09450098 -0.06994446 0.6177606 -0.04844739 1.300547 
1311867745.446860 -0.2109792 -0.07709479 -0.0948872 -0.06932963 0.6185752 -0.04830564 1.300198 
1311867745.482610 -0.2116329 -0.07695336 -0.09550704 -0.06946932 0.6197679 -0.04856688 1.299613 
1311867745.514631 -0.2114295 -0.07700423 -0.09531188 -0.06959815 0.6212914 -0.04858169 1.298877 
1311867745.546657 -0.2108221 -0.07708546 -0.09471315 -0.06860937 0.6239163 -0.04888578 1.29766 
1311867745.582649 -0.211222 -0.0770119 -0.09512263 -0.06653973 0.6257246 -0.04994615 1.296856 
1311867745.614810 -0.2123344 -0.07680551 -0.09618114 -0.06575295 0.6277057 -0.05134145 1.295884 
1311867745.647863 -0.2130421 -0.07667091 -0.09687172 -0.06551717 0.629455 -0.05185316 1.295027 
1311867745.682574 -0.2137155 -0.07653726 -0.09754143 -0.06590871 0.6307439 -0.05179083 1.294382 
1311867745.714645 -0.2134554 -0.07658471 -0.09724664 -0.06682477 0.6327238 -0.05257367 1.293337 
1311867745.746630 -0.213036 -0.07666746 -0.09686323 -0.0669324 0.6340656 -0.05181262 1.292705 
1311867745.782604 -0.2144968 -0.07638164 -0.09828779 -0.06577456 0.6347099 -0.05040409 1.292504 
1311867745.814593 -0.2163037 -0.07607381 -0.1000505 -0.06606468 0.6358826 -0.04953105 1.291946 
1311867745.846588 -0.2167187 -0.07598675 -0.1004772 -0.06644188 0.6379674 -0.04920121 1.290911 
1311867745.882700 -0.2189551 -0.07563876 -0.1026361 -0.06652393 0.639017 -0.04881895 1.290402 
1311867745.914670 -0.2201818 -0.07534909 -0.1038396 -0.06742399 0.6406868 -0.04808301 1.289555 
1311867745.946772 -0.2202208 -0.07533452 -0.1038846 -0.06693586 0.6425715 -0.04848716 1.288627 
1311867745.982737 -0.2228757 -0.07479848 -0.1064807 -0.06482404 0.6444265 -0.04707769 1.287861 
1311867746.014698 -0.2270843 -0.07391521 -0.1105318 -0.06164188 0.6460119 -0.04135776 1.287419 
