1311867170.462290 -0.000145466458240761 -0.000108381642004403 0.000239318594534731 -2.29558925667959e-05 9.95878159667087e-05 2.88810089039404e-05 0.999999994360591
1311867170.762019 -0.0156880905518975 -0.00776568224278459 -0.0121854330083944 -0.0103151765894497 -0.0113719595998433 -0.00636018279321388 0.99986190233533
1311867170.794192 -0.0160770760301523 -0.00910523234022382 -0.0135994864256908 -0.0094938635937289 -0.0142984351457194 -0.00429416089773301 0.999843478494825
1311867171.226253 -0.0119856695604333 -0.0235005036643893 -0.0375785939111572 0.0137877067608694 -0.020881953790716 -0.0048095971568433 0.999675302747521
1311867171.994671 -0.0351375756384162 -0.0195015625788425 -0.0552385258559251 0.0097628264966907 -0.018758291884598 -0.0305538318975994 0.999309400066236
1311867172.326338 -0.057499274017527 -0.0148739960243774 -0.0503828085344975 -0.00533850104864767 -0.0300799420354367 -0.0272055296124223 0.999162927981321
1311867172.462350 -0.085708887461646 -0.00881416155978829 -0.0891354163061811 -0.0171710974740141 -0.0479260675255694 -0.041545542203385 0.997838771238169
1311867172.526306 -0.134759954715811 0.00131941501334131 -0.10078194759724 -0.0168533023159388 -0.0620952519339184 -0.0409757609866783 0.997086321689288
1311867173.326288 -0.164180640486233 0.0100428141929617 -0.111378575463402 -0.0105342708263878 -0.0732943103792348 -0.0421228004732108 0.996364713789325
1311867174.794474 -0.125006673814836 0.0111420467168599 -0.110833484002865 -0.0163011971182024 -0.069850024134001 -0.0521406090629349 0.996060541326449
1311867175.594664 -0.0904984475449172 0.00137973308384087 -0.109555202437005 -0.0118230228073061 -0.0682419672422198 -0.0399536385400984 0.996798353131674
1311867176.194692 -0.0645596149132448 -0.00634119801140495 -0.114322202970507 -0.000849282527654179 -0.0524405051136521 -0.0439191030483921 0.997657448491234
1311867176.226536 0.0198388663722151 -0.0267182356332414 -0.101231960284631 -0.00612914987825348 -0.0432689404404976 -0.0505697104271499 0.997763968432535
1311867176.294611 0.214900281967395 -0.0412770424567863 -0.0934860611176118 -0.0038366432608913 -0.0514021797662147 -0.0459249447400806 0.997614151630976
1311867176.694518 0.213967215000059 -0.0438397325375361 -0.0903383257557992 -0.00477820628825338 -0.0178902385673262 -0.0392826662704571 0.999056545066071
1311867177.762538 0.223474357130081 -0.0466980035474423 -0.0996415383806333 -0.0280828595148408 0.00562183537803144 -0.0314565269691078 0.999094707662639
1311867178.362723 0.242207918517437 -0.0518724229438554 -0.117651025315961 -0.0435131369237548 0.00918720076065619 -0.0412740936489577 0.998157628559084
1311867178.994683 0.274428701145132 -0.0582120052255087 -0.140766858289303 -0.0317051710189031 -0.00145771479571806 -0.0467519239364789 0.998402180890283
1311867179.463746 0.297088472523885 -0.0603670085697498 -0.166854642451778 -0.0218706987383893 0.013251159621606 -0.0364597883783446 0.999007889426697
1311867179.762727 0.330676876489813 -0.0612955463908286 -0.166396105879889 -0.00919136892411871 0.0278768075386529 -0.0207468096102341 0.999353777312995
1311867180.365820 0.360114932295374 -0.0733569294048436 -0.178371815388572 -0.00505248652433098 0.0332557508448323 -0.0264457688307759 0.999084154977256
1311867180.765038 0.39324277176849 -0.0781453028057127 -0.178889689939893 -0.0183280444187748 0.0347312741221562 -0.0299244839222246 0.99878042964789
1311867181.234246 0.440116101096045 -0.0794332132391009 -0.17661445009836 -0.00958654137470726 0.0276709849307866 -0.0249900891353598 0.99925868035381
1311867181.731083 0.454950740145242 -0.0868102435936309 -0.179220102956824 -0.0186746618834337 0.0298692527311954 -0.0290121444883256 0.998958147380063
1311867182.230774 0.486405816748097 -0.0938466305556679 -0.174848280397113 -0.0248988824742624 0.0290860931410092 -0.0336109904384146 0.998701329807403
1311867182.963056 0.519134903485528 -0.0948134144241613 -0.157079682987214 -0.0323756697538307 0.0218087179780632 -0.0328430228863848 0.998697918129315
1311867183.664879 0.5432557996611 -0.103042880070853 -0.162729706857677 -0.0323746158414209 0.032409436418729 -0.0343049211149664 0.998360999372189
1311867184.531088 0.599659803576523 -0.106419658126887 -0.157635444664174 -0.0366895938636513 0.0312650841279008 -0.0328324124727996 0.998297751629148
1311867187.063280 0.542577421862707 -0.102894413532808 -0.154000421058896 -0.0408246770228248 0.0346678471678341 -0.0361463447566696 0.997910280475886
1311867187.734539 0.514761368139419 -0.100657818782566 -0.142994934971399 -0.0434239954475659 0.0316719490558259 -0.0345978538451637 0.997955025425336
1311867188.363382 0.484726061318435 -0.0995072248033371 -0.14217957166798 -0.044872325919064 0.0344348879705739 -0.0398222852687621 0.997604580208532
1311867189.005216 0.456067910885881 -0.0916929181870152 -0.147995917319404 -0.0454506942055719 0.0334662930457095 -0.0438766159202544 0.997441268547375
1311867189.463454 0.429708518816793 -0.085244633358832 -0.154727867717862 -0.0374086080044448 0.0313949261486595 -0.0426155205219734 0.997897225204044
1311867189.999434 0.410046044625843 -0.075780367131894 -0.163240082318128 -0.033766542659378 0.0475147636097778 -0.0267536735462004 0.997941084828019
1311867190.499357 0.38287543595475 -0.0710941678350576 -0.16808529516489 -0.0270246439230703 0.0463444054185088 -0.0305943936720052 0.998091101945648
1311867190.999440 0.364321794276444 -0.068405502243221 -0.167138726958943 -0.0263072306136514 0.0380550246126508 -0.0359811832938408 0.99828107222763
1311867191.463414 0.328469073374879 -0.0673666213695433 -0.154316151917631 -0.0290504514340361 0.0291515361497031 -0.0444848877929438 0.998161987840471
1311867192.099806 0.300143681264291 -0.0678477847277358 -0.148533893514439 -0.0226218504234004 0.0316138965665749 -0.0435279652683533 0.998295612364843
1311867192.631521 0.276699820739363 -0.0606345034917842 -0.146501991250067 -0.0255543216811436 0.0180325444788094 -0.0501300043564124 0.998252867086422
1311867193.499549 0.252707517601732 -0.0583239044432897 -0.148791567853704 -0.0120229211910668 0.0169127230357827 -0.0531529304010527 0.998370760366773
1311867194.563736 0.253849371142714 -0.0850627874684391 -0.156641025028965 -0.0246074812283068 0.0149407823653804 -0.0603913197009722 0.99775955690471
1311867195.131755 0.25150842194058 -0.102784317148151 -0.167881189434755 0.000952274371288814 0.0200754596305862 -0.0665819672512689 0.997578523591549
1311867195.799635 0.247005563214948 -0.127281589113446 -0.162099885816384 0.0129279075518478 0.0274676050343413 -0.0518097116276981 0.998195448627704
1311867196.499768 0.240762343488506 -0.159204569009007 -0.151324945072336 0.0218935675639658 0.0277207267853914 -0.0458608249405173 0.998323102878816
1311867197.267919 0.233260152380205 -0.187534050138365 -0.150416635492734 0.0162226867133594 0.0242879427592684 -0.0450765221469759 0.998556471824932
1311867197.967946 0.231717079460895 -0.216733101057457 -0.155749318461179 0.0248108406815088 0.0150602931444071 -0.0429230828522784 0.998656707138914
1311867198.699844 0.222239392589068 -0.249400005936213 -0.151224272047854 0.0295018300066319 0.0109457377509188 -0.0535691599896759 0.998068223093666
1311867199.732005 0.216798029425033 -0.282098306928228 -0.15015072532393 0.0391139508305771 0.00717059989463327 -0.060072136646606 0.997401634120521
1311867203.600247 0.210491850065979 -0.269815815039414 -0.185202534861281 0.0662202058634068 0.00902829027706855 -0.0551934077268806 0.996236448868227
1311867204.600264 0.22548088607691 -0.234008085681568 -0.192710181647466 0.0643382856899118 0.0164920826654333 -0.0506128888332836 0.996507366599861
1311867205.668640 0.235023548064269 -0.196136395192235 -0.200964253711717 0.0662761603695704 0.025331660834725 -0.0525206738178117 0.996096057791489
1311867206.536578 0.240369267970078 -0.163646865950671 -0.200321336762289 0.0540673388271316 0.0284594433056998 -0.0554722387336225 0.996588989347545
1311867207.800991 0.250609671844065 -0.13084529073174 -0.197135833175123 0.0393494590239211 0.0334293310199039 -0.0534829999432357 0.997233006182185
1311867208.968732 0.255184307388407 -0.0986197613912288 -0.194272303556395 0.0235236591664725 0.0286909812331253 -0.0498694555977047 0.998066381787148
1311867210.236614 0.255436909044029 -0.07197952550469 -0.186381777062266 0.0019486619349466 0.0314653367553224 -0.0537847504518156 0.998054776011003
1311867211.536921 0.264656412534816 -0.0435969505910785 -0.187640233820894 -0.0115836970272916 0.038773551539123 -0.050931748725533 0.997881950250621
1311867212.668874 0.268950070938643 -0.00850324597745991 -0.202179813775633 -0.00962105573654945 0.0409567739263298 -0.049095085405518 0.997907636279574
1311867213.101068 0.264410554083665 0.0119735109408859 -0.199206687697969 -0.0232692444296552 0.0327812303900493 -0.059541994055853 0.997416003551999
1311867214.068910 0.262276808239054 0.0370991277425653 -0.18340478824946 -0.038204903754817 0.0233916364613934 -0.036844628158235 0.998316427816664
1311867214.904984 0.259446306054822 0.0644553277816139 -0.189338607469988 -0.0452795644901316 0.0327159781625272 -0.0325771811400491 0.997906885977555
1311867215.504980 0.258800383840954 0.0870873838443717 -0.196675189040697 -0.0258730935021404 0.0395697079808439 -0.0394792603827657 0.998101302094417
1311867216.237023 0.255013856064387 0.113516745556346 -0.192355973420371 -0.0178839808121485 0.0452754238871723 -0.0314361798970367 0.998319621071142
1311867216.837963 0.242880792314044 0.138029655024307 -0.201961437858968 -0.000150952016947934 0.0338765737839813 -0.0381518675479638 0.998697546790193
1311867217.769488 0.239669118820403 0.163303083709323 -0.208417162384796 -0.00773248505267497 0.0312628330297642 -0.0334890959162464 0.998920079085697
1311867218.872727 0.240024392339493 0.190502003774935 -0.204036924569937 -0.0175163883138336 0.0357467693296111 -0.0306151549647283 0.998738232426005
1311867220.042194 0.235679323435368 0.16741385736612 -0.213872012281009 0.000401646514337161 0.0338305181755002 -0.0268093128502282 0.999067863292856
1311867220.671279 0.232012015357314 0.141547870561663 -0.221731902196305 0.0130500468980543 0.0279216437559906 -0.0303732576392256 0.999063332980599
1311867221.742382 0.225255580050353 0.115121124100027 -0.233195742845624 0.0234080144462808 0.0243213663134687 -0.0256463768583194 0.999100995572705
1311867222.809321 0.218707093973427 0.0862596025788596 -0.243176798678354 0.0309691420563329 0.021395461405368 -0.02299975212473 0.999026605188144
1311867223.837481 0.220628969197002 0.0577143574810402 -0.250534399176972 0.0363523056897929 0.011481475466268 -0.0238969151387046 0.99898729873758
1311867224.837824 0.218274119403092 0.0294594269109155 -0.252879163789748 0.0462713830728985 0.00925189013379447 -0.0323189451188065 0.998363083964887
1311867227.173840 0.206522724187033 0.00483263040244838 -0.222322527680099 0.0486421357206037 0.0153496572588989 -0.032931912605072 0.9981552082651
1311867228.337798 0.20544498614446 -0.00185333171197893 -0.171245855735023 0.0299846090741487 0.0182890193894599 -0.0360017379394589 0.998734353996988
1311867229.338430 0.219063903581386 -0.0129856074439368 -0.119368801659623 0.0205528048536924 0.0210179853232452 -0.0363492581574129 0.998906681295607
1311867230.037850 0.233687233886823 -0.0246261347825196 -0.0682239431999754 0.015266300400942 0.0172183432304769 -0.0349878383781108 0.999122775185359
1311867230.705904 0.248887476368005 -0.0390774792996031 -0.0246439409317998 0.00664103571105799 0.0154049011369663 -0.032950299702863 0.999316197914922
1311867231.505980 0.257697249811138 -0.0475325630998554 0.0145887870591308 0.00239849905801192 0.00278212744381366 -0.0413961482414324 0.999136059743581
1311867232.606133 0.2426557588649 -0.0456306291918662 0.0623825074028697 -0.00660669506082304 0.00621834006600522 -0.0427382329951706 0.999045107724195
1311867233.542082 0.240182843537453 -0.0490950756097619 0.0990865574448119 -0.0143778562791847 0.0231563568289758 -0.0398364887783381 0.998834377937122
1311867234.442238 0.239253604397142 -0.0549677870313008 0.136650783872214 -0.0270936691301026 0.0334897048934806 -0.0285991126808099 0.998662337085507
1311867235.342289 0.254705062733079 -0.057602684872973 0.176469844994955 -0.0383391029773326 0.0352650081713942 -0.0247909113220092 0.998334564711344
1311867236.174242 0.258815490047421 -0.0573635587109542 0.217361577864227 -0.0471716003563965 0.0453651438868783 -0.0240238057728109 0.997566890286626
1311867236.874475 0.253593391337322 -0.0568587196858891 0.252008507786498 -0.0592229388842622 0.0478604526283209 -0.0330066607768065 0.996550340388527
1311867239.606412 0.25450731756847 -0.0620854607910592 0.191025787437966 -0.0463830528069057 0.0486037576381405 -0.0347455691013752 0.997135413363494
1311867240.106559 0.265588912964246 -0.0594225636905491 0.155310580452085 -0.0385636424502284 0.0519744497301395 -0.0361443999200304 0.997248757537778
1311867240.874843 0.267613479432023 -0.0531828028884974 0.107197297427289 -0.035927335826857 0.0463824234694744 -0.0354041450318982 0.997649459403473
1311867241.774620 0.268603317513502 -0.0477500492715282 0.0592642911166872 -0.0281134320311695 0.0460654622985701 -0.0337968939387624 0.997970629869807
1311867243.074944 0.258771810915037 -0.0538429593722037 -0.00395322059956767 -0.0261995650838551 0.0372609410122855 -0.0365161550242342 0.998294433264326
1311867243.810755 0.259261666558926 -0.0593185194034847 -0.057068499953628 -0.0202179869819322 0.0180150481680015 -0.0340569229917531 0.99905296007681
1311867244.742796 0.251028681472681 -0.0743343539512221 -0.119641529889057 -0.0214572428408353 0.00812668619429727 -0.035912888902399 0.999091491361954
1311867245.374937 0.232162254165153 -0.0693494245819952 -0.171994383682098 -0.00768068252105468 0.0148525452946606 -0.0399790179396701 0.999060602335444
1311867246.242940 0.230087639693691 -0.0577656245905172 -0.232687950928417 0.0120481444153581 0.0220856812171463 -0.0406605373566193 0.998856238706648
1311867247.175163 0.212339873743147 -0.0570090456656297 -0.29661639856066 0.0119969398314134 0.00796731499071141 -0.0482021293094996 0.998733773363328
1311867248.311223 0.209309083739961 -0.0522283843349378 -0.382292528110416 0.0186766121109894 0.0232165661690499 -0.0454870134798794 0.998520458889078
1311867250.043427 0.229535564771374 -0.0656789919736643 -0.458836195237945 0.0335111174381146 0.0178197929708881 -0.0428452827184258 0.99836052693168
1311867251.211383 0.241262260882882 -0.0463777543994037 -0.543077854753367 0.0397409859084846 0.0301170794496556 -0.0359945392752293 0.998107213032152
1311867252.445597 0.229274624291383 -0.0548751969745511 -0.624039154012751 0.0632997780489538 0.0351829379296629 -0.0382785629960152 0.996639378407532
1311867253.279395 0.219899434734614 -0.0220192845445967 -0.697756650839401 0.06752317859724 0.0442280716198722 -0.0336662358357155 0.996168199952983
1311867254.411535 0.222579539947704 -0.00535756312457203 -0.774725408898956 0.0908405833121354 0.041911265646168 -0.0444138609513265 0.993991369776842
1311867255.479482 0.231658863857607 0.0136790566593619 -0.837431689033823 0.0983643127451162 0.0182974165450153 -0.0586174913932628 0.993254074357976
1311867258.984155 0.220917426064623 0.00958105505831299 -0.852324613689496 0.0993100637210724 0.0394072719174184 -0.0441851969414628 0.9932936356058
1311867260.151371 0.200095282672995 -0.0101110949337163 -0.772207049210656 0.0775714819824967 0.0483509525706478 -0.0422436124439519 0.994917246697551
1311867261.011875 0.19261456662192 -0.0240042431541764 -0.719039365598718 0.0490069630707707 0.0572365454692266 -0.0428954945128243 0.996234044782565
1311867262.247855 0.21205242150666 -0.0632990781128806 -0.649407900662546 0.0376015403290331 0.0515995257324313 -0.0404776232821143 0.997138493451388
1311867263.012291 0.225140541242884 -0.0923150631514043 -0.569777968684578 0.0276100261141856 0.0417967226970984 -0.043629537251854 0.997791152450725
1311867263.948206 0.252326959513449 -0.105323220574013 -0.520738898191205 0.0274618440726204 0.023525655668435 -0.0503279502683717 0.998077896793274
1311867264.648092 0.27243208147581 -0.107101709682452 -0.472045786147293 0.00989489304672788 0.0412334993942733 -0.0413254026929894 0.998245511240375
1311867266.548233 0.242305819163263 -0.147456866444943 -0.299848508134426 0.0129159024989103 0.0434438308990865 -0.0484550869284453 0.997796531147612
1311867267.448184 0.228359245857939 -0.159021229671239 -0.238059787640504 -0.00299127144899032 0.0562364610689948 -0.0367171248977737 0.997737623566835
1311867268.716434 0.231663254796766 -0.167313535994387 -0.151894545578109 -0.009454338417481 0.0537331560547335 -0.0308266481115531 0.998034609215378
1311867270.148642 0.255127441342234 -0.170331452512244 -0.0477921642170879 0.00940526937639588 0.0322496785030568 -0.0436612080037011 0.998481446026948
1311867270.848467 0.268550152484979 -0.167736630320709 -0.00241450763965169 -0.00948927583161778 0.0371259375901153 -0.0364826866132231 0.998599335058725
1311867271.348780 0.277100767826204 -0.167528869357216 0.0284037086942973 -0.0372257281427059 0.0461183803866368 -0.0332607345433309 0.997687858847845
