1341846434.710184 -0.000207179755017077 -0.00017360057957872 0.000286267304297359 -4.52504739084456e-05 -8.29047237555659e-05 -2.0080108200747e-05 0.999999995337995
1341846434.946443 0.0166879621752727 -0.00410001995694275 0.0072154013363228 0.0108125567344706 0.0338492747324211 -0.0122341466149565 0.999293570915753
1341846434.978088 0.0201357717932533 -0.00449851368773603 0.00848532323624649 0.0159983811462544 0.0389433481886297 -0.0121595459046068 0.99903934500897
1341846435.113961 0.0330518299044989 -0.00669464267368298 0.012229379545066 0.0289365760737583 0.0633822184424862 -0.0125950934652789 0.997490216779612
1341846435.281968 0.0525564867470177 -0.0102290019733907 0.0183033292100851 0.0452306707103742 0.077538868533592 -0.0219478386248214 0.995720946185887
1341846435.513983 0.0741191875964929 -0.0130217149459085 0.023949077182123 0.0613393319897232 0.08569390032295 -0.0257262203400755 0.99409868895674
1341846435.750187 0.0895953719376191 -0.014253782107097 0.0297178149905129 0.0651981093711139 0.117070986348229 -0.028754580850575 0.990563862035151
1341846435.918077 0.105969475563465 -0.0172780172247194 0.0367729484998725 0.0587949979260229 0.141152420235378 -0.0239294071932383 0.987950669796804
1341846436.085970 0.125464539236546 -0.0195982371051245 0.0442257129216516 0.0653660861262072 0.155176201168424 -0.0136336907340196 0.985627588824728
1341846436.318164 0.144618846380682 -0.0233755809804111 0.0477348453098803 0.0805738377526266 0.170921510366435 -0.0215919351529196 0.981747158030122
1341846436.522075 0.165194101794572 -0.0270309524551545 0.0525105251762786 0.0769198029199938 0.179579771197652 -0.031785619559967 0.98021636595424
1341846436.690078 0.181712153753906 -0.0261146870749525 0.0575995556254745 0.0688302666821867 0.190098592257767 -0.0295238173599025 0.978904113699893
1341846436.858129 0.204227090959324 -0.0291351884392977 0.0643589835127165 0.0702096619143365 0.178631737651888 -0.0123965873819369 0.981329521770656
1341846437.190123 0.227568961502498 -0.032892811121017 0.0710440410989154 0.0711266469819118 0.187434440918586 -0.0229807194991242 0.979429026003391
1341846437.364153 0.241281990833273 -0.0344894029986189 0.0778156907394857 0.0763425133518122 0.174867195330496 -0.0264748312235779 0.981270792372859
1341846437.669713 0.259610459725881 -0.0401803077535611 0.0833954456450105 0.0634915852461698 0.180611468751429 -0.0259858820634663 0.981159033944938
1341846437.894185 0.276561426844428 -0.0427400344173743 0.0946287133851335 0.0409647534819234 0.177150533769204 -0.0136783523375952 0.983235719466487
1341846438.164374 0.293855924105281 -0.0445809432755894 0.105287910629298 0.0327301472886987 0.202226020253864 -0.0119368247537876 0.978719002781463
1341846438.329987 0.29706338456306 -0.0457898078165199 0.105140541057842 0.0194427255197932 0.231656680722522 0.00931864675962865 0.972558648886305
1341846438.430136 0.301248533379122 -0.0488564888976683 0.112026554828243 0.00281789299730488 0.261182376130348 0.0203092855883126 0.965071685833158
1341846438.498124 0.303567848282044 -0.0509451324431532 0.119176013270407 0.00507908275440539 0.278806169049788 0.0211032714707512 0.960102064861537
1341846438.598145 0.306815551357742 -0.0549595143781123 0.12673259281696 0.00885291069770756 0.289283933029684 0.0270198752755706 0.956820964654908
1341846438.766996 0.314655632028041 -0.0577808596408249 0.138691740240801 0.00496971430030624 0.293177678520836 0.0411450800076751 0.955159271089418
1341846439.070117 0.318540625805198 -0.0609291195596606 0.150191107243959 0.0179858355757375 0.271209430004426 0.0766765912505268 0.95929278906365
1341846439.338209 0.322300308864711 -0.0618541176756698 0.149648730277423 0.0157894756325572 0.279889410471385 0.0853368978233157 0.956101576316618
1341846439.502101 0.331158631612467 -0.0636909416580702 0.161136204911254 -0.0134130243466253 0.303992835335911 0.0974179996015808 0.947585447437822
1341846439.846398 0.344010152955008 -0.0672786895327766 0.178782587974588 -0.032221409683965 0.284042928630504 0.110448305500848 0.951883694190092
1341846440.173898 0.35092553974061 -0.0678808483604308 0.19042474609157 -0.053020640010073 0.257426328042641 0.121844587547809 0.957117753387069
1341846440.578060 0.342185623042269 -0.0653075528295626 0.176004763898431 -0.0335013835612496 0.235702337357364 0.1085224894718 0.965165755061067
1341846441.052118 0.325248100790295 -0.0610032650177207 0.15265412418582 -0.0206012176348586 0.224818112587955 0.0823220251326783 0.970698454857329
1341846441.314084 0.319217163594873 -0.0582259903837434 0.146549260778217 -0.00890913927897815 0.199183999050753 0.0477665056435516 0.978756722938883
1341846441.550064 0.309939670204488 -0.0551452127208493 0.138017045782115 0.0110946286358455 0.173571952506036 0.0271448218037581 0.984384500674364
1341846441.781910 0.303400211862504 -0.051758640883576 0.13359442507588 0.0114567287379917 0.141661275136352 -0.00281584991360797 0.989844885566739
1341846442.186309 0.297601688336011 -0.0470465331738405 0.131229255533757 0.0180679468046078 0.115034648985531 -0.00224753389387529 0.993194607024443
1341846442.522074 0.294590170226883 -0.0415460885770373 0.128817475477275 -0.00725592978302643 0.0978569996092372 -0.0300545325072102 0.994720103439271
1341846442.790054 0.28847147420699 -0.0365171360409066 0.120076621175642 -0.0373737579237355 0.0822921779240173 -0.0314539393393998 0.995410392436815
1341846443.122143 0.28450544250067 -0.0319567599361168 0.113198029419402 -0.050488785906256 0.110829166325232 -0.0418268355466441 0.991674490050803
1341846443.594027 0.28164586184044 -0.0333688721085453 0.105166340774497 -0.0840190981119647 0.107019871306178 -0.0237304659188421 0.990416277776843
1341846444.530364 0.273774088517854 -0.0309884850170623 0.0881194857474791 -0.114023800137226 0.112540319317219 -0.0449007747797421 0.986061443295712
1341846444.833972 0.278436013453559 -0.0304812552624534 0.0940178508175541 -0.157590309032798 0.120959857058881 -0.054569032253031 0.978548020384391
1341846445.370095 0.28476394227531 -0.0231068453419306 0.105814707046919 -0.124078043440133 0.134381728478955 -0.0462430770956347 0.982042650808917
1341846445.706037 0.300364033229691 -0.0103940618917485 0.133559171373875 -0.113148854892347 0.133107287513166 -0.0606248027406423 0.982753488897443
1341846446.306170 0.312033304621023 -0.00727053605026882 0.161270313441749 -0.10805607904568 0.114976813300254 -0.0966238765777683 0.982734980887358
1341846446.542120 0.31367079557641 -0.00379329983468897 0.167167338360816 -0.113950241760917 0.0826488038783961 -0.0944690886689557 0.985525295924035
1341846446.877989 0.315770458146253 -0.000347967170011614 0.174686275635281 -0.131274343111533 0.0689487599848821 -0.131200414868817 0.980203839247446
1341846447.520057 0.313449452367095 -0.00404126526300237 0.167777538207677 -0.112056734783495 0.0991616355472684 -0.122991985647035 0.981062296539752
1341846447.992036 0.310229429117348 -0.0124378430655753 0.154876988085026 -0.102625101626247 0.0828993563810775 -0.120352654436124 0.98392633047296
1341846448.318080 0.305587780183172 -0.0203278138312932 0.139158623991653 -0.0751897080522277 0.0713410561672359 -0.0942784839312478 0.990135611406634
1341846448.854125 0.299525860317786 -0.0286783417462298 0.123589797614293 -0.0685441675622023 0.0864726380067481 -0.0918199505160777 0.989643004651972
1341846449.190066 0.294576454794361 -0.0274135084560781 0.129884168009049 -0.0379767354001616 0.0908558143474741 -0.113922379470332 0.988597329565188
1341846449.321912 0.293010014048184 -0.0265197981141439 0.130167374690445 -0.0023333260139675 0.0882816858422873 -0.12971812498915 0.987610301477185
1341846449.594265 0.292533390855344 -0.024169544248583 0.133054360215917 0.0413132557548137 0.0879894028381032 -0.131580257710498 0.986528111950172
1341846450.429941 0.29570062588144 -0.0228327924310744 0.133316928562411 0.0558605317930224 0.0687039968434279 -0.122191757336768 0.988548702009411
1341846450.561983 0.298150353221102 -0.022949766853509 0.131086496854591 0.0688279072681774 0.0583679660846524 -0.116312843530551 0.989104252415316
1341846450.698174 0.300399074454246 -0.0221657432217546 0.127584176259106 0.0862554522048469 0.0555981709101882 -0.110467306959953 0.988567556846468
1341846450.798042 0.302450618949119 -0.021409989805197 0.12247191247098 0.0928295508968747 0.0574096281370365 -0.101006237537212 0.988880452358134
1341846451.034057 0.306370048048042 -0.0192471991574075 0.111247209781739 0.0987436165645204 0.0635428722061815 -0.0783831760564255 0.989983878298458
1341846451.266056 0.305879729758714 -0.0200401120938736 0.096412420583764 0.0806917511981514 0.0529971699476526 -0.0766806617635082 0.992371007928802
1341846451.637996 0.308227879355488 -0.0217159807584876 0.072926291984598 0.0908142166135077 0.0322342842281671 -0.0770605299404716 0.992358505635169
1341846451.838004 0.308616557299242 -0.0233957528183504 0.0569910740041947 0.120767842399455 0.0330968431951917 -0.0794200186817517 0.988944987269405
1341846452.105977 0.306189233457538 -0.026664665519692 0.0451141174406249 0.136822157838938 0.0373990005748723 -0.103444260653537 0.984469550985779
1341846452.374034 0.307860438452016 -0.0316055953052459 0.0301374301138677 0.129122155233384 0.030469388928302 -0.111194380100143 0.984903495374225
1341846452.542118 0.309398922895035 -0.0366740235788642 0.0190400984421952 0.119481312459442 0.0190532757814349 -0.109582426929359 0.98658647890757
1341846452.810050 0.3110042718857 -0.0420720557980437 0.00232211965152134 0.113365500816961 0.0164832243093327 -0.112590641070547 0.987015660506059
1341846453.447282 0.305642126789891 -0.0442386850091028 0.00918996838367844 0.0923411510225737 0.0431745791467476 -0.119174774188407 0.987626670731643
1341846453.588242 0.305903982259011 -0.0401608436780901 0.0123115841600807 0.10147087172998 0.0603224603692326 -0.104998342257292 0.987441244372839
1341846453.720025 0.304637841357291 -0.0353326681845418 0.023513148403912 0.116606427526598 0.0702174871626835 -0.099449925172109 0.985688671913858
1341846453.924065 0.303048320156825 -0.027147640689337 0.0381781514768393 0.123317233648421 0.0851826355467194 -0.0955470780846461 0.984076996152284
1341846454.088076 0.30156246498096 -0.0199831524070675 0.0470984498172519 0.119225419586955 0.091039184141888 -0.0873478725284667 0.98481851903782
1341846454.291937 0.301352671224133 -0.0103038038083539 0.0604950395774263 0.119612861964128 0.0899840793581347 -0.0746987961911338 0.985908575154114
1341846454.456041 0.30069387132653 -0.0039612858399826 0.0671490606922425 0.112484786430665 0.0882682666720214 -0.0614040826353572 0.987818518026502
1341846454.555946 0.300348569827087 0.000340461865473272 0.0697341905289156 0.0894129970310112 0.083020574532266 -0.0617802117981645 0.990603909540256
1341846454.659990 0.299611239544965 0.00585751706483539 0.0746753557197456 0.0764211515333745 0.0728414456184213 -0.0644043852732577 0.992323539253255
1341846454.892266 0.299323787064872 0.0116326024119456 0.0769935635639747 0.0568827395448983 0.0678751213281876 -0.0631334533912524 0.994068151038673
1341846455.122055 0.297933267905744 0.017268616228443 0.0798665929873149 0.0371885736406533 0.071325220622184 -0.063755219952546 0.994718550557178
1341846455.390002 0.297645237526338 0.0220898605444073 0.0822659347011921 0.0141772442452054 0.090941463079108 -0.104039891837105 0.99030518374144
1341846455.558173 0.298665379894833 0.0232787585735614 0.0843455640257182 0.00146965376670521 0.085972041097437 -0.195265022121994 0.976974011631345
1341846455.726004 0.299698784750803 0.0232159236389967 0.0858128324493519 -0.00429825147763899 0.0651282861094128 -0.274399042178283 0.959398247358378
1341846455.858084 0.30115951903089 0.0227046242844763 0.0853329748890334 -0.034792541268802 0.0477039148920489 -0.354342413576662 0.933249843030631
1341846456.026027 0.301037060266136 0.0219466578947188 0.0833550921721084 -0.0581700716466349 0.0317427877853308 -0.411153447180517 0.909154266920537
1341846456.229852 0.301402589526456 0.0208829106511731 0.082000745371119 -0.0810685135626527 0.0221350974288014 -0.458962656170752 0.884472279843324
1341846456.394095 0.301446412608622 0.0194168229604885 0.0804693271209628 -0.112770841250793 0.00816022774094366 -0.505436669869377 0.855423825245801
1341846456.562074 0.301824790045034 0.0184285491664106 0.0801844992377181 -0.138317239632064 -0.00700540151387813 -0.56046763766721 0.816514110532042
1341846456.798062 0.301147653533129 0.0185513919606191 0.0773605091422436 -0.177025155161237 -0.00636118896701748 -0.600176412914912 0.780006348112408
1341846457.302162 0.302189109115077 0.0183507633529219 0.0807001691609656 -0.153597429707521 0.0272724030559315 -0.566403974337614 0.809228387708534
1341846457.534037 0.302941130105294 0.0184203022931981 0.0838096344008477 -0.113106994395963 0.0460415442191582 -0.491073862466263 0.862515765436837
1341846457.701992 0.303179467351754 0.0178374332052339 0.0843789040938605 -0.0694266284920735 0.056587958579593 -0.419465524676069 0.903341806742192
1341846457.902124 0.303622116048413 0.0180076408301605 0.0850987713553831 -0.0267780265272333 0.0610353515517856 -0.326264183554249 0.942925927995373
1341846458.070131 0.30361182507005 0.0180289659477406 0.0850252437171665 -0.000115707939406673 0.0464809439045708 -0.240365988338496 0.969568821752985
1341846458.273991 0.303592358852304 0.0180366347966353 0.0850170215734968 0.033211704678988 0.0375038528229011 -0.150421127189597 0.987351977863399
1341846458.406267 0.303604466074253 0.0180152301055759 0.0849844203138044 0.0620255018117936 0.0411762419567639 -0.0843756554021186 0.99364888315681
1341846458.642017 0.303594630136359 0.0180067744522807 0.0849763512061938 0.0881412601561259 0.0348453426913914 0.0370218781355058 0.994809680738044
1341846458.910230 0.303548821457801 0.0180781937495033 0.0841436505854733 0.12284761634229 0.0387525429973853 0.119202642526562 0.984478254500798
1341846459.209921 0.303332197726383 0.0181503870445804 0.0827934049587136 0.144226555610434 0.0403725628006546 0.237887871911752 0.959676048063593
1341846459.478285 0.301723253191858 0.0176663808556802 0.0792741902925097 0.173513243526628 0.0488952919281654 0.30169923229548 0.936205093972708
1341846459.682060 0.299652599145484 0.0175228728630027 0.0771846749964831 0.178614058107172 0.0552435258642843 0.36032026274127 0.913900694471031
1341846459.881966 0.299042806367632 0.0163682001117381 0.0768455349450036 0.181557898282726 0.0655603838009947 0.43571382043958 0.8791427826724
1341846460.014318 0.297257094652616 0.0151058218391737 0.0764036933643858 0.178741571270994 0.0762085446520987 0.495842389583496 0.846394726539405
1341846460.218224 0.29382036536035 0.0151118966298746 0.0751693903306728 0.205444935184231 0.100072130425287 0.586246006338205 0.777234563932792
1341846460.282079 0.293645366767332 0.0133454877136917 0.0751885662635294 0.218905446368564 0.114855135236256 0.605712118097402 0.756307829821959
1341846460.382034 0.294856501438111 0.0128415760608246 0.0729725289858234 0.210717137008911 0.128143285142884 0.625566171101619 0.740165219540081
1341846460.550003 0.292893535917106 0.0123149121366465 0.0702641656663556 0.179797067493038 0.147060275189861 0.653437187518263 0.720462443122617
1341846460.786132 0.291798733635786 0.0121049377604656 0.0671601384030873 0.141348954600647 0.147837102592787 0.67454203551473 0.709336102601524
1341846461.086024 0.291226145847607 0.0122800225465292 0.0647431319585908 0.107348308191135 0.121001567255208 0.690511668743585 0.705002550902643
1341846461.458072 0.29069214160177 0.012595465712637 0.0636803564387795 0.0996126642013121 0.116292719294255 0.606421265829385 0.780260577576331
1341846461.726030 0.290348059215306 0.0127158638093665 0.0629030754387076 0.100180984216755 0.101862616352824 0.529657944682965 0.836092243371111
1341846461.926026 0.290258794119511 0.0125584320464472 0.0626556383113277 0.0808998963662396 0.0848382544919164 0.450389106054875 0.885103005581716
1341846462.162124 0.290284774298801 0.0123586124107144 0.0631860235441541 0.0644691476999152 0.0777744707619262 0.350930371971919 0.930936482645406
1341846462.431940 0.289968680507645 0.0123599155126654 0.0625469042276297 0.083220733450655 0.088049411336725 0.273477580060326 0.954217807364513
1341846462.835950 0.291309149961727 0.0118500692166298 0.0650124954730813 0.0341704081637544 0.088797085885787 0.136605521159862 0.986045836831512
1341846463.334210 0.291596749962047 0.0114397613727202 0.0660597209688445 0.0227519889911845 0.0456148527918934 -0.0150251113538351 0.998586940747036
1341846463.466070 0.29083138107709 0.0115560442444216 0.0634049069887753 0.059214844383003 0.0280092457797628 -0.0190121621796648 0.997671099132775
1341846463.566060 0.290430103408241 0.0121801812906177 0.0619437589874184 0.0942611421498595 0.0106977135680138 -0.00123698548703359 0.995489259546242
1341846463.902572 0.288718082804485 0.0129285979388233 0.0549957116081348 0.070640198270316 -0.0137488282307024 0.00010571848190549 0.997407098899048
1341846464.040270 0.287771074029511 0.0127390627480492 0.0526896109650632 0.0341822532992816 0.000224610952784863 0.00180363061079627 0.999413963293451
1341846464.138960 0.28712975228915 0.0128109302521071 0.0512177395582067 0.00109390558319462 0.0216785038872058 -0.00953864918556522 0.999718890494474
