1341847980.722988 -0.000112329939863776 5.25185817734519e-05 2.65415560167448e-05 7.8858540012425e-05 -0.000130124838216407 -3.37824330971041e-07 0.999999988424371
1341847981.426707 -0.0192594473145675 0.000636854969477103 -0.00370268091854318 0.00305687657018615 0.0074548271142726 0.00569078369731737 0.999951346836055
1341847981.458797 -0.0195355129588152 0.00167474439381491 -0.00499311383619077 0.00355029841926179 0.00688767799317041 0.00643663154443719 0.999949261236468
1341847981.826678 -0.0447553444997642 0.0097385805647212 -0.0107872181848432 0.00205037471219441 0.0155135564617753 0.00529550486942541 0.999863532267091
1341847982.330655 -0.0734649761398786 0.00429193430579989 -0.0128440102555517 0.00324457164526204 0.0207226458257697 0.00212553144276447 0.999777738710412
1341847982.730674 -0.0931573070729818 0.00389842610216352 -0.0111791581441875 0.000231146963611115 0.043253811821783 0.014010143125773 0.998965850379062
1341847982.934803 -0.121269851941906 0.00500617691995977 -0.00820360478345356 0.0061187065646774 0.0508950582021545 0.0213967457769369 0.998456024945882
1341847983.134717 -0.14901315850552 0.000968260219188365 -0.00484091098013023 -0.000803460979869846 0.0546236368802057 0.0239204165708487 0.99822012923779
1341847983.402670 -0.18136541806341 0.000165485778640247 -0.00302173131319146 -0.00474059297186983 0.0615151396502173 0.0252916057139191 0.997774397873839
1341847983.638729 -0.212975440621164 -0.00341161278053978 -0.00549192294447611 -0.00378584910632679 0.0717337008505776 0.0245129577931665 0.99711536865553
1341847983.806672 -0.241819698732452 -0.00475460723706822 -0.0102727740839546 0.00430223602224885 0.0761404571342249 0.0290929334163404 0.996663294587411
1341847984.006722 -0.276899997054887 0.00413887527104698 -0.0139619920487222 0.0106110991618965 0.077384707301863 0.0346061914872303 0.996344028516822
1341847984.174831 -0.304984172294188 0.0139387647223141 -0.00987982794717113 0.00277020405849046 0.0881734731778585 0.0302157843207608 0.995642893298149
1341847984.343094 -0.33187038678555 0.016802276160565 0.00100654507312634 -0.00854787133526045 0.0885642153568177 0.0304509867220318 0.995568205127867
1341847984.542747 -0.355350798577052 0.0126181270186038 0.0185393077931912 -0.016158524141675 0.0876785266445148 0.0336765614811111 0.995448274532544
1341847984.710651 -0.378995416323058 0.00440272862833657 0.0460157709037755 -0.0132437600228759 0.092527282727127 0.0358752699400108 0.994975512150084
1341847984.943053 -0.398703917959812 -0.00488571024655615 0.0795103310934196 -0.00315126672658245 0.0911658403787538 0.0483345802763086 0.994657040097524
1341847985.146824 -0.407733244922735 -0.0229837500020736 0.106981312000706 -0.0151177931343398 0.101081886509942 0.0548721788180172 0.993248684138118
1341847985.314648 -0.417062057932911 -0.0380390241926037 0.130492225663403 -0.0136836986711206 0.116891447576799 0.0564392642279194 0.991445286098779
1341847985.546814 -0.428616656581023 -0.0515166558949301 0.1608727602592 -0.0141379601794157 0.131958353815714 0.0599886808562922 0.989337388917115
1341847985.714719 -0.440560067336317 -0.0633159724340892 0.189224387009767 -0.00402907980288726 0.14487374087158 0.0694651500017498 0.98700048564175
1341847985.850739 -0.450742918611354 -0.0724404293452978 0.20551175724589 0.0165172391819364 0.15260150598548 0.0804290051652316 0.984871126751567
1341847986.018756 -0.460960920177448 -0.0834421635052363 0.225887653276804 0.0141602153882168 0.16845028833006 0.0877838674567313 0.98169138800135
1341847986.182648 -0.468408166554484 -0.0990224061658341 0.247778092379216 0.00696154080897227 0.183095277708948 0.0929910088911643 0.978662520226279
1341847986.326156 -0.473775740472046 -0.113896492751969 0.2734890957868 0.0162054877247807 0.200976244848542 0.102117278156605 0.974124218298707
1341847986.525772 -0.478463418274567 -0.129571318530512 0.305635820478602 0.0120860191324486 0.218598924601272 0.107914560272205 0.969754033755959
1341847986.661920 -0.482448544811299 -0.141618059291479 0.335103595501163 0.0115323787896811 0.227983577459505 0.127242700766532 0.965245972666997
1341847986.793794 -0.486781246330099 -0.154351415234814 0.366294232217571 0.00142838723710025 0.238439761942113 0.140012220001661 0.961010415076286
1341847986.886746 -0.490034519320115 -0.165084501931788 0.391893629854157 -0.008326758701305 0.255904612476266 0.143743789483933 0.955919043323074
1341847986.954690 -0.493538854617443 -0.171838166475317 0.410300875418182 -0.0122639017262857 0.274187979960691 0.14455858472746 0.950669955316311
1341847987.022895 -0.500184571588535 -0.17452423586256 0.429783940637333 -0.000951495410174755 0.299208379830375 0.138166005860138 0.944131132269465
1341847987.123199 -0.508331843298855 -0.173944755417514 0.446304893304214 0.0108570573572121 0.314741332279208 0.146502122418524 0.937740447132104
1341847987.259261 -0.518100130137221 -0.171879928996235 0.467240275070202 0.0161498943542766 0.322454602166575 0.161686694744732 0.932533979647104
1341847987.390720 -0.525857224457778 -0.17398895597217 0.486084513354157 0.0187784093654518 0.323227095257992 0.172693049860239 0.930241219664423
1341847987.526761 -0.534017026750241 -0.179974440878688 0.502575883014454 0.0228209545455806 0.325961637208374 0.165100024663333 0.930575196831633
1341847987.658922 -0.542324789267292 -0.180584125722564 0.51530918188916 0.0336945843452117 0.331621580298467 0.153479705481528 0.930234262146614
1341847987.826748 -0.549986336442989 -0.181424635649697 0.538662496234558 0.0298741315381555 0.334254592325229 0.169533983575777 0.926628098099375
1341847987.965806 -0.561946338607667 -0.18248729318577 0.55492028659047 0.0215949295496979 0.342780524826891 0.175154405391616 0.922689603869608
1341847988.065746 -0.575827610035783 -0.188024399647482 0.562241889516772 0.0163727020063545 0.350920818331287 0.185270903533882 0.917747899041153
1341847988.133763 -0.588568338655791 -0.191171745696592 0.567158206108586 0.0141017601640219 0.357952280470025 0.193191724479706 0.913426659814099
1341847988.265702 -0.602593312618683 -0.199331485408643 0.573053090400332 0.012776188768796 0.360395242534707 0.194140776256136 0.91228361662016
1341847988.401745 -0.624408136321128 -0.209477991153588 0.576610375823288 0.0200751912748546 0.353307079330326 0.19000165576259 0.915789531059308
1341847988.469742 -0.640076622832169 -0.217860043003334 0.580105052905176 0.0115735431366637 0.353818210669789 0.171118181868715 0.919454889992782
1341847988.569700 -0.700858193251919 -0.178075811153562 0.585081097117771 0.0619698349126676 0.347499231936978 0.20486239257347 0.9129268445353
1341847988.601796 -0.719494416994055 -0.164062356412945 0.578378892259091 0.083406517420707 0.345962783698046 0.22125294530642 0.90796488882604
1341847988.637768 -0.736029506144096 -0.169944288492783 0.586309999919651 0.0846564559964806 0.360486389179688 0.223423639368976 0.901645565089425
1341847988.737940 -0.755090563376829 -0.17865027653102 0.595436354490104 0.086133919422279 0.377743801563118 0.23227323381134 0.892154534349528
1341847988.837897 -0.777942905856873 -0.186813175749451 0.603920248829597 0.088863221344256 0.390024836385156 0.246088591690286 0.882850134470707
1341847988.998737 -0.795886071151461 -0.193016011913459 0.611712683047082 0.0882340384153673 0.39702320304834 0.251170585677546 0.87835110724388
1341847989.202743 -0.812152369104507 -0.201625844170753 0.622610196102079 0.0805083054765858 0.404939618338632 0.253965666694187 0.874667798875453
1341847989.334871 -0.823476600906604 -0.20817007730758 0.633211214371072 0.0772510201841964 0.412464827010085 0.257131335676911 0.870510495383628
1341847989.502614 -0.834246504142237 -0.219518478792448 0.645904023023635 0.0826476653280323 0.422819310124055 0.264618734701475 0.862768868033052
1341847989.634745 -0.848479249319793 -0.231175153219357 0.667329603958418 0.0869408043389738 0.437324713584595 0.279734859927963 0.850256902100846
1341847989.738929 -0.855226674595482 -0.242766642972562 0.681299811917144 0.0707472973016206 0.438476297646209 0.286993866368922 0.84874488333869
1341847989.902718 -0.863556433942032 -0.253428149696772 0.696922044335405 0.0637878995106359 0.449320594511064 0.287507350755709 0.84343442571766
1341847990.070686 -0.870109889285263 -0.265834621067753 0.705910836306052 0.0628138476029361 0.460564506438165 0.286528504795663 0.837756630471073
1341847990.238920 -0.877284733540815 -0.277441010218544 0.712305869506701 0.0722505308227378 0.469859016510535 0.293504938144941 0.829377608019484
1341847990.374663 -0.890204633663475 -0.287598495650201 0.722935538219746 0.0813352425233434 0.48087929562127 0.295197198602168 0.821582798812081
1341847990.442575 -0.901910301441356 -0.297423482219477 0.733238973787998 0.0891969678253594 0.485816157530981 0.30217756483561 0.815300730603509
1341847990.506783 -0.912711812381882 -0.307177016198808 0.747783037582364 0.0878401478704979 0.492691397587966 0.310422979536893 0.808193583827751
1341847990.574711 -0.924419485732711 -0.316166257270523 0.761813823073453 0.0764174249596501 0.503671881297671 0.319160273196015 0.799131862189242
1341847990.742712 -0.932581891169528 -0.325733298230951 0.775589414207747 0.0692205555691042 0.511531168520186 0.327135473988705 0.791534433854436
1341847990.842713 -0.938883697330139 -0.334217915344898 0.78589768714756 0.0718613303264993 0.526039547905341 0.336788556294783 0.777619323057321
1341847990.910825 -0.945801574670814 -0.34530722155908 0.798513191890536 0.0747436337979921 0.539148949293158 0.342386484039891 0.765835031341317
1341847991.010797 -0.950700042474949 -0.356657206943698 0.813573457047847 0.0795737380045209 0.542012700659128 0.351227189530668 0.759295537902453
1341847991.111319 -0.951471872135611 -0.365307343268247 0.829259139582785 0.0740239717937397 0.542037663307736 0.366786613220791 0.752451462566052
1341847991.246842 -0.953476384658383 -0.375226947439873 0.840981866015018 0.0693841989022888 0.555265667887104 0.370717650291476 0.741238352199172
1341847991.414715 -0.958701776297161 -0.384731599545013 0.85258456174674 0.0728793626910578 0.577546043079437 0.374683608246741 0.721624112906598
1341847991.614853 -0.968373704692306 -0.393051043048096 0.866566590482983 0.0774225577165721 0.589942376706491 0.385165888768211 0.70542255269584
1341847991.782657 -0.972446800516547 -0.397845691503922 0.879135354258631 0.0630319479617197 0.601080948995725 0.391728173062675 0.693741814163979
1341847991.950761 -0.986212061916565 -0.411241646744214 0.898761215312876 0.073333737527059 0.605435109308056 0.398718922672448 0.68490416268291
1341847992.082793 -0.994212419983189 -0.422566051376992 0.915505863395005 0.0729489773401867 0.608578584706838 0.393411598030393 0.685228332365509
1341847992.282910 -0.997731432868221 -0.435786501411487 0.931161500375314 0.0676532920585496 0.615488502482855 0.394398002311656 0.679004529556047
1341847992.450822 -0.997804120450132 -0.448766666675878 0.942566327519165 0.0678525691058311 0.628577013797055 0.391773124494728 0.66843158626396
1341847992.618832 -0.995905510058518 -0.462880999553795 0.957719674026521 0.0710098102778508 0.639678107216433 0.386984788579669 0.660312274155384
1341847992.786631 -0.993439673450589 -0.477210497109509 0.974106688450653 0.0787115185374646 0.645202549366446 0.392304151076678 0.650857603618927
1341847992.954645 -0.989156575443741 -0.49163385494975 0.990859169581499 0.0848206852523906 0.644926197721432 0.400323906983859 0.645458302559561
1341847993.086751 -0.984553226908659 -0.526456411769745 1.03520318373533 0.0664638833562238 0.633219557506208 0.393465608953123 0.663174455759569
1341847993.122668 -0.986230419223772 -0.541556601832171 1.05891701974154 0.0602354558442726 0.634485144512067 0.393809334992194 0.662355266398434
1341847993.222703 -0.988503499138673 -0.554962158085922 1.08357011159833 0.0574957536279284 0.63573365492789 0.402946396094566 0.655874347860309
1341847993.322794 -0.990668617174984 -0.566670171611805 1.10571326004653 0.0502172416762751 0.634822304432174 0.410609902094814 0.65259357852766
1341847993.422745 -0.988638711721641 -0.577410417779942 1.11909288448808 0.0587367035176618 0.648785149223675 0.414748479164831 0.635304280512222
1341847993.590981 -0.983442774057479 -0.589804316782148 1.13436368455931 0.0744449969439316 0.668708571146779 0.426995172124897 0.604120776241706
1341847993.690739 -0.973928713611597 -0.596791212810318 1.145373102287 0.0765329212376264 0.681640994224341 0.43405913651414 0.584038468740105
1341847993.826735 -0.960013452014554 -0.601881745146592 1.1554449237873 0.0821671845105264 0.69282471474478 0.44655607343648 0.560205445979794
1341847994.001991 -0.94491009718964 -0.60263688555091 1.16252787876916 0.0783651745903918 0.696415699668269 0.46795108555229 0.538410488565561
1341847994.169705 -0.909043494938191 -0.604531231162269 1.17792141201526 0.0574036684213426 0.707050876831166 0.500380896106756 0.496389801703714
1341847994.269680 -0.891201351451341 -0.607996080019991 1.18189295040656 0.0599602632226967 0.718618356407629 0.500834909668274 0.478703267093337
1341847994.369712 -0.872604903851195 -0.615473543073849 1.18783752765063 0.0694634919799491 0.730015892421688 0.504378268109125 0.45591027927977
1341847994.469690 -0.856300795238224 -0.621824205697144 1.19444098512426 0.0745881983573973 0.733553986190574 0.508958972062846 0.444180047690626
1341847994.601688 -0.837924260688842 -0.623055160200608 1.20240989281492 0.0713784042910872 0.741754043967984 0.508260877702526 0.431713958374129
1341847994.769803 -0.823991708495243 -0.621890315990718 1.20763230842095 0.0612725381627213 0.752460230250052 0.50642238471234 0.416636107678396
1341847994.898727 -0.810662090435267 -0.619562159556156 1.20984870086184 0.0521719162089743 0.762459955091432 0.509513260582707 0.395384806652245
1341847995.030768 -0.798469105930952 -0.616136787883826 1.21012875257485 0.0476573575371111 0.774767995628031 0.511374587186516 0.368726674927273
1341847995.198787 -0.78200287984362 -0.614925903476228 1.20952682305305 0.0479508434511929 0.786245062252301 0.510894367385155 0.34424753313614
1341847995.366701 -0.765738397698071 -0.613747469885449 1.20880117319532 0.0503735612490572 0.790758924029535 0.519641504497389 0.319586506596305
1341847995.534752 -0.749590674287898 -0.613712421182671 1.20595094259007 0.0543966241674219 0.793990189779142 0.524989858966322 0.301672394819599
1341847995.702780 -0.73210128917268 -0.611252626209117 1.20518282794701 0.0477275468005183 0.798324466422146 0.530311238207154 0.281371850438874
1341847995.870641 -0.717824569712342 -0.605581147590241 1.20473160760716 0.0424031105713098 0.799635057165902 0.538381010371667 0.26254835599627
1341847996.070721 -0.701030453256597 -0.598349087094258 1.20707540849768 0.0316401304151959 0.798169021297279 0.547292144645291 0.249792762101328
1341847996.239003 -0.686261667831627 -0.593375472130121 1.20979154448995 0.0309794463378008 0.794272723850144 0.554369293716745 0.246669414878038
1341847996.406705 -0.670547406138176 -0.592441149757346 1.21264575316265 0.0327280307566022 0.794780375076513 0.547944260111707 0.25886312832589
1341847996.538771 -0.658681364517232 -0.59289626518712 1.21501996726513 0.0299574556957209 0.79659216363747 0.542400147812299 0.265227365354349
1341847996.706896 -0.644853450125316 -0.591772997017319 1.21869155874001 0.0175384297519298 0.799117885028946 0.536905399936148 0.269880715924844
1341847996.842763 -0.632726148181566 -0.590025936456049 1.22215206592285 0.0129010373671292 0.79957658794926 0.528744306354297 0.284500090924739
1341847996.974782 -0.618888251441137 -0.590013945474188 1.22637867907672 0.0120822759565712 0.79471396441368 0.523753450015418 0.30653883435961
1341847997.110693 -0.606565701164048 -0.588386214060055 1.22704066308317 0.011166957256987 0.7909479481874 0.514984466994344 0.330253903956206
1341847997.242959 -0.595469957478649 -0.584930960254209 1.22645275897252 0.00979870019104265 0.78439806688441 0.511623733986979 0.350520773940416
1341847997.378668 -0.584970144110922 -0.579466949597663 1.22145959986996 0.0102769414345563 0.778374418176787 0.510737189152827 0.364931737752375
1341847997.510941 -0.571644958962719 -0.575145606398627 1.22000407430365 0.0140221255038711 0.773281320138643 0.508604679131545 0.378365775786459
1341847997.646995 -0.559231785965677 -0.569415635865405 1.21755645862872 0.0150366118588037 0.765979879547069 0.50699410466668 0.394975571733363
1341847997.778734 -0.546477607625563 -0.563637773395784 1.21578791166376 0.0101341744587152 0.756211301175969 0.503562542026323 0.41769191128124
1341847997.915169 -0.533900643878393 -0.560515601143084 1.21818271626943 0.00286975802290891 0.744834909460957 0.502295250659189 0.439217717427702
1341847998.082631 -0.521987622825 -0.554252538784425 1.21998334187892 -0.00624858497090867 0.729906946172807 0.506902706321191 0.458526391212982
1341847998.318804 -0.51166857791812 -0.55067605936232 1.2232085714305 -0.0120443895778508 0.716066305304332 0.507808810097972 0.478784076045124
1341847998.550746 -0.504667680571919 -0.549344380282584 1.22734333130406 -0.0156830226798028 0.704248222136951 0.504063481374747 0.499708406133956
1341847998.786762 -0.497656166460546 -0.550512406325115 1.23199184138719 -0.0150229921128998 0.693120407386904 0.496640344954818 0.522213345611683
1341847999.018809 -0.490481807644365 -0.551119296083704 1.23695753322464 -0.0138102615229693 0.679403383872705 0.491960398259955 0.544238261428661
1341847999.222717 -0.483909772242147 -0.555778900763431 1.24171766113468 -0.0114064893541685 0.671513569227796 0.481375219313027 0.563220486643459
1341847999.423935 -0.479039153387443 -0.560051171114024 1.24585374941094 -0.00615234267807545 0.662155289341997 0.472952569364781 0.581230065126745
1341847999.590686 -0.475586568445232 -0.563180996372644 1.25001107945596 0.00759960091248941 0.659183539452709 0.457425582828988 0.596809134945277
1341847999.758778 -0.471349094223664 -0.566763914617776 1.25418952672774 0.0221113381049534 0.652287741324122 0.447521117530719 0.611356394102114
1341847999.958786 -0.46519806553598 -0.570993242086252 1.2600877512758 0.0234831626012952 0.64468211886304 0.443382545565454 0.622290466727878
1341848000.158633 -0.460421045712878 -0.579742282083109 1.26802961306179 0.0253881341387986 0.644588809575959 0.441531115363392 0.623627279214402
1341848000.362696 -0.455840905766612 -0.589181978593769 1.2757090960921 0.0355780671307905 0.648094610655891 0.442837017926893 0.618549070269807
1341848000.530849 -0.455150368345098 -0.598877165174539 1.28413952015932 0.0415469821894327 0.658315247713508 0.450840671128147 0.601363095106089
1341848000.662663 -0.456224906555146 -0.609206031415115 1.29196540191151 0.043135830668493 0.665209513396671 0.45919638401868 0.587174832825175
1341848000.830729 -0.455347026908607 -0.62222658538812 1.30295964424538 0.0448807575880623 0.671564812629151 0.462272081508932 0.577313556651924
1341848000.998783 -0.456901399903367 -0.63409519549286 1.31063745802369 0.0488448730895656 0.674126038015274 0.464223744271207 0.572419931953382
1341848001.130714 -0.454365556749497 -0.642917598096254 1.31733884231075 0.049180438851076 0.678790811925873 0.477492418729826 0.555720530604161
1341848001.299150 -0.44957998054953 -0.652794832781932 1.3227074511702 0.0509798235558658 0.68655554903768 0.48419736611075 0.53999578361983
1341848001.466720 -0.444867707047502 -0.662412274634253 1.33224766462015 0.055085578214997 0.695663578474274 0.4969665473569 0.515792608967257
1341848001.602899 -0.438683532046833 -0.67007320652044 1.33932163468698 0.0509508004019317 0.702028769075497 0.505503799431638 0.499024580646007
1341848001.734859 -0.430433559041123 -0.676673154674641 1.35160099419276 0.0505012770274982 0.708417459498983 0.514966039925344 0.480004481040758
1341848001.870724 -0.424133933329044 -0.684607622935874 1.35681804964609 0.0476983165639739 0.710764931707056 0.525905737529521 0.464716298063622
1341848002.002731 -0.417872060560107 -0.694394453364535 1.36331994352928 0.0505799758312382 0.714760693475172 0.534520948069982 0.448158647336153
1341848002.171849 -0.411647842871158 -0.704090827454332 1.36905324672512 0.0571556701572136 0.717597093538114 0.543860460132918 0.431281161910118
1341848002.338850 -0.404695538391972 -0.714740475115849 1.37688911498952 0.0516183648348748 0.725800470962943 0.544885384751705 0.416712296729688
1341848002.506756 -0.397638351930123 -0.72180007209807 1.38551203512863 0.0481714925001377 0.731904652349545 0.548883592755732 0.400901345449178
1341848002.674651 -0.388814587230079 -0.726074006786996 1.39307496317451 0.0421711970536897 0.742294962307485 0.552716735321557 0.376462467674359
1341848002.806780 -0.381437255122089 -0.728668148581545 1.39863155671638 0.0387715345450459 0.745835555385484 0.566529858499346 0.34823844110115
1341848002.943323 -0.374209047737712 -0.729484770140779 1.4063544067537 0.0364877824539101 0.749378435621248 0.572611932842295 0.330478707822544
1341848003.110641 -0.357737565095213 -0.731881360172708 1.41394962029022 0.0289488327726625 0.753794864734934 0.573123291393288 0.320132722230743
1341848003.278886 -0.34495753675211 -0.73114751777389 1.41985610986142 0.0264770416646482 0.758632299680424 0.565186696270311 0.323017025101357
1341848003.442728 -0.327476400537438 -0.729968886491488 1.42066144570093 0.0259800180922212 0.75749650275622 0.566778864354345 0.322933129135465
1341848003.685816 -0.306242264217553 -0.720256211476323 1.4150022131109 0.0272101020539204 0.754698838623659 0.573722000715406 0.317068351024549
1341848003.853971 -0.289891564166114 -0.711089256939995 1.40390260653754 0.0269957869021345 0.756179396612836 0.579666416230083 0.302408322509077
1341848004.021643 -0.277428819062525 -0.704393241766828 1.39101853536923 0.0258917666726456 0.753469033305582 0.590281288179135 0.288412955835381
1341848004.221773 -0.26829356622821 -0.699097789246942 1.38032167349485 0.0222835043005569 0.755538659029299 0.59577117331408 0.27151701456126
1341848004.421857 -0.261896242071002 -0.695774777462064 1.37088646308068 0.0239502942952058 0.762005156765415 0.596832747944176 0.250130356909135
1341848004.725815 -0.253073466351888 -0.691844845616974 1.36485047362027 0.0209400175955471 0.765460495701675 0.601403019508872 0.227916987758387
1341848004.957758 -0.245875958169806 -0.68851861814668 1.36144049786922 0.02130240149098 0.772215213702968 0.603080674131101 0.198805361864244
1341848005.225713 -0.23928968736821 -0.680362916311889 1.35645784146791 0.015836377149077 0.771521869779029 0.612471398752866 0.171411782912291
1341848005.493689 -0.236835161968136 -0.668409704120104 1.34657817118196 0.0166165273072863 0.768319777303115 0.622168656812811 0.149381301724415
1341848005.693760 -0.231924752768963 -0.654620290581194 1.33552672231927 0.0107439525139277 0.763469381115367 0.628159167600305 0.149716838543262
1341848005.897793 -0.226351700981668 -0.639383119232487 1.323480641316 -0.00547142840834191 0.755302965416703 0.633533882892048 0.167697087427396
1341848006.029768 -0.220731222874245 -0.630712479211712 1.31333053772231 -0.0137872708723828 0.750420191664455 0.636658887979736 0.177044930626607
1341848006.233778 -0.211594027590088 -0.620935614910304 1.30690041824869 -0.0296639689124089 0.747476938949604 0.632066318583647 0.202213856100441
1341848006.433710 -0.206089366883279 -0.612108189462975 1.30191911430972 -0.0416837017278939 0.744754359160942 0.61891101503751 0.246074315982537
1341848006.637780 -0.198887746651397 -0.608689752936454 1.30366942835929 -0.0493489967434033 0.740700205749707 0.608637189953566 0.280158263715686
1341848006.837619 -0.195795569238941 -0.604845104242899 1.30753532689736 -0.0454413496594334 0.728413941917526 0.603638589341571 0.320887311090699
1341848007.005802 -0.18977230414392 -0.604348617138266 1.31302507695632 -0.0534495994346759 0.714167467487292 0.599106045067906 0.358022227614645
1341848007.137866 -0.18398172751408 -0.604780339653079 1.31649327160742 -0.0546325926281957 0.705073838988661 0.58964799228296 0.39012998679054
1341848007.269907 -0.181012243420756 -0.606472779799146 1.32117535098056 -0.0517341055951893 0.705278528529266 0.570766461366802 0.417290577526834
1341848007.398700 -0.17633705469734 -0.606522524830339 1.32392922237723 -0.0541082577051207 0.698718107702287 0.56113841303455 0.440441805275247
1341848007.534834 -0.17096664973753 -0.606318903838257 1.32696387896987 -0.0536003929926748 0.686977968141872 0.553402929554068 0.467903266412697
1341848007.634799 -0.164657481664449 -0.606340598022194 1.331336305559 -0.062693491325564 0.678852839975368 0.545554103095154 0.487441348675746
1341848007.802889 -0.151977711652315 -0.607799776783837 1.33858138819555 -0.0649078764493902 0.66343012590269 0.531223651059691 0.522923386524626
1341848007.934851 -0.142681389461448 -0.609040149217992 1.34454054207156 -0.0649162984287376 0.647731721103908 0.512113371814488 0.5603297119401
1341848008.070825 -0.136263371111698 -0.610894955394041 1.35117335986133 -0.0618126658054587 0.637650437715201 0.487221109613682 0.593461628055638
1341848008.171058 -0.128220954726841 -0.614342834170442 1.35482010699908 -0.053229521815687 0.625760112475828 0.475993956348041 0.615646532648119
1341848008.238657 -0.124367144595503 -0.616725640472091 1.35966422184006 -0.0468151907334836 0.624514055713432 0.467162814710169 0.624138956230918
1341848008.370731 -0.117512571050884 -0.61791791352785 1.36358678559476 -0.0308097466364746 0.608651063842947 0.457039597316457 0.647849865694094
1341848008.538786 -0.11129874542089 -0.614794837351815 1.36753578184383 -0.0406593785843032 0.5856018456145 0.453869992694113 0.670387442512071
1341848008.674639 -0.103603993256638 -0.614064151218346 1.37290318195343 -0.052942501638346 0.566282103616844 0.447787388018984 0.689933421262292
1341848008.775071 -0.0992635058767588 -0.613171960664399 1.37371896297209 -0.0560605882668126 0.55218235704984 0.4401002737825 0.705877895972547
1341848008.906680 -0.0938882682543303 -0.61262085088957 1.37690160580015 -0.0481281447977653 0.523988389778254 0.429858462036696 0.733717623934006
1341848009.042740 -0.0907553713795437 -0.612052912358099 1.37755305948983 -0.0460721959854075 0.495417887438558 0.414216743910807 0.762143660097575
1341848009.174693 -0.0871594062967971 -0.612584885285036 1.3796369649818 -0.0438798131556126 0.469805443384363 0.388055759083362 0.791688155277118
1341848009.342882 -0.0864911774067308 -0.614252906766705 1.37874726579851 -0.0315020985426398 0.443715749291824 0.362455006567517 0.818993479724928
1341848009.510631 -0.0854936174569376 -0.616414420465345 1.37927849444826 -0.0205048914327328 0.429784779427778 0.334345193514047 0.838497396760182
1341848010.014819 -0.0945464449325261 -0.620596084293994 1.37942852899545 -0.0026483437262365 0.435355321449591 0.338336380970982 0.834258487324216
1341848010.182709 -0.101382435371489 -0.62658407878872 1.38259425967779 0.00836280321731057 0.437697777528511 0.347795079656345 0.829089441276264
1341848010.351054 -0.112828830689815 -0.630860729902934 1.38553748361884 0.0152095332981498 0.436549673313884 0.349537836679757 0.82886449649845
1341848010.483088 -0.12103800370674 -0.636385943315086 1.38896424864176 0.0105369272776253 0.44036934606248 0.351474791105248 0.826092781368759
1341848010.618690 -0.127477237730204 -0.64243512408482 1.39265842003631 0.00851015043801773 0.452715789769898 0.359600468311791 0.815882034501607
1341848010.750922 -0.13505551880771 -0.648833896936838 1.39377670678326 0.0169577052469243 0.472514929689461 0.368024546190958 0.800624762828543
1341848010.918833 -0.150113823193706 -0.652942383702596 1.39143129956138 0.0347457936953457 0.49060307234699 0.376849600773771 0.784911290287523
1341848011.118701 -0.157691100603011 -0.661332148967774 1.39433233903198 0.0422244251432497 0.510661185904814 0.380494095633638 0.769848358002763
1341848011.354750 -0.174046999510638 -0.662597962096525 1.38968740767197 0.0617631828057087 0.524531431727966 0.383511853605414 0.75760856946266
1341848011.590867 -0.179591369448694 -0.667622508903686 1.39469397299069 0.0574121249916447 0.538137981664996 0.394166106771008 0.742795019414142
1341848011.754796 -0.183831306301548 -0.673508310659402 1.39927190901703 0.0550006270388326 0.549636121996947 0.404565996508782 0.728835659727451
1341848011.890689 -0.187671383990833 -0.678476441110318 1.40725117360973 0.0620081233733214 0.559381052225508 0.41784964336777 0.713196681557219
1341848012.022737 -0.192559142226529 -0.686227940210268 1.41545892261591 0.0604112121825899 0.570243710106097 0.425464400151959 0.700109020603504
1341848012.158771 -0.196857171555325 -0.693705999144688 1.42505042152564 0.0567454475397911 0.579925699104646 0.433160760740013 0.68763209135164
1341848012.258713 -0.199899205620106 -0.701558099754214 1.43164974541424 0.0551733034345891 0.585238351162918 0.433890365884202 0.68278190464386
1341848012.394721 -0.207213963270281 -0.71202502819933 1.43834220518626 0.0626664369694414 0.590328326078644 0.436747251718701 0.675897346660647
1341848012.526756 -0.21258217142391 -0.722410426021496 1.44531509002267 0.0595617466497211 0.600425048720377 0.437594329703077 0.666673354662448
1341848012.662763 -0.218284911747659 -0.730993742668666 1.45342572640994 0.0554506650391805 0.613367048744316 0.443873674333675 0.650908786616775
1341848012.794727 -0.226286019517632 -0.73924807436628 1.46185677670691 0.0505167598285174 0.624380145807495 0.449972009159797 0.636492483436006
1341848012.930848 -0.232019813527644 -0.749863023607276 1.4736183418051 0.05223880857121 0.638385205349959 0.453027559652651 0.620081822556116
1341848013.062714 -0.238037462821536 -0.762731996426297 1.49162808151446 0.0542492386895058 0.646626228898108 0.458442738330963 0.607257602566019
1341848013.198719 -0.243679971318604 -0.769503327001138 1.49773364445636 0.0521834982014769 0.652265601259978 0.46357103395527 0.59743482021561
1341848013.366705 -0.24780737847682 -0.77881365856358 1.50669322315817 0.0565421207025982 0.662320628404876 0.475062258667805 0.576584966995556
1341848013.534779 -0.248961478299131 -0.786282936364885 1.51579594475714 0.0547083926101605 0.676538284568655 0.482674457301972 0.553469339312632
1341848013.666669 -0.247491381127742 -0.793580208846628 1.52314674675306 0.0503574253763422 0.689351034356384 0.485782409287823 0.535046476455801
1341848013.802717 -0.245262313352469 -0.801121623828961 1.53138234173034 0.0526982233224956 0.702531405048038 0.489474729540501 0.513893968948007
1341848013.934871 -0.241986074194396 -0.808964674405075 1.53986227158805 0.0570914129495853 0.718152775978915 0.490767697860301 0.490045128185251
1341848014.070990 -0.237386953941144 -0.816109168383713 1.54935855230062 0.0614763809102583 0.724061134714837 0.502773987391361 0.468160704660516
1341848014.234751 -0.232210846069396 -0.825529136579302 1.55922001229868 0.0582998007025307 0.728752229316371 0.512410560772683 0.450507201621782
1341848014.402830 -0.224796037698635 -0.838185947982513 1.57062928911764 0.0588528362742331 0.7343712893877 0.515324889166577 0.437807505178909
1341848014.570790 -0.217035284588709 -0.84328363814438 1.57562350756631 0.0560861682922007 0.741430533227763 0.521546009925411 0.418479229657551
1341848014.706765 -0.209360728723923 -0.850119012024278 1.58333563375595 0.0548461614815538 0.750801049780699 0.522313250496626 0.400597741599462
1341848014.806669 -0.204190809955702 -0.857852933161767 1.58952663271538 0.0580069105701047 0.76380959668523 0.518152497157928 0.380457734875586
1341848014.938697 -0.1963931354464 -0.868838659600199 1.59831589447475 0.0690819998319016 0.774572495447002 0.52011267331858 0.353196735049503
1341848015.074864 -0.184376805258557 -0.878344919184037 1.60948389415322 0.056342198374658 0.784623050002982 0.517533575226483 0.336676736053477
1341848015.207238 -0.173507947642699 -0.88230783209867 1.61574305712113 0.0501720904746926 0.788225564079385 0.522925583015012 0.320518417719708
1341848015.342895 -0.160411199723992 -0.887678132971285 1.62012176844096 0.0463354812767848 0.794943227493349 0.521350493847582 0.306776711635986
1341848015.474959 -0.147236525284549 -0.89228071362007 1.62421293535088 0.0415936342405724 0.802130491493233 0.519810870899968 0.290952406248346
1341848015.650094 -0.125855145281199 -0.897970103975534 1.6280404748605 0.0410099236337734 0.8137144176056 0.516729988965377 0.263015496213005
1341848015.785761 -0.113230505452073 -0.900275490226162 1.62289848596663 0.0496478868218635 0.81926074902164 0.519439033490345 0.237760389748252
1341848015.917793 -0.100027596850299 -0.905332854569426 1.62042357755934 0.0536928535191596 0.826443119334397 0.516144748833681 0.218411186154048
1341848016.053936 -0.0901913573683926 -0.910280964839085 1.61884518235995 0.0546875410477658 0.832454214377449 0.514116274100827 0.199282991055573
1341848016.185769 -0.0773872212321318 -0.911346995221837 1.61718073764454 0.048145345352398 0.832513315662738 0.524312974179869 0.172335457964382
1341848016.289960 -0.0686921958104948 -0.911371286267833 1.61752184930174 0.0360466136856284 0.828887742298671 0.537389910499807 0.151188082869716
1341848016.389789 -0.0571059936904766 -0.910525648336944 1.61520438139612 0.0167667670863791 0.833755300418219 0.537464304975679 0.125311992335157
1341848016.490058 -0.0436939235694327 -0.910230964745854 1.61304078781403 0.0199160279581933 0.832757484367667 0.544614872769319 0.0975344268372039
1341848016.589825 -0.0326349310377278 -0.909461208550584 1.61391366103376 0.0204750545223457 0.831632396437575 0.550392781571292 0.0709655925926067
1341848016.689891 -0.0209949005683718 -0.906387026076214 1.61383968117684 0.00733837127937069 0.825793598971288 0.561306304180465 0.0542799511079585
1341848016.850754 -0.00726951648554924 -0.901441818776421 1.61449334667914 0.000960529149835472 0.8206658542552 0.570541847894243 0.0314425324164433
1341848016.986658 0.00537755980131117 -0.896198334006878 1.61107873324868 -0.00445705925288814 0.820267680629938 0.571817896944065 0.0128592173659761
1341848017.118641 0.0159377301113092 -0.892850827714568 1.6065042188775 -0.00289015570477847 0.822754361643107 0.568344132779987 -0.00720098130881696
1341848017.254693 0.0255970659257887 -0.887881483630157 1.59992386097611 -0.00772292134809059 0.82260912154855 0.568028198919012 -0.0244653809248263
1341848017.354737 0.0326381666448077 -0.883528001273246 1.59193125303345 -0.00999785245477935 0.82349846890655 0.565875552142205 -0.0391812983783675
1341848017.522694 0.0460529558110891 -0.877482195796979 1.58266915024329 0.00363188361013541 0.820116085439405 0.567812499146332 -0.0706072350271987
1341848017.654814 0.0516372342463998 -0.870892420151142 1.57314444858692 0.0072479187648742 0.815911734294969 0.571532232535885 -0.0871000383805941
1341848017.822756 0.0600962102905939 -0.864509766189954 1.56530994571204 0.000716342338939476 0.81074882664909 0.575518450756173 -0.107071657220717
1341848017.990683 0.0711680441979126 -0.855928075193712 1.55855039104292 -0.00415468037437057 0.804737959888763 0.579863579020906 -0.127034579033127
1341848018.122747 0.0807719165481738 -0.849841882373806 1.5552144898066 -0.00865134045704287 0.798038006895881 0.585107771520328 -0.143907572992049
1341848018.258766 0.0936253766674453 -0.844745049694179 1.55124632938853 -0.0085345879876402 0.795747434135638 0.583449977882436 -0.162170605176814
1341848018.433770 0.111502243669848 -0.840319932342777 1.54971691900326 0.00206377602349902 0.792380008132711 0.58182915172206 -0.183315306907304
1341848018.669811 0.134729960007637 -0.835653141801509 1.54731319222691 0.00252539814841466 0.786949986961002 0.580559362587512 -0.208935796115105
1341848018.802234 0.146479457302058 -0.833363961017737 1.54512800601154 0.0016265667101028 0.78469714660266 0.580106406772418 -0.21845891882909
1341848018.969688 0.158972573901893 -0.830670557356753 1.54086644271222 -0.00329169385636911 0.780067674991466 0.581222271866436 -0.23165547235363
1341848019.231114 0.172592504953206 -0.824005055516102 1.53518190863092 -0.00799021187150894 0.774601770014643 0.581096599653689 -0.249509511392553
1341848019.398715 0.182828517127116 -0.818525006434532 1.53056192061855 -0.00195977344321479 0.771498399644372 0.578514405149703 -0.264778136689019
1341848019.530821 0.192039835609067 -0.813321055978075 1.52737642106042 0.00107820040167324 0.767202486683834 0.577155915609847 -0.279803915245292
1341848019.666875 0.20145009948071 -0.807775688279564 1.52328228824231 0.00910016040886369 0.760919888220252 0.577496101357262 -0.295662584221569
1341848019.798719 0.210168245649147 -0.80291378165253 1.52028267918011 0.0154008172905828 0.755520541677905 0.577491214484941 -0.308958610694403
1341848019.966705 0.220398679149491 -0.797568413158914 1.51558733834769 0.0188945690480616 0.753546999636357 0.571325106647239 -0.324649868495358
1341848020.102776 0.229704236370437 -0.793691681777318 1.51163532226913 0.0148274414539843 0.753239847918539 0.567946507678362 -0.33143120387727
1341848020.234873 0.24202742021369 -0.790370911334423 1.50897207801597 0.0120716196445617 0.752012580091725 0.567660080243385 -0.334803507569765
1341848020.370812 0.25501974516915 -0.786487488158628 1.50610023316391 0.00862950422320258 0.750069191354566 0.570910843639464 -0.333740240984579
1341848020.471200 0.266771056125311 -0.784618836598914 1.50521209749584 0.00773798096724033 0.749255000522119 0.571255076576222 -0.334999560192316
1341848020.602764 0.282576446890172 -0.784233598891975 1.50499760110989 0.00803593493627716 0.74947599033104 0.567482284556724 -0.340859238368697
1341848020.738994 0.298384216483292 -0.784030645656418 1.50487520175816 0.00796507936198819 0.749304582966285 0.562432571433675 -0.349497928530319
1341848020.870955 0.31453957287016 -0.783978110409334 1.50342464693461 0.00891699015843048 0.753945295428223 0.554902418834292 -0.351525652492127
1341848021.006632 0.329680093303484 -0.783828370805275 1.5024404537593 0.00768080314342305 0.762975595917156 0.547376397398359 -0.343785288907375
1341848021.175038 0.344727997851704 -0.781255736511495 1.49923969515917 0.00624298768608074 0.766039378956505 0.546665100794591 -0.338085732567826
1341848021.307283 0.355291638555772 -0.776936884278038 1.49510184856858 0.00296983649631813 0.76763686526805 0.549096336531866 -0.330481521964407
1341848021.487906 0.366767289125301 -0.771481083128379 1.48839247697327 -0.00375656115389373 0.770378661152938 0.551224875246888 -0.320396229062635
1341848021.643147 0.374540699347134 -0.768409971416729 1.48056120863427 -0.00104048178944435 0.773994004295956 0.547464183080928 -0.31814331197605
1341848021.778676 0.38351283839214 -0.760702470152966 1.47179431911383 -0.00027673556280812 0.776081499315631 0.541537878725868 -0.323162738790408
1341848021.910628 0.392404947781228 -0.755326177771664 1.46367621900623 0.00118664654544049 0.777194952310468 0.535744644854637 -0.330067074217778
1341848022.046709 0.403855207836866 -0.74999043826387 1.45609684779445 0.00439608956245896 0.776261849767397 0.535508743277925 -0.332608780499187
1341848022.146749 0.413910990174763 -0.744673197998078 1.44679501479222 0.00718105260866388 0.775027254375308 0.53664731459781 -0.333602828515981
1341848022.278764 0.424274733107062 -0.738930172830934 1.43989175906106 0.00843586154110602 0.776787474439039 0.534473383859612 -0.332968854009401
1341848022.417848 0.4327881286042 -0.734693432191061 1.43089469649742 0.00955564933988304 0.773165382512668 0.540378479229834 -0.331835923364221
1341848022.586067 0.442737327501957 -0.728352470766056 1.42448992676879 0.0054077854217262 0.770416399735237 0.542293067498818 -0.335182869219999
1341848022.753725 0.454542488938489 -0.72334706845761 1.41717629556881 -0.000514554326451765 0.765556342986075 0.54499356460012 -0.34191407618302
1341848022.918835 0.467775187129382 -0.717763977537638 1.41247566014272 -0.00403637914732616 0.76346756599125 0.540572273996064 -0.353387322791155
1341848023.050766 0.4812337528805 -0.716598823019212 1.40881752261576 -0.000661890603797732 0.761323447414662 0.53467681765707 -0.366751783877858
1341848023.186687 0.49486179581143 -0.714518835867867 1.40656931653446 -0.000276334466692288 0.75799214333792 0.530402350653453 -0.379632955232472
1341848023.318763 0.507631191900685 -0.711603425666426 1.4049817514271 0.00128184078147969 0.752882928172245 0.528293218200884 -0.392519972681581
1341848023.454710 0.519297815862405 -0.708153579603468 1.40271246069636 0.00126956059807856 0.746953463847785 0.527803700072374 -0.404329278251767
1341848023.622845 0.530847512428988 -0.703099232104799 1.39902420037589 -0.00198993969984673 0.739468480302359 0.527111257169864 -0.418731571945701
1341848023.786854 0.540776054788656 -0.697461237323975 1.39398265608369 -0.00542234399956886 0.728656797020427 0.528107275648106 -0.436041942648891
1341848023.954826 0.550308578676309 -0.6881700451528 1.38856447966862 -0.00790162420983986 0.720854844548603 0.525997249951621 -0.451256856423244
1341848024.122843 0.559582945998468 -0.682036960876572 1.38183554914808 -0.00429891760683405 0.715624752241159 0.51896724997472 -0.467478049474909
1341848024.258826 0.568411934010862 -0.676055152636182 1.37477814744271 -0.00383127396090324 0.712261405996948 0.508142580409801 -0.484210830983319
1341848024.390878 0.578102008793028 -0.671120907878297 1.36564764623573 0.00292009830015991 0.708606404137146 0.496430611200649 -0.501423060204347
1341848024.526783 0.590060478581612 -0.667252044240504 1.35608050072583 0.0129950449457494 0.707907111229637 0.485858863705205 -0.512483965833524
1341848024.694820 0.602714727852128 -0.660903837378979 1.34752820080856 0.0218535229126504 0.707157996425203 0.481623740731336 -0.517192965915193
1341848024.862797 0.610230853124855 -0.656628475562418 1.33686055138135 0.017227985666712 0.702439425426154 0.481521617001018 -0.523850152694039
1341848025.062647 0.620445201163724 -0.652368712227431 1.3307300389933 0.00975424751751775 0.694322255353243 0.477022705618041 -0.538767852327324
1341848025.262679 0.632695473731879 -0.649122595237992 1.32548461468432 0.00435569028591928 0.687089346785439 0.464571831939745 -0.558625339976841
1341848025.430687 0.64513579376162 -0.647070938132223 1.31984269669059 -0.00100674796577117 0.68039367051469 0.456205087196911 -0.573533223098487
1341848025.598738 0.659549748250014 -0.642387732710445 1.31392338009742 -0.00219637631066012 0.676253648696555 0.452344652933129 -0.581429697829845
1341848025.834828 0.675706681128828 -0.636683320088667 1.30836082653307 -0.00602507600180738 0.671164138619004 0.447494856371093 -0.590974408085831
1341848026.066857 0.691077154761492 -0.63167095434503 1.29841454324435 -0.0116885329719628 0.672829765392092 0.438024223334345 -0.596069010074949
1341848026.267001 0.705155804507821 -0.625037573489525 1.28759951076966 -0.0128137742681612 0.675030656319641 0.434184667716959 -0.596366577313981
1341848026.470839 0.712670756090938 -0.616973355648578 1.27772909713775 -0.0142763372553875 0.671242913018002 0.431759399335438 -0.602339571174914
1341848026.671128 0.718459137360946 -0.606415272451232 1.26519601310707 -0.0131948240623341 0.663716642374949 0.421617274279243 -0.61769328091038
1341848026.878025 0.72415563954386 -0.597256662705732 1.25403700490222 -0.012076386043731 0.654900513677945 0.418563960353357 -0.629097519608685
1341848027.106663 0.730281083611901 -0.58941219820799 1.24204236300056 -0.0073038971212257 0.648955725681344 0.411107450042443 -0.640151375622862
1341848027.374943 0.736762160682894 -0.58382057194836 1.22915902000776 -0.013721618346693 0.638219393129633 0.401275040389316 -0.656860765599334
1341848027.574717 0.74469807633508 -0.581977061160656 1.22375455352022 -0.0248784389232245 0.623670166354009 0.379115881681024 -0.683145471428982
1341848027.810746 0.758668695830155 -0.578671481810639 1.21559123768154 -0.0231653506898467 0.613198753201411 0.359257546835461 -0.703124932456117
1341848028.011034 0.776440886280233 -0.566992830671519 1.20407680834704 -0.0233285023150944 0.607844591951757 0.359460078188681 -0.707650468242144
1341848028.254235 0.789320301978095 -0.554758921532205 1.19547024442823 -0.0208600228859143 0.603488464550963 0.361565061913534 -0.710378236295695
1341848028.514701 0.797634641782186 -0.541462073442009 1.18678293964097 -0.0191454575614031 0.591655439929155 0.361953236816452 -0.720116064405659
1341848028.814757 0.804071037371106 -0.528502645278913 1.17179490077083 -0.0168158460787891 0.587994250121066 0.354051352307257 -0.727067829761861
1341848029.050751 0.807406793970802 -0.517329345146226 1.15631824666279 -0.0105591597863672 0.584586121291966 0.33673118564671 -0.738078369518022
1341848029.250626 0.808502728104896 -0.50767025486067 1.14373565296902 -0.00437810846613158 0.57109670155121 0.326461962965503 -0.753161321617287
1341848029.486788 0.812392737317989 -0.498204579962802 1.1296200249785 0.00646209921034712 0.569255954900728 0.312699368248904 -0.760345319036418
1341848029.718752 0.810553363818542 -0.486656525891921 1.11479659280442 0.000147315826794934 0.556168741731423 0.315058348810731 -0.769034814467843
1341848029.922779 0.811451067600324 -0.475485091633617 1.10143938190806 -0.00417229582812646 0.550392989331524 0.311937487676347 -0.774432148754428
1341848030.090782 0.812581811940799 -0.465870909058322 1.0877948609708 -0.0108615186148993 0.545958277703742 0.299819495139862 -0.782253064394266
1341848030.258930 0.816843942448164 -0.455977574214249 1.07134902286964 -0.0150156382496408 0.538944572540268 0.285823766689233 -0.792223486607739
1341848030.422795 0.820760234871479 -0.444476315739043 1.05500218423324 -0.0215163010816397 0.533352648868495 0.274555166426041 -0.79980714007909
1341848030.590919 0.826169441248674 -0.432991357068714 1.03789023309127 -0.0409503566907144 0.539841810779021 0.263229328886831 -0.798501226070142
1341848030.726765 0.828776805267947 -0.425821693740456 1.02384743296985 -0.0493867351693476 0.547617969583939 0.25748613631163 -0.794591970375605
1341848030.894711 0.829521447802319 -0.416350629421555 1.00747664560766 -0.0572413582897826 0.549980967374226 0.259176164371702 -0.791878828008947
1341848031.094761 0.825274672917607 -0.403594361081039 0.992045879585004 -0.0641063463803053 0.539858821854952 0.265153204655894 -0.796326947226992
1341848031.262715 0.82052017613356 -0.391862388971618 0.981138060510053 -0.062762101947669 0.529501796833957 0.257635616124667 -0.805799388813857
1341848031.430611 0.814002654615062 -0.380426336672165 0.970020715739114 -0.0523741055684091 0.513023999441055 0.255673378611595 -0.817737398272052
1341848031.598730 0.812838028535113 -0.371913678756626 0.961462306810173 -0.0437712010014114 0.497691221299294 0.254673369134023 -0.827966789948991
1341848031.798743 0.802213157545163 -0.358808995026624 0.945583502402093 -0.0487435163470371 0.484955886477021 0.253266749192813 -0.835642155194864
1341848031.998742 0.798082565887326 -0.349403915533397 0.929309811075233 -0.057695192663406 0.479747620729675 0.248024328546778 -0.83964124338712
1341848032.203043 0.79794810933864 -0.33553855948066 0.912224244144011 -0.0627682213625539 0.478347147048015 0.245788876571668 -0.84073300485448
1341848032.402980 0.800216796787024 -0.3229101139004 0.896966951852308 -0.0595800278445918 0.466568626806805 0.236790694237706 -0.85011417108767
1341848032.603044 0.802840133413516 -0.310340194493676 0.881183997885025 -0.0587002216718377 0.456723332412784 0.225574006028808 -0.858530400981557
1341848032.838781 0.806984898833924 -0.296618667220306 0.86613882829585 -0.0600575288651385 0.449145173656694 0.220076929205354 -0.863844807496724
1341848033.070841 0.805118343505545 -0.285405843460979 0.852497850641824 -0.0663456437878183 0.437252514585926 0.222930072652238 -0.86874085707185
1341848033.306665 0.794885247871953 -0.272592327108779 0.838123501358648 -0.0729489214088147 0.427855555343456 0.220132972372089 -0.873590037203758
1341848033.506807 0.785511735717533 -0.259407557451826 0.827527867218248 -0.0646253981337569 0.418278803052685 0.207963391959822 -0.881826302872302
1341848033.674924 0.775917991706377 -0.251383089709784 0.816845019243752 -0.0549286584675723 0.401243908477191 0.204095945592271 -0.891252496984832
1341848033.874878 0.767026624599817 -0.243941755288853 0.80324982688258 -0.051705253579462 0.392913865066978 0.184740076220115 -0.899342184948865
1341848034.110771 0.75852174694967 -0.240664743544123 0.788251270979523 -0.060276319231108 0.376727820307288 0.176364237029494 -0.907380058544089
1341848034.246723 0.751910958915397 -0.234542773736845 0.780184200766736 -0.0730723630915697 0.353673224945769 0.168267145631402 -0.917203274857724
1341848034.421769 0.744051632097977 -0.224997312006381 0.773580588841228 -0.0752877813542815 0.333203692725841 0.151334714528984 -0.927580106142345
1341848034.585774 0.736031755046733 -0.215902523237026 0.767217094389382 -0.0592811074939282 0.313842402775776 0.127604283595909 -0.938991929316858
1341848034.814737 0.724520550963442 -0.208766780344042 0.761481337635577 -0.0527620894880059 0.295824144969821 0.118802025496685 -0.946356336642609
1341848034.983028 0.712176992076787 -0.202597532581383 0.75857749618933 -0.0487893848735406 0.274479353332791 0.116013875949449 -0.953321279058041
1341848035.150978 0.695481988853679 -0.196845874774167 0.754941808603283 -0.0510588489647024 0.261985143090308 0.104482805135619 -0.958039728911773
1341848035.319914 0.676564220717986 -0.19527983077587 0.750112179393176 -0.0515791718450726 0.258491129275583 0.0875047214492973 -0.960658549559463
1341848035.550852 0.656404123463673 -0.195726741397057 0.745336615413683 -0.0472238969743251 0.248750799378268 0.0689990976967792 -0.96495184744124
1341848035.755991 0.637264276596588 -0.193489643252132 0.743607201123231 -0.0491278987477296 0.22848966714715 0.0654138891741431 -0.970103058790524
1341848035.922832 0.623191344602812 -0.187877198682402 0.741939144966909 -0.0426986537754609 0.212903770632401 0.0517464523687364 -0.974767210201246
1341848036.054911 0.607160290929147 -0.185743304704764 0.741667306132742 -0.0395166848933903 0.193895343674115 0.0372352709082164 -0.979518535769959
1341848036.223282 0.596835281986534 -0.179767437749672 0.736738634714042 -0.0409955792709706 0.174993745390816 0.0164494708274847 -0.983578144563932
1341848036.354859 0.584604365625041 -0.175478940837258 0.734337772093314 -0.0384486356452155 0.154367336960138 0.00536289211111363 -0.987250559425044
1341848036.558942 0.570880011220518 -0.171544056051764 0.731956308502639 -0.0372148352439253 0.135258252217415 -0.010123235710259 -0.990059483740049
1341848036.726753 0.555559453995577 -0.1703678077785 0.730404284462372 -0.0386553143508931 0.119990747262694 -0.0160426699523721 -0.99189244375818
1341848036.894756 0.539329700562292 -0.170724348229512 0.729755157461218 -0.041250038958919 0.108930575876809 -0.0226260185327644 -0.992935359029172
1341848037.061042 0.52056374212018 -0.171370520526615 0.731627964295659 -0.0392466260613365 0.102374581426893 -0.035819886142823 -0.99332576890826
1341848037.194724 0.506022393960663 -0.173456776831276 0.735003271674884 -0.0334188518688539 0.0956870611836172 -0.0427380686437606 -0.993931901163461
1341848037.362746 0.487868282101916 -0.178694107114872 0.740057510394944 -0.0328303729832642 0.088055860175875 -0.0478688734908894 -0.994422899499594
1341848037.530725 0.471574183357292 -0.18051631183595 0.742178314487741 -0.0317038664183281 0.080677966309119 -0.0471745554523216 -0.995118330614118
1341848037.730964 0.457154374005445 -0.184440649353706 0.746764177050468 -0.0287709196084213 0.0731539632919062 -0.0527534284921998 -0.995508818455111
1341848037.930939 0.444824021889715 -0.186979593264111 0.752454110813046 -0.0242546559033225 0.0567796777589259 -0.0701870670890512 -0.995621190751805
1341848038.098674 0.430408462326596 -0.189964880832679 0.759483604640801 -0.0223237396427562 0.0317584676174579 -0.0974090165786403 -0.994487070741564
1341848038.234726 0.419675710820791 -0.190696245990289 0.762310672343927 -0.0254697214058361 0.018522019295029 -0.109391596486915 -0.993499726578114
1341848038.374117 0.407572524238033 -0.19093601070612 0.764172233946519 -0.030478542944398 0.0137796448109196 -0.124723381215294 -0.991627580287628
1341848038.566862 0.392685218658292 -0.193306351872081 0.770377183442191 -0.0211571033217058 0.00831311207609252 -0.128766887466886 -0.991414321985887
1341848038.770741 0.376916360482817 -0.197969165271194 0.777289914684671 -0.0208033451349818 0.00109552326499499 -0.125522226348535 -0.991872064004465
1341848038.938767 0.363477761493769 -0.203326174205213 0.786964803786863 -0.0185527139001714 0.00298628207006742 -0.120894778427943 -0.992487446507609
1341848039.106775 0.348838378306741 -0.208912028753991 0.795306843330048 -0.0181664885572219 0.00862087182202392 -0.116115296946526 -0.993032173233853
1341848039.306747 0.33287628561531 -0.214726320693068 0.807745849573094 -0.0140286876966612 0.0162473717564886 -0.106185822871521 -0.994114575817905
1341848039.438853 0.322110752187546 -0.216225966954676 0.813506036199176 -0.0195530164729853 0.0301433188199839 -0.0943628083108369 -0.99488930051791
1341848039.606721 0.310907990821673 -0.213521091008167 0.818123472816223 -0.0212471893857579 0.0420323175986604 -0.0759511420849168 -0.995998627125805
1341848039.742862 0.300180523828891 -0.214047986943331 0.820859955261697 -0.017087926447361 0.0489874056960094 -0.0622645086873482 -0.996710272752733
1341848039.913822 0.287556101449071 -0.209647791747408 0.820910885793045 -0.0142780757860482 0.056052040459305 -0.0492983883102339 -0.99710780471432
1341848040.042768 0.277381167565064 -0.206760058004678 0.81769455362706 -0.0143908852179375 0.0600882457060542 -0.0415509254658498 -0.997224059950192
1341848040.178810 0.26869628912475 -0.201680187802699 0.811283755911485 -0.0198992567572979 0.0698376603431396 -0.0381152969129995 -0.996631298384482
1341848040.410884 0.25485086660856 -0.189180850332394 0.799629682619307 -0.0224363265896811 0.0732178467046995 -0.0349179587999135 -0.996451952843857
1341848040.546685 0.245271537059237 -0.183551925324884 0.793862297590385 -0.0184423014555608 0.0740124416409951 -0.0317215137431984 -0.996582051596957
1341848040.679034 0.235224776428267 -0.177395916032681 0.786933235975442 -0.0175922521394981 0.0798870937349606 -0.0267169602416862 -0.996290504298162
1341848040.778774 0.226850621060463 -0.173690221792207 0.780688163929753 -0.0189646804344002 0.085001667559429 -0.0226651681960787 -0.995942441890484
1341848040.914699 0.217653165150295 -0.16867322842431 0.7722957142217 -0.0222283140739832 0.0949567282276549 -0.0158222898514287 -0.995107419810336
1341848041.094347 0.205480877340576 -0.165329068118892 0.763612710529002 -0.0259502299806664 0.102997414848927 -0.0101040234260633 -0.994291721180959
1341848041.283054 0.193800653064072 -0.161967019599731 0.75821353169923 -0.0239552964471219 0.10335758737157 -0.00523285817221302 -0.994341978446152
1341848041.418768 0.183009798100684 -0.161372022191175 0.75371069019393 -0.0240024161787835 0.100685779989309 -0.00453700691443895 -0.99461835559866
1341848041.550730 0.171207204549101 -0.159068733881758 0.748915543297514 -0.0269035463520948 0.0975090870266775 -0.00494975751246348 -0.99485862163499
1341848041.718789 0.160078121181716 -0.15636307413036 0.744033310723258 -0.0338332094896258 0.0914586049409983 -0.0101561290571397 -0.995182139389796
1341848041.854747 0.148705675622801 -0.156727961026793 0.738783789914653 -0.0363164881565517 0.081411129557562 -0.00951534013436058 -0.99597329229968
1341848042.018871 0.137139174644314 -0.154025141108373 0.731635253162423 -0.0481524238909974 0.0775151586144877 -0.0132330557603907 -0.995739740340635
1341848042.186714 0.128832744008543 -0.154374789110456 0.722987448152198 -0.0583977593090634 0.0796033358262582 -0.0195956718596424 -0.99492161514231
1341848042.354987 0.118124347157381 -0.153657894079427 0.716508055088226 -0.0728658921371098 0.0783865142476945 -0.0148965705442661 -0.99414496344003
1341848042.490921 0.111072436086995 -0.153112126107632 0.70855099539285 -0.0880976479108779 0.0831074437791983 -0.00746492971259252 -0.992610816002649
1341848042.658741 0.0993618052803139 -0.148918506513472 0.698998768440674 -0.0985880670654191 0.085609836890267 -0.00349776189478855 -0.991432859311035
1341848042.861726 0.0872830336390928 -0.144593205310603 0.687396630344962 -0.102564680562777 0.0865164642371373 -0.00471483774175542 -0.990945587821061
1341848043.030335 0.0744572757456659 -0.137899528491857 0.676043551611182 -0.104904905657499 0.0803249835051467 -0.0146601437341651 -0.99112458247164
1341848043.165792 0.0630299086159227 -0.131083245739497 0.667079268896475 -0.104191102377669 0.0827003977446998 -0.0150615789974093 -0.990998490027255
1341848043.301798 0.0543047174462103 -0.121764489334191 0.659910909692706 -0.10374323581323 0.0920675270990915 -0.00935644324382336 -0.990289537684148
1341848043.469625 0.0391919830733769 -0.117404169563526 0.649236861080664 -0.0994767463781981 0.0992278837568849 -0.000517551671901655 -0.990079762521891
1341848043.637798 0.027768772991378 -0.109488505749904 0.643876041214337 -0.100864673436481 0.108783374258122 0.0120521834260694 -0.988861587893995
1341848043.769828 0.0162372538745658 -0.105058540844722 0.640233644306164 -0.100850271046972 0.117193350952858 0.0252804695310988 -0.987651679076424
1341848043.938034 0.00605906800770298 -0.102550449996173 0.63537386439197 -0.0985985853510688 0.131910555810309 0.0416892642121477 -0.985464321770217
1341848044.105804 -0.00649282294996992 -0.0974866791972023 0.629908281552303 -0.103371988282249 0.145407422153063 0.0550345452996976 -0.982416465886556
1341848044.237767 -0.0167352858290514 -0.0953149535307485 0.625505806606311 -0.102807928299679 0.160229894302932 0.0623156164528347 -0.97973142993195
1341848044.405874 -0.0288823059795645 -0.09118158479025 0.620436377918703 -0.106580668626741 0.17439795214635 0.077788683376047 -0.97579446406549
1341848044.573760 -0.0388921877771678 -0.087174645906236 0.615938467326908 -0.1129030129788 0.189754064696277 0.0859771069546614 -0.971521611530725
1341848044.771011 -0.0465486407011447 -0.0890779409973513 0.611330015417644 -0.116913112999479 0.20268977754813 0.0923131666507147 -0.967846298411673
1341848044.934911 -0.0499671323745034 -0.0847284115694008 0.608570939003842 -0.131880579605622 0.218452030284576 0.101075044004232 -0.961597659453773
1341848045.102831 -0.0539974211494361 -0.085613203747618 0.605932943630173 -0.142779222228852 0.238795703742233 0.134413305988152 -0.951064544995402
1341848045.606920 -0.041563934734815 -0.0756592062514722 0.597446430672102 -0.154687182261955 0.260018026221583 0.205456626827892 -0.930725564372331
1341848045.807609 -0.0282950508496429 -0.0727545647404619 0.59374312478525 -0.152605265657269 0.245885374019807 0.224629322136657 -0.930480350879716
1341848046.010763 -0.0151369381766152 -0.0692855292721321 0.588875194950244 -0.158838575689775 0.232824307030413 0.231656551825657 -0.9310737838243
1341848046.219718 0.000445387421369833 -0.0649383535832753 0.583348967223925 -0.161498391690717 0.220780653680993 0.247545722982481 -0.929459675012631
1341848046.349732 0.0142310291974864 -0.0637357253057507 0.581468207096066 -0.162825990017888 0.212411726078417 0.248695543827234 -0.930870282090668
1341848046.517760 0.0275209602882137 -0.0643272129808339 0.57811870154164 -0.161205019105756 0.193372240242921 0.24106082153029 -0.93728853553305
1341848046.653748 0.0401916735660172 -0.0612530527888884 0.573677315276388 -0.161667766456067 0.176352145705911 0.230870250063911 -0.94311313299596
1341848046.814747 0.0526124208803084 -0.062126370745592 0.570522616894237 -0.164295001689341 0.15876113957277 0.214746744435633 -0.9495714237148
1341848047.015086 0.0684088727863889 -0.0584017857404894 0.566201800902683 -0.159187947162761 0.137596156168792 0.190645411392771 -0.958843481701034
1341848047.182713 0.0752833357730687 -0.0565779134903626 0.562706157502192 -0.142249951065798 0.110063059085101 0.16182627361513 -0.97029033367052
1341848047.350637 0.0796361820820565 -0.0561769048484273 0.558431373289127 -0.134281510893149 0.0788847033200238 0.128753601826977 -0.979371323569843
1341848047.582955 0.0813178538267341 -0.053508902040129 0.54367680308185 -0.13052683907232 0.0696302971921197 0.0773855867361245 -0.985964419723264
1341848047.886853 0.0797032251250477 -0.0466982101609815 0.521731798076098 -0.117530172109709 0.0601565547637889 0.0653697909851776 -0.989087780729985
1341848048.286640 0.0830212009949784 -0.0410410229043179 0.496710136721721 -0.122238306966231 0.0457148982267808 0.039180158109933 -0.990672932708179
1341848048.590630 0.0875130307001209 -0.030228064687607 0.474301633075876 -0.137855821957804 0.0329979590715374 0.00665432178515297 -0.989880107412525
1341848049.058792 0.0808854353966256 0.00244496990160785 0.427080037358245 -0.146194226611602 0.00928387422488746 -0.00936041437128869 -0.989168054694252
1341848049.294747 0.073569827072562 0.0137565232439778 0.411509624160037 -0.141808477371003 -0.0120279546726812 -0.025794337848027 -0.989484884264076
1341848049.526803 0.056445146422982 0.0213232021778895 0.400808778383972 -0.144728491089862 -0.0252777214840524 -0.0423824623416889 -0.988240065747833
1341848049.695064 0.036729321396799 0.0278755339661564 0.395137427501572 -0.146599983804435 -0.0261428095993212 -0.0473950003471003 -0.98771388174759
1341848049.830816 0.0166783473377419 0.0320423284618237 0.392254211301866 -0.145169595394013 -0.0229277630341661 -0.0492096980823796 -0.987916247396523
1341848049.930835 0.00217779231134578 0.0386886451492678 0.389491847178828 -0.134127611086541 -0.0130833773621064 -0.0612607635373626 -0.988982167701642
1341848050.062661 -0.0185473116968096 0.0408039508684779 0.386792221588075 -0.123835321564542 -0.00826267885955358 -0.0631370782755983 -0.990257668800344
1341848050.198726 -0.0364558097227631 0.0429629688935509 0.384110243686296 -0.115504462704833 0.00306266646093057 -0.0625853270219257 -0.991328611516371
1341848050.398693 -0.0558667537499855 0.0433487594996695 0.379721408791828 -0.108622941021938 0.00710034011613175 -0.053077114070995 -0.992639643483915
1341848050.766882 -0.0954008157753927 0.0518421093324346 0.377073989530882 -0.0941039007832023 -0.00967084108183145 -0.0466574203919444 -0.994421447783848
1341848050.934794 -0.115723441405989 0.0578029377286138 0.374267726191971 -0.0836844814606361 -0.0234344770247406 -0.0516361373385493 -0.994877601602326
1341848051.070784 -0.133855297055937 0.0628974437866129 0.371499119642887 -0.0756280979619654 -0.031400289561261 -0.0643529322972861 -0.994561769182219
1341848051.202839 -0.152746437611115 0.0666495268543476 0.370538044052801 -0.0723166125641715 -0.0474114351466777 -0.0771230286244095 -0.993264567887315
1341848051.370895 -0.175756431977474 0.0715153053364838 0.367501831490099 -0.0737685693686523 -0.0553367071890703 -0.0933816446462807 -0.991350551245083
1341848051.506718 -0.195642679887995 0.0714220670777176 0.366244756035518 -0.0728538636636118 -0.0512335440521176 -0.0955647333432667 -0.99143069362118
1341848051.638863 -0.214284578751898 0.0728987186489271 0.365106741512055 -0.0800415463717958 -0.0407700700557908 -0.0907835351296591 -0.991811222961013
1341848051.974762 -0.253918729172219 0.0674009111063195 0.370993827097098 -0.0902582857777544 -0.0403313473170354 -0.0880035788433477 -0.991202398293515
1341848052.178064 -0.271002156400175 0.0622685750823674 0.377613823501898 -0.0964924536862235 -0.0521971170335613 -0.0992489739976822 -0.988996617039413
1341848052.444722 -0.287751536896374 0.0595175977969164 0.384280568495092 -0.0950612371972362 -0.0639117152711881 -0.114736054074659 -0.986769624445849
1341848052.746833 -0.294133326902908 0.0571359331975879 0.387290106478618 -0.105007648153061 -0.0916762402877666 -0.119410094719319 -0.983010727344919
1341848053.289822 -0.297891959681359 0.0613249541537755 0.384556932702154 -0.122671949694328 -0.120326761238858 -0.133379783596262 -0.976054761074282
1341848053.951067 -0.296718120403877 0.0673037188640198 0.381718358351362 -0.153689011638748 -0.135049542617646 -0.101184464142616 -0.973603108538814
1341848054.422878 -0.283622875662867 0.06693337616598 0.383460039519615 -0.17281644551762 -0.122589948154258 -0.0938427156436031 -0.972779381715518
1341848054.656449 -0.268897647673209 0.0545290217838912 0.383950619784614 -0.185947250494274 -0.116950410982615 -0.0914068467909508 -0.971283176918221
1341848055.058739 -0.251212914740181 0.0476189142472545 0.383670051567535 -0.198831054983798 -0.119593800981099 -0.0978950952309255 -0.967770677728279
1341848055.762799 -0.238652164725354 0.0410725470238733 0.396271225218447 -0.182773792417228 -0.10981010466835 -0.0747552419615145 -0.974139176666982
1341848056.162731 -0.224181145104188 0.0409974350838413 0.398230808830228 -0.183120235620222 -0.0843336732330049 -0.0825254201382331 -0.975983793869771
1341848056.466830 -0.206305528181068 0.0385848847214172 0.398924591626283 -0.177779537348743 -0.0687937975863647 -0.0668100690305605 -0.979386677563997
1341848056.666759 -0.189241192775493 0.0359897055512378 0.397296295360416 -0.177820515275676 -0.0554243670352832 -0.0582818136458446 -0.980770734720394
1341848056.902748 -0.16981953012882 0.0377134107407637 0.39849150995564 -0.171707039533705 -0.0525975986388251 -0.0407931981497212 -0.982896790195551
1341848057.202641 -0.15317042244268 0.0333075289256085 0.410258662980806 -0.154866591669461 -0.044102635962227 -0.0416746215315083 -0.986070242024407
1341848057.470699 -0.138624638112873 0.0163617647946305 0.426981064610447 -0.156632433283152 -0.0376198194575234 -0.0319827290248776 -0.986421884931546
1341848057.638819 -0.121174817619696 0.0100393755342989 0.435747172567413 -0.159186647577941 -0.028984622150823 -0.0337280740243115 -0.986246378920745
1341848057.806842 -0.10311772109788 -0.00215584652684666 0.44800513990551 -0.161608769618909 -0.032050865008639 -0.0329745111426078 -0.985782952403503
1341848057.975316 -0.0846052860939075 -0.012078602831533 0.457697966703133 -0.161760050743056 -0.035834366800877 -0.023882907873857 -0.985890050082195
1341848058.174743 -0.0659885427126454 -0.0197307247384212 0.463533521065759 -0.164556705726368 -0.0295006573780446 -0.0261823169079011 -0.985578656473487
1341848058.410669 -0.0464225060421865 -0.0210264023322967 0.466632168925996 -0.164127426488393 -0.0146707584966273 -0.0352463136916089 -0.985700083235557
1341848058.643060 -0.0276502440170529 -0.0201437433574517 0.470708962834812 -0.165263590141239 -0.00586581613442413 -0.0351287903369582 -0.985606161742188
1341848058.846829 -0.0103125890488595 -0.0263015501166629 0.471231094029316 -0.166913776658069 -0.000105925980196216 -0.0239889926935978 -0.985679617406677
1341848059.078771 0.00796697767115056 -0.0293469188738811 0.4725974467142 -0.172989818911987 0.00694533485229225 -0.0159177065303557 -0.984770486710178
1341848059.314667 0.0176292686679116 -0.022606459624098 0.474857402659601 -0.168467924399859 0.0295082900908525 0.00355740926351792 -0.985258932516549
1341848059.514652 0.0267115221169654 -0.0241050009190965 0.476663407485889 -0.155383680190437 0.0525540319543707 0.021866898052388 -0.98621286973218
1341848059.718703 0.039053836081843 -0.0314214254370602 0.480360310975142 -0.147972017538767 0.0660256753747344 0.0297693154056454 -0.986335987418636
1341848059.950805 0.0532879894714487 -0.0395899760401081 0.489397730971905 -0.155301586955852 0.0780978048721373 0.0398929806639457 -0.983966818575146
1341848060.150800 0.0678078464295943 -0.0506092096969349 0.498433085148715 -0.163047798304664 0.0810334617800357 0.0599593331977888 -0.981454977012406
