1341845948.747856 3.8337489519779e-05 -0.000108956211296448 0.000159654138985614 -4.02115689296226e-06 -2.91853342993727e-05 1.91258842511497e-05 0.999999999383124
1341845949.011787 -0.010657052944819 -0.0309835486033752 0.0121823305115644 -0.0335578835274796 0.00398506995000985 -0.016835721535881 0.999287018904487
1341845949.047774 -0.0111888788547377 -0.0383526395201876 0.0151300030414827 -0.0380211174622987 0.00306551977064337 -0.0160348851765875 0.999143573102899
1341845949.215795 -0.00994248177238375 -0.0530588437843965 0.0276024135423918 -0.0690873266801957 0.0072784771665652 -0.0260911930485073 0.99724280629525
1341845949.383752 -0.0225328112386211 -0.071834324220076 0.0141398275064585 -0.092559289346681 0.0155312434900449 -0.0355889536887784 0.99494973983947
1341845949.483823 -0.0185946767089684 -0.0932021053295567 0.0228697180103725 -0.119281364075401 0.010349832340707 -0.0357947183444429 0.992161063181514
1341845949.619753 -0.019390952409695 -0.122938868621435 0.0267330705342903 -0.131169616698262 0.0153140871790083 -0.0349309333355797 0.990625984055239
1341845949.787857 -0.0207974510676492 -0.155724492543791 0.0347351700422867 -0.137122428008694 0.0251092456414116 -0.0398699339825736 0.989432844555175
1341845949.920013 -0.0148703193651769 -0.181582618993605 0.0505738032157055 -0.152849849169404 0.0257590504823416 -0.0265266115970497 0.987557458482451
1341845950.055847 -0.00769476685597928 -0.202145686127804 0.0656457504624858 -0.146283165885116 0.00855913516731755 -0.0129266488436207 0.989121265737164
1341845950.255885 -0.00650644962536516 -0.235823006236506 0.0720540470374592 -0.139062801578714 0.000168421956465747 -0.00348938105416511 0.990277402080338
1341845950.455762 -0.00570504957364157 -0.262919873666199 0.0873006733106167 -0.148656120019985 -0.00994514287895131 -0.00870449808527227 0.988800628957529
1341845950.691815 0.000239765549734088 -0.286569306344747 0.100443403638823 -0.168343616270803 -0.0205751775063779 -0.0117357818164025 0.985443737793593
1341845950.917771 0.00221814359563286 -0.300215398376203 0.118917964136075 -0.187633695832387 -0.0322731510116005 -0.0177820287449906 0.981547675543972
1341845951.453714 0.00616528703817028 -0.308971577896239 0.125727407857015 -0.195256529126918 -0.00545563680125136 -0.0265919181812298 0.980376455117036
1341845951.757837 -0.00544383449308919 -0.288210865602418 0.111217607756938 -0.178740137215297 0.00156068702612139 -0.0343301563833359 0.983295971702803
1341845951.925973 -0.0126502390714978 -0.264928745616521 0.106644239488933 -0.174576034753911 -0.00700598094228953 -0.02634312206539 0.984266307581686
1341845952.125827 -0.0160165800658722 -0.230236614089356 0.104196587333303 -0.154831379662177 -0.00533702546992035 -0.0375412803242598 0.987212951851147
1341845952.261888 -0.0189137603001969 -0.212625427645671 0.103336022664204 -0.126921171525526 0.00306858884897922 -0.0438243942500519 0.990939464573735
1341845952.361889 -0.018224753387321 -0.195224678796995 0.0994465456951436 -0.0947981791436738 0.0101219537679236 -0.0448272436302907 0.994435201263247
1341845952.461990 -0.0229190459051361 -0.180537793581158 0.0875746436748853 -0.0688778898316932 0.0216321580306092 -0.0411133733088506 0.99654281220951
1341845952.661822 -0.0374880826110844 -0.155610744643696 0.0698778847048934 -0.0594084440393613 0.0289250024934012 -0.048149450779913 0.996652201822266
1341845952.797926 -0.0518267357348268 -0.138321762025165 0.0647379989773646 -0.0448793499777716 0.0270906328291372 -0.0563095796844487 0.997036194325086
1341845952.997732 -0.0687025506405578 -0.113883808063144 0.0668310692589143 -0.0495332245799511 0.0137711762301363 -0.0486478373324144 0.99749195600307
1341845953.230076 -0.0877677383616612 -0.0927921125482035 0.0575759285484904 -0.0474925187887383 0.0102735101010824 -0.044281008441152 0.997836714067356
1341845953.601851 -0.0884078280460059 -0.0742689551344454 0.0654156953276453 -0.0185423981492758 -0.00764998246854658 -0.0360262255410189 0.999149522500197
1341845953.869932 -0.0899923632670434 -0.0529465439238914 0.0653800298795267 0.00944262800723089 -0.0107363632575942 -0.0232084208351757 0.99962839919775
1341845954.269821 -0.093618272553073 -0.0320389329640802 0.0697500149986983 0.0360184538210083 0.00162528957252741 -0.0297792876424054 0.998906013319402
1341845954.537884 -0.10422304696251 -0.0159686973354543 0.0647795535614194 0.0608743362440744 0.00322147671288785 -0.0337590805963182 0.997569176424334
1341845954.705864 -0.0938947830109626 0.000652644285132794 0.0769401846635249 0.0843196842065636 -0.00179687494637413 -0.0230513192657384 0.99617046672537
1341845954.847702 -0.0956331224448538 0.0355228309177233 0.0740571488008046 0.102922107793851 0.00941809923238179 -0.00656504388864568 0.99462316448636
1341845955.147819 -0.105757461235405 0.0633248663822872 0.0861674581301671 0.0901976090775668 0.00422373503526742 0.00415197601595832 0.99590627695291
1341845955.315766 -0.104136104592562 0.0850101576549374 0.117288573855191 0.120660217336146 -0.0030229764450855 -0.0035586597538243 0.992682884664868
1341845955.415689 -0.114797288923818 0.116623700811685 0.122218911278544 0.140424925550674 0.000304473725650275 0.00145663809880602 0.990090210932967
1341845955.615741 -0.107509771272063 0.140222362861686 0.156362831394109 0.15219015248489 0.0181187444628795 0.0110617956339664 0.988123223724181
1341845955.877977 -0.110363278119013 0.166333907219419 0.171956431405122 0.187034121650296 0.0187379973033055 -0.010220814666623 0.982121509663196
1341845955.981865 -0.106634652318945 0.178544663208845 0.183971079436275 0.214711785128767 0.0201058451691391 0.000318987061560728 0.97647043097275
1341845956.045763 -0.0989256981304166 0.198676265005697 0.196852894193309 0.241307959679034 0.0238581015662656 0.0054636877791419 0.970139890789492
1341845956.113872 -0.0968186549426416 0.211807961296048 0.211771696982155 0.263317713635754 0.0296761184404494 0.0185415199790063 0.964074334124094
1341845956.249720 -0.0892861954455561 0.231769857448663 0.232711988253416 0.287809124712528 0.0238090099375199 0.0212455778526653 0.957156029182134
1341845956.381671 -0.0904647036694224 0.247076870837879 0.246841809672557 0.314408621790413 0.0194622881912613 0.0364638820890984 0.948387485780578
1341845956.517751 -0.0918282133875492 0.28859015527555 0.270776595674057 0.331782300112348 0.0133798671968782 0.0355169465640418 0.942592186999617
1341845956.649823 -0.090936520922098 0.317040222405279 0.291179675170425 0.34563853895099 0.00621675398282005 0.0471156218228162 0.93716352390711
1341845956.686207 -0.0974531637258537 0.344136443242551 0.31227124137566 0.352186603609724 0.0113443374817427 0.0451643246208281 0.934770606098893
1341845956.785882 -0.106164962807438 0.36994103235318 0.334512869976129 0.391834492755002 0.00623117127920222 0.0512329668777773 0.918587005077266
1341845956.849925 -0.112545459819913 0.382679273945625 0.347812124426176 0.41380408588068 0.000963269451337967 0.0565721430999853 0.908605988999354
1341845956.953936 -0.113183947083517 0.411778848013487 0.368341813748102 0.427580294594078 -0.00176800692388567 0.0705608063922496 0.901217586616925
1341845957.253784 -0.114007258196896 0.431649940255473 0.41444869585866 0.434173954962664 0.00319604949681015 0.0808177798403312 0.897190753720396
1341845958.064063 -0.108551197317543 0.40666889909586 0.395470623783464 0.458173001450192 0.00127759576217559 0.0641879459140891 0.886541468906289
1341845958.257855 -0.112865040864284 0.397678714644248 0.366167414403363 0.437240360991168 0.00371788040207634 0.0510929911781204 0.897884486077191
1341845958.393794 -0.118296255813171 0.371128017726207 0.346488867192355 0.407218362245247 -0.000215099757739454 0.0489298979524504 0.912019201699589
1341845958.525948 -0.120714634811204 0.333792231759646 0.326678336802148 0.382401138636347 -0.00490764780240075 0.0480902913861758 0.922731059430139
1341845958.661751 -0.12546196135594 0.311319565898993 0.302741437959904 0.363717495990702 -0.00426153731640799 0.0502625075865381 0.930142517435402
1341845958.793976 -0.135726135010548 0.288872128651333 0.27562900894515 0.343735693766067 -0.00186951967131932 0.0525951340318418 0.93759054474943
1341845958.967857 -0.136845917048548 0.241217821818783 0.245901113616958 0.32563650453097 -0.00627303034878483 0.0494924918124728 0.944177954233886
1341845959.135750 -0.139143600029755 0.209756817731216 0.211689517840053 0.311774425034235 -0.00136477007891229 0.0472184927344774 0.948981169065587
1341845959.303719 -0.141914485792017 0.177799013571026 0.172868389967742 0.296592151270413 0.00118684052422688 0.0454703668980654 0.953920401788594
1341845959.539837 -0.138923073810208 0.138837129682582 0.124592041472102 0.280217745530076 0.00536179027586233 0.0465046048096228 0.95879434083988
1341845959.807848 -0.134514189726366 0.125718502492688 0.0847550712973427 0.264297349881696 0.0134741891047367 0.0401588517085524 0.963510572699092
1341845959.975710 -0.145313908694977 0.113983942617197 0.0765113841481192 0.229310179930802 0.0209960645120237 0.0389255647144713 0.97234808945499
1341845960.207727 -0.147876091083933 0.096974205318361 0.0695863293231116 0.201439611369888 0.0367770708044172 0.0303814762712209 0.978338640724047
1341845960.343783 -0.147556597598153 0.0672026760288226 0.0899342235114398 0.175976498265104 0.0504565453243493 0.0372738966286987 0.982393539128997
1341845960.475859 -0.143083716051007 0.0588462015928937 0.0981477128572377 0.178604555594951 0.0884510102502337 0.0469840618546254 0.978810160060716
1341845960.575920 -0.155678646330276 0.0520355135807838 0.105360954407083 0.174623349622471 0.114121118611096 0.0526716953832217 0.976580129103105
1341845960.738006 -0.176584107661646 0.0464445875648764 0.117173264742707 0.158242497285446 0.139313108759077 0.0605595376438756 0.975645279894854
1341845960.905884 -0.194181324754302 0.0344245045235752 0.127771935560132 0.14802270371219 0.161775449822375 0.0645098598045379 0.973527842954941
1341845961.041828 -0.213040421167641 0.0323788673173886 0.136976492081044 0.149711839889477 0.191542046239526 0.0706213554170543 0.967424743160077
1341845961.141834 -0.222363359871427 0.0342938676409595 0.141819635895977 0.150613759470685 0.211846142639525 0.0738998367485627 0.962795680004536
1341845961.273933 -0.233967041639758 0.0353094891729143 0.147862406774105 0.153496845584107 0.226284429210445 0.0838502554149513 0.958229205440681
1341845961.409796 -0.251360830726417 0.0267265812499176 0.149400745379976 0.153045956843952 0.24708531988862 0.0931724374723282 0.952283926507595
1341845961.577897 -0.273006365869461 0.0232153729296968 0.153000615077897 0.152283823185943 0.27594198207407 0.101263904893668 0.943616066676799
1341845961.677834 -0.279764871092712 0.0208561862782469 0.154812520896325 0.158165940607736 0.292403364045858 0.104610591595372 0.937304876788978
1341845961.845697 -0.310115512131705 0.00926797825400135 0.164829682865385 0.151500628514799 0.308344192919365 0.104925640875364 0.933253464038264
1341845962.013984 -0.324336595129661 8.32019840275033e-05 0.17060863167449 0.156518102515026 0.323425190003371 0.10691154402012 0.927075051876391
1341845962.182026 -0.339236268759577 -0.00633064288239239 0.183292170052397 0.15098164769983 0.351554864303476 0.112430371478114 0.917045871814329
1341845962.281938 -0.346112161373834 -0.0105891654719395 0.193115520651277 0.14816466150811 0.370348058779199 0.121784767187511 0.908877339864819
1341845962.381891 -0.357602252007054 -0.0145931194840789 0.203147118675971 0.145474191857202 0.388340307766015 0.13130240531282 0.900438084060619
1341845962.513751 -0.371559641916249 -0.0219491364265521 0.219175697135499 0.142280190977617 0.407824891647757 0.152059665192712 0.888995536113286
1341845962.649869 -0.388026182761095 -0.0291391634256755 0.23355169965273 0.141481298310837 0.428022368044375 0.163280199192268 0.877564511152143
1341845962.817763 -0.405766504328585 -0.0392361101834672 0.249192990131241 0.136879131467341 0.437601672662621 0.166010281362258 0.873046084656272
1341845963.154202 -0.427826000857988 -0.0402227526904497 0.26163133993182 0.13011363616943 0.421085368993449 0.164573960404498 0.882424481334918
1341845963.285844 -0.412320622271131 -0.0280634179615986 0.246034307853285 0.125493108982234 0.385058693938976 0.166312909483401 0.89906690405061
1341845963.385792 -0.391925506752356 -0.0197092202312977 0.226004773708625 0.130609055508627 0.361123907221236 0.153611918533989 0.91045822349887
1341845963.453923 -0.352342437027801 0.0047554090542342 0.186979263746201 0.119377365191146 0.301024905015083 0.112259778303221 0.939431100941411
1341845963.521709 -0.225482384085833 0.0676500092741451 0.12219781777975 0.138041790485728 0.193280010613793 0.075105224142903 0.968476384267097
1341845963.621850 -0.203835443607001 0.0729751742480146 0.120580531074128 0.131456674073323 0.147321657532344 0.0652959930843194 0.978136956336195
1341845963.721864 -0.180021655409381 0.07841512840584 0.123065606960664 0.125092315930818 0.121376492339708 0.0556519009291782 0.983118774881928
1341845963.821840 -0.145588486681418 0.0933029382025926 0.124470619270291 0.110232688798952 0.111647201978462 0.0328756864694565 0.987067802052978
1341845963.989918 -0.121893427267097 0.0974313320285425 0.121979636260594 0.105496407060753 0.0961520937872942 0.0271954105357369 0.989386523358482
1341845964.157672 -0.092121238997825 0.0957348574725097 0.119651791723648 0.105102228705911 0.0701410781558067 0.0195710159659317 0.991791674703036
1341845964.290067 -0.0698043469524847 0.0991933148774669 0.120030599216413 0.0938078191368838 0.0435736926359506 0.00558472486854113 0.9946206499098
1341845964.399837 -0.0498548492943955 0.100485157081476 0.11932388294645 0.0920175546711664 0.0236025541965509 -0.00521043293159475 0.995463982500825
1341845964.525868 -0.0240102858369123 0.107966106026554 0.114205702652028 0.0990715060911349 -0.00608317667757612 -0.0266105723160987 0.994705840479161
1341845964.625703 -0.00618266474959502 0.112443623474132 0.107997539605781 0.106852773141471 -0.0297806225671773 -0.0401481667429857 0.993017484286488
1341845964.725966 0.020340369222914 0.110327390933725 0.113186200147126 0.106567415587742 -0.0505579248597678 -0.0507058337287894 0.991723852992703
1341845964.829971 0.044617315807138 0.1096239774264 0.113816307540104 0.104977048934184 -0.0581200588408515 -0.0554665270043425 0.991224163516751
1341845964.961832 0.0774274804705992 0.109623317836568 0.114777404745864 0.104421650444656 -0.0649989173884582 -0.0610861384792503 0.990524983704317
1341845965.097818 0.107943683351465 0.110216428950675 0.117974795852551 0.102556623173405 -0.0704528616832178 -0.0686943678436166 0.989848279864384
1341845965.198514 0.131315217960239 0.107882977307311 0.127976968546276 0.0986941131038923 -0.0757555040589524 -0.0787494098303962 0.989100149678876
1341845965.298444 0.155560862356627 0.106324073175682 0.136162910189709 0.102558646423813 -0.0792268355034082 -0.081708829926343 0.988194565706521
1341845965.431881 0.182062194011997 0.103673805821315 0.139222796998001 0.104532605767177 -0.0792918275911058 -0.093352301263597 0.986950398073569
1341845965.538924 0.201961307077968 0.0978657299214349 0.153831700803007 0.103721868892958 -0.0894698960804689 -0.108348236403101 0.984630677603049
1341845965.574497 0.258561789326079 0.0864792300022525 0.166477920354503 0.0984050511557525 -0.130729407150346 -0.110827057993059 0.980277323633346
1341845965.640215 0.282299788687279 0.0816043890553067 0.174123146954754 0.0951144118659706 -0.159848572461291 -0.114520626227453 0.975851786239053
1341845965.703769 0.328258797393446 0.0746392777073932 0.18607663498737 0.0984143768639261 -0.19404235223832 -0.133887156816793 0.966817669058556
1341845965.771986 0.359368685267653 0.0709781794533476 0.193078975054764 0.0967236550636733 -0.215296054513089 -0.152065587095042 0.959775078173871
1341845965.840020 0.378273482076782 0.0671381510638641 0.203689202854008 0.0841251945911824 -0.242796466148754 -0.167340902589303 0.95182448486119
1341845965.907848 0.395520739630601 0.0604574902927484 0.220965175078879 0.0976917870106097 -0.267928883378407 -0.152919398322723 0.946195585393892
1341845966.007712 0.410920104378707 0.0565652074072367 0.230210412389682 0.100317696787161 -0.284289807897102 -0.148223167381795 0.941884046732111
1341845966.171793 0.429282049715255 0.0476295502326485 0.250877036191889 0.101493554594875 -0.302332382777948 -0.157240484123308 0.934649463088795
1341845966.307882 0.445960889763611 0.0425590887912912 0.261760624837525 0.118098988063821 -0.315471965020336 -0.158245420565696 0.928164023852732
1341845966.439899 0.460790934988683 0.0370374957487836 0.278243779170597 0.109300426243455 -0.323447401968995 -0.169728103951365 0.924460689110998
1341845966.570051 0.474843794410091 0.0292770789362367 0.298410138405008 0.105132898301623 -0.336062702346363 -0.175162463910253 0.9194166873748
1341845966.669930 0.489933825936154 0.0193657380340048 0.310529192779186 0.0996778158709692 -0.348494323789082 -0.183765328203197 0.913699263138783
1341845966.806068 0.515062192087881 0.0164727460120492 0.324264782989318 0.104277137921654 -0.352815732422363 -0.194908062222678 0.90920744868415
1341845966.973800 0.525973778326138 0.00656895729750771 0.341021212017067 0.113838701506889 -0.352788840660543 -0.168807394648022 0.913282457653032
1341845967.509844 0.506098815848066 0.00524865899151053 0.33081514741185 0.126267978888226 -0.345959251876775 -0.147909967065691 0.917873213026162
1341845967.641865 0.483713984790542 0.00942721226254668 0.322085457833464 0.135717650371022 -0.339457377411442 -0.132245374384129 0.921336295416997
1341845967.778746 0.459000185289664 0.0130790104703714 0.314596809767149 0.149045775729978 -0.322092671191161 -0.115924230239506 0.927687038146685
1341845967.878439 0.439935742732871 0.0127708339074369 0.306150661576172 0.16322201557264 -0.305345491075136 -0.10195230114215 0.932592318756867
1341845967.977896 0.419581443022088 0.0135390131324515 0.297051523007137 0.168440589289707 -0.289689125981202 -0.0915121483853494 0.937727841575519
1341845968.113779 0.393029364844007 0.0150280569197726 0.288731653338971 0.172233006267597 -0.281111044150073 -0.0811120086238741 0.940602580512026
1341845968.281755 0.365583112790817 0.0176398273584927 0.27760712652655 0.17536614330026 -0.273564208167959 -0.0795919569683435 0.942377026555391
1341845968.413829 0.346101523242028 0.0238219310419206 0.267186296557449 0.185434851670139 -0.261513550184796 -0.0757955649621298 0.944181979910594
1341845968.549874 0.326416504997215 0.0283398181217169 0.255113051011453 0.191538343486319 -0.251363479456052 -0.0695873568496743 0.946196102262602
1341845968.681800 0.305955497600875 0.0364069761973644 0.239291743202761 0.200040605422447 -0.236278874174702 -0.0581349910046916 0.949092394143921
1341845968.781921 0.288619003195652 0.0433838302703015 0.225623552427967 0.210419257287373 -0.219597460457645 -0.0458482184661839 0.951524372986137
1341845968.881826 0.269901070514084 0.0514477136549609 0.210275403065097 0.210968406749337 -0.20434800089349 -0.0393796185707866 0.95508296578135
1341845968.985958 0.251653072753346 0.0622043914670644 0.196755696678836 0.214376277203037 -0.188173940916953 -0.0340122373382464 0.957849960820376
1341845969.085845 0.234947225936293 0.0713377225256271 0.180975694108101 0.218558410371502 -0.168837846674522 -0.0232724965303299 0.960824850683744
1341845969.217819 0.214374098485377 0.0794120986328475 0.161412793354936 0.217114422022204 -0.148200710283567 -0.00821985355142913 0.964795476372585
1341845969.317925 0.199134731925611 0.0798620520846597 0.144167285114208 0.20926892389703 -0.128399604344833 -0.015212667107267 0.969272218654054
1341845969.417886 0.185206850141825 0.077623097215864 0.13212588684109 0.213526234251556 -0.107127066862305 -0.0116890276853579 0.9709756461743
1341845969.585920 0.160724669728255 0.0933013545448507 0.105909220580693 0.224253821724304 -0.0995131863744828 -0.0058651188527789 0.969418872088059
1341845969.789954 0.141834653758747 0.093449335678694 0.108448659488953 0.21146736319744 -0.0919440068633544 -0.0473985104082829 0.971895691478931
1341845970.057886 0.110290397066879 0.0864467072572246 0.111365867716134 0.201321958450742 -0.0660232154257028 -0.0990021308222308 0.972270015048838
1341845970.289882 0.0921061845553312 0.0715133772158105 0.114288188619799 0.187598171315469 -0.0549957290560351 -0.165670324339152 0.966610438355622
1341845970.532407 0.0690705069058265 0.0678140929423488 0.0992078569452648 0.19299319461822 -0.0481082638996967 -0.235387563308262 0.951331654479872
1341845970.735804 0.0705730248145956 0.0786595731087774 0.0871571641717879 0.187208386380271 -0.0560886393449492 -0.320435629172549 0.926891629135856
1341845970.967783 0.062783970945104 0.0798460373819522 0.0969778462260056 0.172329333805439 -0.0584083109224317 -0.398102204941457 0.89911384392974
1341845971.303920 0.0652532166976933 0.0816037047718365 0.0922642634563896 0.170346699351641 -0.0328135370198065 -0.510208554561428 0.842373138615299
1341845971.603941 0.0605941815018094 0.0821627929507671 0.0955605799034113 0.166903459499388 -0.0175475597976816 -0.609818172983902 0.774568986114768
1341845972.003888 0.0611522848981198 0.085257361952944 0.0908611815893091 0.153193819954152 0.0170734768715181 -0.695027768438873 0.702265299594287
1341845972.469777 0.0628665718418131 0.0825245372904265 0.0910991125508623 0.179595782858915 0.0339036657872811 -0.67314115985082 0.716573007543663
1341845972.637827 0.0623268980876262 0.0812333081239327 0.0913731411726284 0.204621414557371 0.0251797192453567 -0.609250535900918 0.765708719388587
1341845972.869858 0.0637123882677386 0.0797894376164379 0.0896277629995412 0.226350434340655 0.011286083650119 -0.527988572975565 0.818453524640749
1341845973.037797 0.0660284526208697 0.080677580205671 0.0889768464392233 0.241788816733833 -0.00493594282232305 -0.426697193809668 0.871460446242893
1341845973.241913 0.0641589791073785 0.0793235235159111 0.0910163170073238 0.249476417443393 -0.0160834488697121 -0.321570716553366 0.913288078356123
1341845973.409787 0.0624851809274385 0.0790376942848948 0.0936018522035848 0.25395971691586 -0.0229964286718114 -0.225104552004395 0.940374163362254
1341845973.541876 0.0608525082805057 0.0783833560437153 0.0965048891813899 0.260560516076159 -0.0347087243916856 -0.123979128048382 0.956834728530268
1341845973.741811 0.0595265694644456 0.0764043272406944 0.0992248819223623 0.26134992874119 -0.0467625556870285 -0.0201363435911397 0.963900412801744
1341845974.009966 0.0582025923044463 0.0740381241271374 0.103820752370645 0.266864377453088 -0.0568506491595825 0.0939826116823984 0.957454268588357
1341845974.145742 0.058693875030349 0.0734577907650913 0.103891648819945 0.271856974371397 -0.0542417710153833 0.170002029488823 0.945648415497232
1341845974.413828 0.0586690048440547 0.071298061135433 0.107038198262928 0.280892119472831 -0.0425860403615534 0.308219301174822 0.907902477564462
1341845974.513798 0.0584152977460566 0.0705133941824715 0.108242923188905 0.284335611477368 -0.0354596438749938 0.373005366556196 0.882475421880025
1341845974.649867 0.0584599544160186 0.0696799992689206 0.109280469356593 0.283714065164834 -0.0343131013973175 0.444828715608656 0.848797004041659
1341845974.850024 0.058337499436132 0.0691606359500251 0.109837482983596 0.253567278439555 -0.0426426171495063 0.532556490817016 0.806392476772982
1341845975.081985 0.0583656481938412 0.0684878970118493 0.11049806733858 0.226177543925199 -0.0527936393110967 0.624759532176898 0.745474397431836
1341845975.953818 0.0570967047789641 0.0684963791334893 0.110740901263908 0.223005879049439 -0.0446021352631983 0.582703778415609 0.780214928118864
1341845976.157709 0.0566285155098919 0.0692138395229593 0.109129193908585 0.257424926026113 -0.0280601440556651 0.516939779020835 0.815915621030702
1341845976.289829 0.0566214452598987 0.0691993156417091 0.109087963581178 0.263760111735981 -0.0290504375852096 0.432009028092194 0.861948301918374
1341845976.425771 0.05660019344188 0.0692166507674141 0.108977708411964 0.268043511399962 -0.0206815701393053 0.318773703957764 0.90890498640837
1341845976.557683 0.0566154748263056 0.0691952994741349 0.10891854047128 0.253356532227185 -0.0106665778523472 0.198891960948113 0.946646015976907
1341845976.725744 0.0566335531966943 0.0692528286179166 0.1088258601065 0.24636115244347 -0.00158130228950109 0.100054879634347 0.963998289993894
1341845976.993832 0.0567689448102779 0.0691902984552531 0.108824247788131 0.246609346117284 0.00343389078903147 0.0260903846658084 0.968757622230476
1341845977.562577 0.0561783691811439 0.0705243256141315 0.106707098057219 0.231583683445173 -0.0108481777202267 0.0023985864507708 0.972751541445787
1341845977.833989 0.0555890871828668 0.0699961715595466 0.104834410273015 0.206144056010696 -0.0220492477295883 0.0207909249297403 0.978052246194744
1341845977.965785 0.0553081202293258 0.0706208383765599 0.103948313963761 0.167916078933774 -0.0331630493824219 0.0225454190672111 0.984985333225957
1341845978.133916 0.0551159885372045 0.0712412654663079 0.103886215269782 0.14347333443087 -0.04535267180602 0.0148206530019705 0.988503356449506
1341845978.401825 0.055410857132291 0.0719983024903713 0.10268196976665 0.112086787554921 -0.055124417981392 -0.00869188232325528 0.992130183886928
