1341839845.462023 -5.59127392743022e-05 2.04264874645344e-05 -3.76917369489541e-05 -1.25174498949423e-06 1.21149293726049e-05 -3.2899496043694e-05 0.999999999384642
1341839845.730035 -0.00268726591259206 0.00249592157789633 0.0014445145877045 -0.0032487062099252 -0.0128241015663005 -0.0164852816150359 0.999776586951831
1341839845.766091 -0.00762674562794438 0.00239926788734801 0.00262629067805989 -0.0029245118231553 -0.0117894577929741 -0.0178333225395788 0.999767187160463
1341839846.906029 -0.000800557448038859 -0.0249155491468382 0.0382538957713661 -0.0154989514023917 -0.0164816352582467 -0.0360956318173195 0.999092209742599
1341839847.173932 0.00534624642011269 -0.0539183768905944 0.0616798896168942 -0.0123845768072055 -0.0129341730068662 -0.0286159430500387 0.999430066202379
1341839847.341841 -0.00659844987327787 -0.0893457006970196 0.0814231009264052 -0.0183548781449496 -0.0101702349081205 -0.0283937511338472 0.999376535479369
1341839847.773869 -0.0115676169047122 -0.122316412557171 0.119547859945579 -0.0175814011983625 0.000483958130847738 -0.0273253212238867 0.999471853999122
1341839847.977961 -0.0111596951452682 -0.150099614243146 0.141576158157641 -0.0266059990203142 0.000759592310281722 -0.0309778959174333 0.99916560879575
1341839848.177941 -0.0101037294465557 -0.182979270099719 0.167747567525126 -0.0339954806868285 -0.00476045271949982 -0.027481261005184 0.999032745047099
1341839848.446051 0.0107886377196978 -0.214418661853214 0.195901854644326 -0.0298347711202428 -0.0106661168148066 -0.0232107357104772 0.999228393377647
1341839848.681939 0.0244957951769246 -0.247046367413924 0.221791997505045 -0.0352994078357368 0.0014347173321258 -0.0342694104852141 0.998788015996197
1341839848.949897 0.005886716554575 -0.264807669882665 0.262266471261036 -0.0432566246150629 -0.00315314672846489 -0.0415199697761348 0.998195879676133
1341839849.217924 0.0202768958683957 -0.285014062089308 0.292133982526622 -0.0530673574868008 -0.0168803225419013 -0.0413612372537753 0.99759117795472
1341839849.385901 0.0248357989124112 -0.311646633545667 0.312879831561332 -0.0577009344447739 -0.00987605731064103 -0.0349419771789667 0.997673355305744
1341839849.554305 0.0131786658264323 -0.34056638689711 0.334170056898159 -0.0526146956546525 -0.00066985900408488 -0.0225787454637798 0.998359376849521
1341839849.686025 0.0294236287724993 -0.370104088417413 0.339134926462903 -0.0445297494092072 -0.00271699126262367 -0.0141010876840852 0.998904839662997
1341839849.921991 0.0351983167166027 -0.399000055979717 0.360667037649994 -0.0317924062155442 -0.00212873444960568 0.00564554655447306 0.999476282460354
1341839850.189806 0.0417644530923884 -0.42773007749831 0.390512746834723 -0.0364955371055678 -0.00129285540075618 0.0121054323783495 0.99925965734799
1341839850.490219 0.0442816922985426 -0.46368244263147 0.420104809085457 -0.0397686394522095 0.00289643589180112 0.00944066278160397 0.99916011722921
1341839850.689870 0.0610141871029887 -0.487563996488164 0.437554153986636 -0.034637784929366 -0.00367364631995569 0.00438982124242784 0.999383538811483
1341839850.857996 0.0756799643240618 -0.507216708534592 0.45003964141932 -0.0280171231060195 -0.015372861110269 0.00354318250245922 0.999482947234169
1341839851.025938 0.0623586873431158 -0.537210893162459 0.469316058049156 -0.024022574769746 -0.0114850645928897 0.00403580462190165 0.999637294959418
1341839851.333106 0.0816257687942816 -0.573068770360455 0.49886059684993 -0.0235034059965051 -0.00145185628330247 0.000283702016017637 0.999722662308434
1341839851.636933 0.0823732808134831 -0.603044006545228 0.531315608566002 -0.0271089139456645 -0.000946425545850313 0.00030162264886438 0.999631992328752
1341839851.837032 0.09437243104895 -0.630296529360584 0.550663417332215 -0.0260689030060497 -0.00664584911857762 0.00191956850470075 0.99963621395101
1341839852.036887 0.0873369245371476 -0.656021906406535 0.573738047334295 -0.0249532537799278 0.00128004096814126 0.00551534989841363 0.99967258516797
1341839852.204924 0.0880693580663114 -0.685053213999691 0.591923378574679 -0.0215156181953394 -0.00022733667659886 0.010186759047089 0.999716588054747
1341839852.402082 0.106476615503152 -0.728630531771291 0.609596614148493 -0.0231029200104234 -0.00653947061593956 0.013613695491894 0.999619006274945
1341839852.737942 0.082865292241791 -0.746497967137106 0.645598949436721 -0.0150687100265977 0.00560918336500534 0.019784659546168 0.999674966319931
1341839852.937980 0.0929447613008691 -0.77249491210208 0.666502824506112 -0.0251781813930115 -0.00866966839052135 0.0178357647634541 0.99948625879851
1341839853.237899 0.0981703419802085 -0.799538637756644 0.696315032221153 -0.0240176497455163 0.00119001690356109 0.0160214544865936 0.999582437499081
1341839853.405851 0.0950472212174165 -0.820456227637079 0.715552749657553 -0.0207017482960509 -0.00294432427134495 0.0162996039033103 0.999648483960571
1341839853.542097 0.105057643874295 -0.851554515821879 0.729098756662642 -0.0221130161192353 -0.00783676495164855 0.0143272915474148 0.999622092768121
1341839853.774203 0.121045889196814 -0.888167604375679 0.749502138764803 -0.019803735669288 -0.0133200350798912 0.0112620312809323 0.999651717034707
1341839854.049528 0.111531986385183 -0.89243757201598 0.775661722887331 -0.0143840911512707 -0.00677760660836097 0.0105274107981698 0.999818151261669
1341839854.148886 0.138021537783514 -0.926221497761807 0.786244623312649 -0.0264584131043746 -0.0152318616594572 0.0137812380051036 0.999438852679558
1341839854.248759 0.116609421024473 -0.909754261419295 0.795256523819925 -0.0230175685350646 -0.00316859372944164 0.010515744589513 0.999674732434625
1341839854.352954 0.144759701538751 -0.94369279550999 0.80498596695334 -0.0352415824200297 -0.0099796373802751 0.0150361043144287 0.999215869206117
1341839854.452925 0.113537010500408 -0.920525711537846 0.810390507268953 -0.0255922509368849 0.00683437056503895 0.0115810313897916 0.999582016536368
1341839854.553347 0.131605350686094 -0.939935162273838 0.819360407399411 -0.0277110675838237 -0.00633079138325521 0.0162264059117147 0.99946421725093
1341839854.713930 0.131572190271348 -0.965827498980585 0.837864362454715 -0.0292647261355235 -0.000362803504209768 0.0212598683398232 0.999345516913947
1341839854.845894 0.144996246293605 -0.997268036680355 0.856653556195856 -0.0351498963676217 0.00390751467727092 0.027654315907614 0.998991719147899
1341839855.050129 0.128966576654942 -0.996876543830973 0.86723532472644 -0.0203596538204474 0.0124213297971641 0.0341675798047913 0.999131508637709
1341839855.150030 0.150468990871982 -1.03686706485339 0.883104099999546 -0.0249868690875422 0.00274114676920885 0.0382135521679959 0.998953385758463
1341839855.281992 0.113326265800651 -1.04051327446747 0.885814648220313 -0.0126440818302002 0.0173907071539058 0.0371948015128759 0.9990766923714
1341839855.381947 0.138243111694695 -1.05436759830666 0.896377767394117 -0.0142421089194699 0.0147557254794575 0.027668163410437 0.999406775858856
1341839855.449975 0.120084344352837 -1.05621110299001 0.901763745411543 -0.0122652816653986 0.0134997800219729 0.0270595626233424 0.999467407610504
1341839855.549932 0.14005438449692 -1.07029706605225 0.917229696207601 -0.0153989142671282 0.00423568104692153 0.0270919940934642 0.999505355814316
1341839855.885819 0.13228554854143 -1.08069212515532 0.94654628750873 -0.0300626345653155 -0.0108659908699731 0.0229294287935922 0.999225905158891
1341839855.985984 0.1145632995523 -1.08575006175717 0.954533508278571 -0.0319146960225337 -0.00160968216142478 0.0147016775272674 0.999381169413859
1341839856.086616 0.122918006926496 -1.09775874955436 0.965014090166092 -0.0367692232317457 -0.00801604925227787 0.0107055642935975 0.999234285876178
1341839856.289840 0.128195892480834 -1.12400724723641 0.988974236406273 -0.0475713656742109 -0.0180158113948784 0.00284485476971139 0.998701307953992
1341839856.422082 0.121579437679565 -1.15029343745654 1.00160524368513 -0.0499845252721634 -0.0202735877206056 -0.0040934911202039 0.998535814182296
1341839856.757992 0.110595447657817 -1.16955382311743 1.03119024196865 -0.0537155292056202 -0.0194143491938069 -0.0228255732500273 0.998106566541544
1341839856.958224 0.120456774144206 -1.18950241993934 1.05377094964915 -0.0582140509923492 -0.0239025596121696 -0.0241132542876353 0.997726587236557
1341839857.193984 0.12510288799904 -1.21208014756814 1.07931378998931 -0.0678179655683067 -0.0309890137730464 -0.0277976307059716 0.996828819957913
1341839857.429949 0.120314947074941 -1.23320132405703 1.10142041444646 -0.0744829120260518 -0.0265727521083276 -0.0287354160805464 0.996453943001977
1341839857.661962 0.129024856244615 -1.2519289814437 1.12117505919703 -0.0649378315758548 -0.0259047424773899 -0.0240942059408408 0.997261997464802
1341839857.829963 0.133939517546059 -1.26304297891783 1.13307906006852 -0.0501336625658536 -0.0136789887578235 -0.0169033113115039 0.998505773248709
1341839857.929959 0.124764033091952 -1.31629937071742 1.15754803064937 -0.0696577258417296 -0.0146650014576021 -0.00869602076740084 0.997425244409635
1341839858.097903 0.143154503747969 -1.3025925829498 1.16358423125378 -0.0443383037862551 -0.0104272124011588 -0.00632880927317405 0.998942107547821
1341839858.165977 0.120413403835536 -1.3728969993364 1.18170259866125 -0.071200356220366 -4.29648280861879e-05 -0.00178019493994095 0.997460444495967
1341839858.233911 0.147404650896314 -1.38902775665097 1.18686049780963 -0.0694575925521871 -0.0128753371310349 -0.00181928427813073 0.99750015475454
1341839858.297894 0.131253965374617 -1.39371642942698 1.19790462778187 -0.0668082905610461 0.000152229707059967 0.00110536246639715 0.99776520650514
1341839858.433884 0.176377611374671 -1.41677422697084 1.2078237451362 -0.0611188868227712 -0.0233752562211854 0.0085739492866625 0.997819906828767
1341839858.501898 0.142149461198368 -1.40088478048205 1.20834209219305 -0.0520569988094899 0.00127187584880525 0.0087824625225245 0.998604686329287
