1341839327.392692 0.000176665322442972 -5.35693481216084e-05 -0.000200044063822376 -6.18363431877365e-05 3.49368589507163e-05 0.000118997511384117 0.999999990397637
1341839327.660734 -0.00418984905858977 -0.00257842974967257 -0.00139150768478741 -0.000469197779753794 0.00195285762415619 -0.000616704926095329 0.999997792935353
1341839327.692726 -0.00735759632138535 0.00737396228776763 -0.00561923492324075 0.00179561693811912 0.00227411862907048 -0.00159071921047525 0.99999453686341
1341839329.697644 -0.0245041861430148 -0.00321128283035825 -0.00664249582073978 -0.0132249867277415 0.0325272626207988 0.00132195825020899 0.999382474000236
1341839329.965703 -0.0678624365793503 -0.00159011237840247 -0.0210700362467901 -0.00575453792818701 0.0441226024632268 0.00113941695451975 0.999008900347794
1341839330.101720 -0.102775059740826 -0.00298797707095033 -0.0342319862207602 -0.00763956411355617 0.0484033017172753 0.00250071547631547 0.998795526554423
1341839330.301821 -0.153572549822012 -0.00610312580879085 -0.0422743114746887 -0.00579149260171035 0.0516555926701889 0.0102136163013758 0.998595934500729
1341839330.501951 -0.187289546744997 -0.0229485983289868 -0.0391598032357792 -0.00992477666821972 0.0559063158508197 0.0100852231249179 0.998335750602269
1341839330.637700 -0.226158288118209 -0.0286325345702012 -0.0372723489671692 -0.00922543641604296 0.0579612483487225 0.0148204632571284 0.998166188007606
1341839330.869617 -0.265587842958516 -0.0265849628831189 -0.0234540963712748 -0.00834693427208082 0.0521315707954306 0.000517748325041711 0.998605207252261
1341839331.073681 -0.28154717106329 -0.0580388023523905 -0.000741722889975037 -0.0173570864025235 0.0482075759397968 0.00152658356942782 0.998685351207391
1341839331.305627 -0.32069694448237 -0.0542377918588212 -0.00123238840031741 -0.0130694794602684 0.057831548893734 -0.00589990729023226 0.998223367665352
1341839331.473794 -0.338039766999117 -0.0841394534441832 0.0113499962722868 -0.020728006565283 0.0515352085310528 -0.009688691520013 0.998409035056334
1341839331.673616 -0.377227737209688 -0.0809370004539327 0.0103050910201401 -0.0167607393483828 0.0536490937612056 -0.00644250825808525 0.998398390644958
1341839331.877680 -0.4004305937867 -0.109162975455288 0.0211645938809088 -0.0239372763645082 0.0511657560770759 0.00685929699705816 0.99837969843643
1341839332.116871 -0.443359671273837 -0.118657265975134 0.0191560798277239 -0.0188195242468845 0.0404387309834246 0.0025146383562628 0.999001607174637
1341839332.420694 -0.497672108698261 -0.11716428742428 0.014477959175547 -0.0180097770413103 0.0328249597645429 -0.00533556313740279 0.999284594954503
1341839332.688723 -0.533088505130305 -0.136849820074554 0.0215826987080016 -0.0229727042129599 0.0341323560867232 0.00309515945590369 0.999148466003454
1341839332.820842 -0.573167451136691 -0.133221573174149 0.0174583300602837 -0.0207050675430471 0.0398679574484234 0.00410519583727741 0.99898197857322
1341839333.020623 -0.615133444419738 -0.146067666853197 0.0177775716915972 -0.0172590608358274 0.04370050878354 0.00894058260730965 0.99885557331066
1341839333.220616 -0.662089999664835 -0.163930071297447 0.0178487790842168 -0.0228893745125796 0.0456009136278618 0.0139885487649919 0.998599496151574
1341839333.356732 -0.693355918002154 -0.180715539697248 0.0229332227076142 -0.022534034998317 0.0460329017643248 0.0154539575356684 0.998566154252354
1341839333.588625 -0.74146619868608 -0.205628247028225 0.0143488337187835 -0.0208191637810186 0.0499479240398313 0.023293998299186 0.99826307001051
1341839333.824592 -0.789873640785245 -0.224874006208611 0.0072950242467998 -0.017771632211375 0.0535247428385827 0.0270219154968211 0.998042627884947
1341839333.992556 -0.829692346643237 -0.205357517484611 -0.00252895213645013 -0.0160161175825178 0.0585004884165668 0.0312836731777668 0.997668536451417
1341839334.160667 -0.854737498523788 -0.227477180974355 0.0102490114696356 -0.0243791127507468 0.0652280556111649 0.0337591755651591 0.997001142270075
1341839334.421707 -0.902830564271545 -0.228920147594406 0.00656122904736224 -0.0201592943858423 0.0778397271720381 0.0394742568592528 0.995980101592927
1341839334.525784 -0.920564049672029 -0.247726300002674 0.016626337974132 -0.0269248696443437 0.0908555262295428 0.0488149106362636 0.994302483778333
1341839334.826159 -0.967556318269129 -0.253345590826712 0.0217028156242933 -0.0313918477797078 0.1170184948552 0.056436913759985 0.991027799065217
1341839335.025708 -1.0015715121223 -0.277147837111707 0.0296564589771111 -0.0362251378037231 0.134915597647309 0.0681130781957281 0.987849244308702
1341839335.229620 -1.03925107132484 -0.283484571918809 0.0408509936164084 -0.0315365601645058 0.151268218164973 0.0744371208062586 0.985181448562781
1341839335.461748 -1.07916024997249 -0.302428770070612 0.0533551223088569 -0.0338847112460214 0.173668973927946 0.0912374835766575 0.979982977111943
1341839335.698267 -1.1075057379576 -0.309951837996334 0.07143089203365 -0.0403391596350441 0.19888710916709 0.112080056472999 0.972756254643529
1341839335.929801 -1.13531439858138 -0.32648763330755 0.0920684946200525 -0.0404134050326137 0.222802856867876 0.128326311027687 0.965535085619993
1341839336.165684 -1.17767182951232 -0.344837061546273 0.111584873676385 -0.0418693986832971 0.240671980733268 0.136395719288727 0.960062580722494
1341839336.469753 -1.21625473951539 -0.357288297848957 0.138205838414388 -0.0355066046010676 0.259152304571147 0.147899457318915 0.953784626941501
1341839336.601813 -1.24904606909025 -0.403037209178148 0.146411892758274 -0.0439174156035963 0.279216201717328 0.179156687917529 0.942344127418254
1341839336.737703 -1.30949530724716 -0.371097455856801 0.151015734107165 -0.0337033227565883 0.28956495762014 0.17890570885614 0.939685569056104
1341839336.901648 -1.36543394227001 -0.381288220128351 0.158489674024339 -0.041418438748531 0.301749924088922 0.177231119670463 0.935852887191314
1341839337.037737 -1.41405584493582 -0.38480113164507 0.16924094097252 -0.0409637021605272 0.30924528032184 0.17867673764525 0.93314733838147
1341839337.337586 -1.44936205943828 -0.400108850287967 0.17771721698632 -0.046413910369525 0.334250133604924 0.195317691891063 0.920854818276827
1341839337.543918 -1.48928639025246 -0.404255066738022 0.187935070323027 -0.048193444550925 0.351502334676421 0.201263175657898 0.913026086562394
1341839337.741912 -1.50303399206335 -0.439933500750676 0.198525806923741 -0.0485671100483383 0.360850225169138 0.209424506527996 0.907507425249204
1341839337.909675 -1.55215366310741 -0.445967927906139 0.227598145542428 -0.0415368622934004 0.380194623575441 0.215717412343055 0.89843905485412
1341839338.141722 -1.5660223709102 -0.451661609951642 0.24878082721393 -0.0364884989535745 0.403712567097623 0.223925141242462 0.886308232913982
1341839338.309709 -1.54599755612927 -0.453378113387006 0.259122374069815 -0.0488396111198785 0.42999604437252 0.24225349209384 0.868349779626842
1341839338.445575 -1.54722717649492 -0.470703915769354 0.286626882081834 -0.0492890000176745 0.448207769963597 0.243538572936381 0.858702132822336
1341839338.578283 -1.55677175846154 -0.488664293045515 0.318018643181463 -0.048894556508159 0.474591737611324 0.273032453292264 0.83535937439173
1341839338.713893 -1.57763367307543 -0.493533335060593 0.34868733006478 -0.0498298484227803 0.495545968643228 0.28008721814852 0.820671876816448
1341839338.845877 -1.59115249763761 -0.509249570161887 0.379436194504116 -0.0502524896227381 0.506313825066152 0.278621532201458 0.814549593104871
1341839339.049615 -1.58031165072632 -0.531682093583037 0.405004650577965 -0.0556830964620797 0.523139068563321 0.286112617467532 0.800852344591044
1341839339.181651 -1.57610570769813 -0.562464999121976 0.440585644733454 -0.0577092294555497 0.545048773734324 0.314186407878214 0.775163453854051
1341839339.381716 -1.59130708356451 -0.581000642111073 0.487102267672888 -0.0492278418684348 0.558340401961655 0.311861335056685 0.767186498068713
1341839339.617734 -1.60319007236942 -0.603043839063651 0.53209516549882 -0.053549333749761 0.566037057324897 0.315350362532766 0.759795148339591
1341839339.885719 -1.61992998038313 -0.602789202407089 0.567589466172399 -0.0524784169625134 0.570662755658872 0.321407557960893 0.753848271698321
1341839340.085831 -1.61666765195165 -0.624350139337363 0.60814617766538 -0.0473328748511673 0.579757012678221 0.313104314567194 0.750737699471764
1341839340.189753 -1.58988117482588 -0.658265897781398 0.636157984855169 -0.0493803225918726 0.581498180784744 0.316989930385921 0.747622119468575
1341839340.457698 -1.57879281496173 -0.671942027879743 0.681447162921694 -0.0433021153387935 0.5790094601593 0.298626372884524 0.757426736569984
1341839340.589579 -1.60122120244706 -0.668753929535625 0.714558674581616 -0.0269308291419875 0.58144281465222 0.275975414848016 0.76487682284829
1341839340.757924 -1.6054071379209 -0.679352817573223 0.758211532289842 -0.0155139685250044 0.582329910151743 0.275165867503834 0.764810393420572
1341839340.893730 -1.60916401339209 -0.681401165981654 0.790484274955854 -0.0020267483216769 0.581552725275598 0.263390925618715 0.769686650733584
1341839341.125745 -1.61797512963876 -0.689598379808427 0.835949844565798 0.00557588027811478 0.58725934481432 0.250613157200349 0.769602765669052
1341839341.293674 -1.62022970767838 -0.700354316328967 0.876675457521357 0.0156451929048426 0.586241426683238 0.251513872375676 0.769946095244313
1341839341.461594 -1.611501817329 -0.723734821097179 0.905909900111079 0.0369890963935353 0.585221134631334 0.239708304412235 0.773749286994576
1341839341.729716 -1.60130738966852 -0.732058115935277 0.943530811766866 0.050709353509225 0.5748293288983 0.226659198945551 0.784618003641497
1341839341.929651 -1.57529583686716 -0.745303924650557 0.984714913626392 0.0553283397763965 0.564862978678694 0.21158806772501 0.795675235087921
1341839342.097737 -1.55194567758995 -0.751782406093177 1.03136444674863 0.0509487120660625 0.547226494903261 0.207963585425045 0.809134438243646
1341839342.334490 -1.51869076499979 -0.757825870816473 1.06638571453987 0.0553155612597553 0.531115083606755 0.195990562447906 0.822462556034779
1341839342.540751 -1.49718812573847 -0.764720953204682 1.09031635826688 0.0647428228441142 0.513597545600834 0.185364962956902 0.835263885578062
1341839342.801681 -1.47051790708139 -0.769426507365081 1.11254841740683 0.0581384935147119 0.489726714627312 0.169270954510037 0.853308270504535
1341839343.037568 -1.45270230101554 -0.77220767890997 1.13762182808963 0.0518907969543046 0.468812658143149 0.156643709825841 0.8677469590429
1341839343.237612 -1.44965573519083 -0.77742659996659 1.15508302665776 0.043966504490002 0.448213821232951 0.1504772073078 0.880072682804967
1341839343.437639 -1.44651659439452 -0.783233973673518 1.17396833691336 0.0390064739957245 0.423298831657458 0.144554929329231 0.89353257719597
1341839343.641726 -1.44694772400982 -0.787752320739004 1.19120622511876 0.0309486759729159 0.398684480363182 0.144220219976442 0.905148271126344
1341839343.909636 -1.45049141317394 -0.80314210653396 1.22009176903671 0.0236590794705962 0.378588494183031 0.143042970407046 0.914138779752811
1341839344.177686 -1.45232788480797 -0.810586509259243 1.22892202657339 0.0313820590369736 0.348672407988402 0.138255591219377 0.926459988221159
1341839344.510290 -1.45229917627673 -0.811377442266782 1.24750155452559 0.0319983344551424 0.324151542004539 0.126630434320694 0.936945365275868
1341839344.813709 -1.46309651542091 -0.82281373516534 1.27799896082953 0.0278560832469865 0.304339684547103 0.125812723786833 0.943807476961931
1341839345.113768 -1.45726639390341 -0.821944346675513 1.28167675095863 0.0310082602468063 0.278059300679534 0.118361628961849 0.952739228693546
1341839345.281827 -1.46003145167105 -0.824295132537764 1.28964838321683 0.0288446076093471 0.26483669289362 0.115974982731868 0.956859089986282
1341839345.620249 -1.48070483542607 -0.83365092953218 1.31271538346406 0.0315687943341861 0.245475615166355 0.106513594938097 0.963016089001813
1341839345.924817 -1.4874661279428 -0.828546239466074 1.30710441641881 0.0346861319021533 0.217893292104491 0.0996675075059039 0.970250366378232
1341839346.192680 -1.50151255073149 -0.833086420734445 1.31897562686113 0.0318821921783691 0.192413321846546 0.0950658972153262 0.976177808897807
1341839346.360711 -1.51357143038438 -0.840123022142098 1.33118162835189 0.0376498175018371 0.173447598699572 0.0845650717456753 0.980483131108373
1341839346.528703 -1.52608205100471 -0.842586059448821 1.32872994448436 0.0440561998912197 0.148493129024755 0.0801101243831087 0.984678226556729
1341839346.664637 -1.53657562403548 -0.846146878076381 1.32936232628801 0.0492977439104311 0.127678545843315 0.0700049959356389 0.988112960101591
1341839346.832738 -1.54577602863595 -0.844017442659473 1.31307010336285 0.0466073305869173 0.0970550480028647 0.0584425627873474 0.992467904391659
1341839347.032667 -1.56162420503402 -0.846758484542602 1.31422757232501 0.0306388010599303 0.078340982927754 0.0535071901913978 0.995018057555412
1341839347.200676 -1.58045000070547 -0.850150146275391 1.31713249480307 0.0306674983359485 0.0597006155235403 0.0463131792938983 0.996669669687814
1341839347.332783 -1.58584901337892 -0.851347641451519 1.31795619000999 0.0328826278794247 0.0430960915502289 0.0417521479224464 0.9976563625922
1341839347.500724 -1.5949794836442 -0.849965091969066 1.30204144430389 0.033237031668622 0.0187575862463562 0.0409859260296339 0.998430571723223
1341839347.668741 -1.61102543415433 -0.853236757114054 1.31554165962555 0.0353768883856337 0.0110208491564574 0.0399137816037737 0.998515851997407
1341839347.897870 -1.63449695278938 -0.856242179332877 1.31971002601062 0.0339788782162841 -0.0087631629645238 0.0355480197043653 0.998751711440395
1341839348.168640 -1.65330799762178 -0.855625039463698 1.31113782586489 0.0318780535080108 -0.0307017940592868 0.0339075172372719 0.998444525159453
1341839348.465810 -1.66839173817655 -0.855104936441813 1.30626389468498 0.0305693025823357 -0.0476771450002458 0.035844925696475 0.997751245995749
1341839348.733880 -1.71488651480852 -0.862164712104803 1.32614874428784 0.0269969623875741 -0.0444142664148898 0.0341963166926667 0.998062697872897
1341839348.901723 -1.69438350117714 -0.854577428669565 1.28808684772403 0.0270142086605615 -0.0710403720819094 0.039187534215169 0.996337209596752
1341839349.269840 -1.72879889223666 -0.856014345911861 1.28864727243742 0.0226565131011802 -0.0683169684996877 0.0419193483838333 0.996525083708475
1341839350.009717 -1.74625083707938 -0.85180436564282 1.28478699868765 0.018130517647156 -0.0460808730823251 0.0518825499063945 0.997424703163616
1341839350.209540 -1.76025591865209 -0.848379588459786 1.26826280121798 0.0129638629965763 -0.0394908013514777 0.0530961246939345 0.99772401815698
1341839350.409741 -1.77978850054131 -0.85020029703339 1.27336601095066 0.00866093079867478 -0.0176297201633772 0.0581183982312523 0.998116442621649
1341839350.509690 -1.82032019424605 -0.847287744188319 1.25874407040288 0.00805486332106598 0.0108823255270784 0.0609490968143873 0.998049047775465
1341839350.645797 -1.82053173873036 -0.846860923470546 1.25396774102066 0.00601785997263684 0.0303783155126222 0.06807531713139 0.997199425644352
1341839350.814622 -1.84102447547945 -0.844202972179535 1.22390282233625 0.00246387633954284 0.0551638905640413 0.0838823587935316 0.994944533315529
1341839351.013674 -1.86813811642736 -0.84288499737024 1.22561552584467 0.00346382104025285 0.0788694119978952 0.0891448054109856 0.992885099829353
1341839351.213695 -1.94232851796429 -0.85533504041847 1.23950136991044 0.00548372192029298 0.10250072868369 0.0964540025655515 0.990030380747125
1341839351.449725 -1.93903948071449 -0.858856792136943 1.23846923484979 0.000927794013343946 0.0882216940717135 0.106359353805541 0.990405856076918
1341839351.581689 -1.97781232266859 -0.856632011312478 1.245020205348 -0.0013645587105417 0.100283159364058 0.108317686475559 0.989044339109259
1341839351.717596 -2.0174833671515 -0.853772809087645 1.27887271923242 -0.0100972165022528 0.128340551202945 0.116849152805215 0.984770544149516
1341839351.985658 -2.0368554491632 -0.856445038252056 1.29076160088515 -0.012541409537206 0.148221760953583 0.138262424416605 0.979161133124207
1341839352.185652 -2.06437701105472 -0.869412548932673 1.31405378416961 -0.0192161621828722 0.160195675025187 0.141169775892879 0.976749291880235
1341839352.421731 -2.10070285155239 -0.888196942515528 1.34673868215916 -0.0196497283682296 0.178259099439264 0.147956422628111 0.972597799013163
1341839352.721646 -2.13517725959459 -0.907144431468515 1.35345394310638 -0.0187170135290583 0.193953375546599 0.152169117303965 0.968956305133294
1341839353.057719 -2.16454718285472 -0.924477550830366 1.37052873243215 -0.0235627206553967 0.212837514613899 0.163100987710116 0.963090368748581
1341839353.296780 -2.18888876954897 -0.929612166596777 1.38395129058732 -0.0303355899997406 0.227165921315579 0.168048541731831 0.958767481610644
1341839353.432721 -2.20958324443629 -0.930442048474351 1.40353030130548 -0.0289560629059896 0.24762954523504 0.17820119441255 0.95188522893131
1341839353.636924 -2.23749819153842 -0.951913383246103 1.40719680985909 -0.0276085441123926 0.265362959203686 0.191213677855901 0.944593879704647
1341839353.794339 -2.28858913196125 -0.968275570233951 1.42175987419068 -0.026242049123863 0.27997100321863 0.19300944896242 0.940039863423758
1341839353.961728 -2.32380894272881 -0.976796333506342 1.42550610583099 -0.0255756743357034 0.290399584855556 0.194977057816848 0.936481667158028
1341839354.165742 -2.37062635253998 -0.991611366925082 1.43082532920696 -0.0268242395452345 0.307497215211255 0.200114751397655 0.929881717791676
1341839354.397620 -2.41139691155788 -1.00569630611641 1.4535874720104 -0.0206338002588304 0.323894294795604 0.213522627373497 0.921452559649848
1341839354.701714 -2.44840918539764 -1.03042707411076 1.46615035178063 -0.0214621026321468 0.33291800345727 0.213644987661954 0.918183424143322
1341839354.933716 -2.48777215683947 -1.03478259137224 1.5061216508556 -0.0223237403438336 0.349442512096079 0.222538038985454 0.909872739761749
1341839355.137531 -2.50355197274077 -1.03475240232063 1.54642455045357 -0.024681404510568 0.369084528134885 0.229271023772372 0.900334513956454
1341839355.301616 -2.48179927504625 -1.06245908037243 1.55795038375159 -0.034325906396258 0.37921069517405 0.25148788870819 0.889817297341868
1341839355.437629 -2.52025320697595 -1.05404185756981 1.58549065190429 -0.0317135341184051 0.407452208066212 0.248999417257994 0.878052526960016
1341839355.673784 -2.51087731026352 -1.0757698788534 1.59937032541945 -0.0430075799724498 0.419818828899284 0.258413699332497 0.868979205138903
1341839355.876285 -2.5520706168823 -1.08813921768141 1.64107094285875 -0.0412654896918421 0.440091189293274 0.258238169133412 0.859028493397947
1341839356.109615 -2.5349060726806 -1.12357571563882 1.65515535644502 -0.0488719401677969 0.439788773044709 0.270242622849142 0.855082623705851
1341839356.377564 -2.55627545638684 -1.12921900936542 1.69205340958008 -0.0436357933700279 0.453567894250288 0.278396357490825 0.845498403888599
1341839356.577608 -2.56755273922211 -1.1431659260292 1.71121169389665 -0.0518248453935846 0.468155383395384 0.285298704396075 0.834715144026855
1341839356.745847 -2.58023803218286 -1.14865138147074 1.73822075165531 -0.052988729895534 0.483334339751339 0.285907871913674 0.825734097212287
1341839356.913747 -2.60359603856912 -1.15614239839635 1.76609108399284 -0.0484249446524719 0.499841342593032 0.290327587333896 0.814569548291047
1341839357.046107 -2.62978005559339 -1.17440610638703 1.79172564126801 -0.0421459386808266 0.51954712164209 0.293776236871687 0.801242803958726
1341839357.349654 -2.68311080230146 -1.20496426516266 1.84536909457246 -0.044719695612133 0.536435225166247 0.302863037538559 0.786454943730481
1341839357.481703 -2.70543836142833 -1.21407723387684 1.87374750526582 -0.0399092379243878 0.547556521529707 0.303924979741721 0.778600484939212
1341839357.617637 -2.72197020096909 -1.23407885334957 1.8976139944761 -0.0427539781754982 0.556514365799362 0.305673501141791 0.771380300959794
1341839357.781624 -2.72276741878892 -1.25955941749326 1.92249167911116 -0.0515955696486204 0.552519963480518 0.312980449543078 0.770780659689859
1341839357.949667 -2.73544255569797 -1.26357353795789 1.96061711411006 -0.0474092617463829 0.559026469523871 0.305951495499686 0.76917842577249
1341839358.185801 -2.73976459290788 -1.27805894307825 2.00041521275966 -0.0550422199122728 0.561665169598002 0.305792835309279 0.766807233378173
1341839358.385678 -2.7383620955561 -1.29084272371524 2.0378103192489 -0.0644602522405078 0.562884502486665 0.308470424734495 0.764102028400363
1341839358.521878 -2.73995684807982 -1.29615154573204 2.08595372545758 -0.0573165789365865 0.569891954268887 0.305067042244643 0.760836427870472
1341839358.721862 -2.74043075927939 -1.31930548132926 2.12058051236238 -0.0592570935439145 0.575881215068852 0.313689477233351 0.752627620320048
1341839358.921673 -2.75418653407553 -1.34728576667702 2.15589855640637 -0.057980134114374 0.573131046907465 0.316891047020538 0.753484685602209
1341839359.089826 -2.76024967630197 -1.35609468794352 2.19273164922379 -0.0599367915493961 0.575626291753748 0.319649793132022 0.7502572645508
1341839359.289681 -2.75779127118667 -1.37156867383584 2.23076874359914 -0.0629603822913683 0.578044643929014 0.321690711120729 0.747272016246657
1341839359.493829 -2.75844817755702 -1.38543529365001 2.26372996111981 -0.0661440481749954 0.572231813453506 0.32026535472506 0.752067695839655
1341839359.694301 -2.76694975905634 -1.40377105468848 2.30406020778845 -0.0619621987478907 0.571457503993111 0.319015883029208 0.753542217418099
1341839359.893777 -2.76535279929362 -1.41818205643965 2.34246128647288 -0.0632810531754982 0.573486227250544 0.318340179999271 0.752175900478717
1341839360.029709 -2.76649508668641 -1.43368081845021 2.3726870914152 -0.0611875614115449 0.575216015588136 0.316177001978416 0.751940636725639
1341839360.337161 -2.79466540075047 -1.47116729440213 2.44151662644234 -0.056946202832864 0.576863219536636 0.326623414228768 0.746527361324613
1341839360.498243 -2.80371797720645 -1.48575308687345 2.47580963207765 -0.0571866057012974 0.576977140888523 0.324630389729353 0.747289890928974
1341839360.633615 -2.80905615388898 -1.50991927979727 2.51146285794511 -0.0547362830987244 0.580558038085147 0.324632581444976 0.744694562080074
1341839360.765779 -2.81321780239795 -1.53308757976601 2.55111010052241 -0.0504244028659169 0.583413066313896 0.319394245109902 0.74503281125096
1341839360.901694 -2.81889639217451 -1.55295302087829 2.584289327788 -0.0437179718855926 0.585373540514235 0.318225253698403 0.744418729552546
1341839361.102289 -2.82620493047923 -1.57445144862573 2.63201054265442 -0.0385164894819076 0.586549081399568 0.317220766406675 0.744209406355278
1341839361.437714 -2.82821182267041 -1.60275404713281 2.69514907430102 -0.0344661269389906 0.583315492562702 0.316774641418443 0.747133822540764
1341839361.637785 -2.83193274709787 -1.61793535382006 2.72900640566147 -0.0392629938724385 0.580060206699221 0.315470660471661 0.749977890539317
1341839361.773788 -2.82985049202254 -1.61819532647174 2.75564704546268 -0.0330683949303429 0.586253964088028 0.320064441920108 0.743486061648888
1341839362.141801 -2.83566204447638 -1.66235181712662 2.80240029842249 -0.0289510608358525 0.580924609654835 0.310774014884588 0.75173661986521
1341839362.342256 -2.83728779356357 -1.67415054737801 2.83901626474895 -0.0283567623621101 0.579078772426737 0.309534510625236 0.753692282092021
1341839362.509593 -2.84051229553785 -1.68382855991626 2.87484661414387 -0.0294631791723974 0.579524960176365 0.306596566857389 0.754507313945266
