1341846313.553992 -4.77471135096621e-06 7.43487493304063e-06 -3.76760553263668e-05 1.28002974849493e-05 1.49320978832996e-05 -5.25847002081648e-05 0.999999998424017
1341846313.822075 -0.00457767079938506 0.0106858157333289 0.00638873064047159 -0.0145413433058646 0.0107301100560213 -0.00935217195604198 0.999792954042361
1341846313.853928 -0.00451204880270305 0.0113826480028905 0.00580726451801258 -0.0129335338925185 0.00809999152660127 -0.00784903231396848 0.99985274242263
1341846313.990058 -0.00554513024966795 0.0167009633827629 0.00722526416957926 -0.0152003699941052 0.000702991813233989 -0.00714933273583656 0.999858660809609
1341846314.122037 -0.00738876068584445 0.0259243172458426 0.0102987441316642 0.00621753341702571 -0.00637557700940314 -0.0155802030355371 0.999838962818202
1341846314.257923 -0.00900421261520443 0.0307382020510232 0.0125458443845485 0.0399735823126727 -0.0125181975717101 -0.00236295110733729 0.999119524335658
1341846314.526085 -0.0120597781143172 0.0407198005830938 0.0177879096056719 0.0696658675030031 -0.0216089727946348 0.00829667082831234 0.997301802090511
1341846314.994564 -0.0196148910394248 0.0458006875808975 0.0241317478212384 0.0493818674080144 -0.0195157159263311 0.0099583573445615 0.998539633225531
1341846315.429923 -0.0178523613597429 0.0607060919982511 0.0287156206030006 0.0756102891412866 -0.0195232027945458 0.0108627777243316 0.99688711938149
1341846316.202049 -0.0137813767745247 0.0474144493763295 0.0224945789975554 0.0535157644404049 -0.0289981780465172 -0.0175190451609084 0.997992110030431
1341846316.438069 -0.0132355709794744 0.0323778831878834 0.0156203761902981 0.0305871390969618 -0.0444024404158612 -0.0186970872425841 0.998370306617551
1341846316.805932 -0.00979426320940506 0.0210226385895143 0.0104090163849842 0.00809433689076007 -0.0604755773551166 -0.0165522803875577 0.99799960334052
1341846317.073972 -0.0165054251518316 0.017961674431775 0.0113771001876423 0.00877841259948503 -0.0349429398358319 0.00509477371621553 0.999337767578432
1341846317.373974 -0.00757334999966298 0.00739482674205925 0.00870876826948034 0.0263160831881084 -0.0150146360942929 0.0121637107212134 0.99946689220308
1341846317.741834 -0.00684086278466143 -0.00858925727017652 0.00453452502838674 0.0414178936686345 -0.00811611615067351 0.0392762997876313 0.998336646135799
1341846318.178001 -0.00463947123803334 -0.0274534577424367 -0.00147493786240153 0.0144238643218521 -0.00133730917561839 0.050430942246122 0.998622493140607
1341846318.382046 -0.00349426133699844 -0.0360010944657219 -0.00450842597850037 -0.0123872519912861 0.0130413269181553 0.0412483441124246 0.998987013873705
1341846318.546259 -0.00164813263913224 -0.0418313780130048 -0.00421059076932458 -0.0407724565176168 0.0172172546596627 0.0349088168867766 0.99841000968293
1341846318.883516 -0.00493940422468006 -0.0576349186788231 -0.00657003604449435 -0.0556861698812451 0.0295457677798695 0.024611202491408 0.99770756577375
1341846318.918047 -0.0150761770733701 -0.0613806453032654 -0.0126314402012218 -0.0561025177250159 0.0439365527602821 0.0165868980394784 0.997319889328336
1341846319.018123 -0.019388870276382 -0.0620282137612925 -0.0156642641616284 -0.0619227875860138 0.0619241770204609 0.00919091926709106 0.996115701954819
1341846319.186069 -0.0205665464327996 -0.059344309533762 -0.0143815862273274 -0.0896344821254444 0.0544931088101306 0.0207612120036527 0.994266127745711
1341846319.418386 -0.0275319511676059 -0.0577369221766013 -0.0256448391163733 -0.113516151150718 0.0422324508932587 0.0317396879884774 0.992130584008915
1341846319.622031 -0.0282340039674134 -0.0567793822597274 -0.0278561422738561 -0.151234625124011 0.0430253546338022 0.0259384598210188 0.987220392477966
1341846319.990054 -0.0274965580853505 -0.0609814418615497 -0.0286696448690754 -0.132120618713661 0.034102578622638 0.0269789998041577 0.990279399872366
1341846320.122011 -0.0277466909834636 -0.0607986146692342 -0.0256814211685592 -0.0996158489066349 0.0337464667775054 0.0154145275225504 0.994334074125946
1341846320.221941 -0.0265145426535832 -0.0602636538681118 -0.022055157041694 -0.0784439777540091 0.0306240893453113 0.0170023466993705 0.996302979877413
1341846320.357890 -0.026857692356428 -0.0597980208774488 -0.0189160905046757 -0.0462413156444058 0.0138616884817947 0.0109762031800817 0.998773806867029
1341846320.631955 -0.0268768918419885 -0.0598636988775036 -0.0180954518733234 -0.0160656752560659 -0.00232850250886143 0.0150474156187833 0.999754993704872
1341846321.031860 -0.0271249194794395 -0.060177014917118 -0.0186952867659098 0.00460977682693957 -0.0143122641860011 0.00285577314459177 0.999882869945887
1341846321.736861 -0.0267002416673157 -0.0605057776125269 -0.0190341302738089 0.0267537875900426 -0.024030303824499 0.00813155963778824 0.999320097409007
1341846322.333949 -0.0266554355748913 -0.0604054059100043 -0.0190170233417082 -0.0088093482848353 -0.0394338335400965 0.0101572105783554 0.999131722661429
1341846322.738006 -0.0263658020073601 -0.0602715421591713 -0.0192215166215394 -0.0175849827471349 -0.0772930704208333 0.0163338457856761 0.99671949671337
1341846322.970069 -0.0266892137895978 -0.0603077024230185 -0.0186314968175443 -0.00318849648346585 -0.0573585532696193 0.0130623032562447 0.998263094625176
1341846323.342027 -0.0266957970010023 -0.0605810458282534 -0.0184739504790412 0.000648274556313068 -0.0298942750342999 0.0114943244963065 0.999486764577024
1341846323.573913 -0.0271307567820606 -0.060842735420318 -0.0173514164194799 0.00780701566382049 -0.00603103015776719 0.0100734493780274 0.999900596459113
1341846323.978055 -0.0279983505806256 -0.0611530606918817 -0.0149741553529052 0.0186306053545383 0.00742668453349801 0.00677871920909381 0.999775871816703
1341846324.319880 -0.0276161868932488 -0.0611162333457123 -0.0129499069092707 0.000692773725183412 0.000819257910639639 0.0267159312642671 0.999642490042177
1341846324.655955 -0.0279306179894898 -0.0614699295493164 -0.0111936476394548 -0.021150191325971 0.0171336393099246 0.0183206402292709 0.99946158603143
1341846325.118531 -0.0267169769747668 -0.0613387274221851 -0.01050925289023 -0.0455915245807851 0.0184702316204476 0.0184395471423623 0.998619169919881
1341846325.717857 -0.0271805283940495 -0.0616899707965262 -0.0114912361514249 -0.0262299802548055 0.0231903481274515 0.0182252739683758 0.999220713995831
1341846326.627027 -0.0287552543161862 -0.0625788664019769 -0.0167784367778393 -0.0410007375150768 -0.0062300916555529 0.0090758816353661 0.999098470549187
1341846326.958888 -0.0286851674002087 -0.0627984648183396 -0.0190548072720022 -0.0315153904771873 -0.0174501693810245 0.00595619662805886 0.999333175409168
1341846327.294023 -0.0288407540756516 -0.0627150321267207 -0.0213166916186597 -0.0151450214389926 -0.00458997238925004 0.00534025798509013 0.999860511333322
1341846327.898010 -0.0296975500038783 -0.0630870639663038 -0.0251899792854388 -0.0226542597627517 -0.0125805531026442 0.00585546217074929 0.999647051594212
1341846328.433920 -0.0302178752712267 -0.0630128412924535 -0.0278151154981086 -0.0114004993075069 -0.0273386986745117 0.0202136559330414 0.999356809294931
1341846329.748113 -0.0300994677097581 -0.0624794841872098 -0.0280332266074463 -0.0444962923370744 -0.0390591981859099 0.00397038017739241 0.998237794859809
