1341839113.657637 -1.78241073159027e-06 -1.515134249441e-05 5.13278560278262e-06 -1.51999667070141e-06 -4.64753673555107e-05 6.20381473240055e-05 0.999999996994499
1341839114.529492 -0.0144098485040232 0.00503890769039567 -0.000742767896843948 -0.015593423015627 -0.000724716661943273 0.00189811672230538 0.999876350904113
1341839114.565482 -0.0164342368522842 0.00692094889829132 -0.0024940696914414 -0.0150566490681341 -0.000476605640470903 0.00123638421417987 0.999885764235084
1341839115.033675 -0.0352023250549183 0.0157577470782542 -0.0143179981988776 -0.0176083475075402 0.0140361081590111 0.00382318000762056 0.999739124502203
1341839115.301699 -0.0582486771277956 0.0244249723459496 -0.0348313421357917 -0.0199458440567485 0.0220014073997687 0.0080691591159655 0.999526382867633
1341839115.669467 -0.0824009732012162 0.0313712858603179 -0.0443669299932079 -0.0290075222031178 0.0315318141370173 0.0129267247889875 0.998998102169916
1341839116.005615 -0.114129670785989 0.0333094894164432 -0.0421986456675157 -0.0272166358539976 0.0511724263010312 0.0271782317442131 0.997948887087167
1341839116.237744 -0.140748532073872 0.0283720744698066 -0.0423938966015354 -0.0255488322883069 0.064781147158697 0.0341474010893475 0.996987770807822
1341839116.441448 -0.163240446333723 0.0284916402573236 -0.0428856304485046 -0.0263194716516948 0.078626961465176 0.0485151325109665 0.995374988765627
1341839116.673494 -0.187213628210565 0.0305400866620589 -0.0517453259355348 -0.0260905462555673 0.0838174936026276 0.0483166079490679 0.994967042950949
1341839117.045446 -0.215409325721694 0.0358367727102356 -0.0586044208849563 -0.0270151845488448 0.0912743214239989 0.0312524248470906 0.994968574374868
1341839117.278976 -0.242620886447368 0.0329342502038567 -0.063876975649297 -0.0285407163131241 0.105718057191469 0.0352621745834608 0.993360810048212
1341839117.445717 -0.271124517183258 0.0394512023042948 -0.0736200030876439 -0.0298345430462332 0.11239065718991 0.0402820205209323 0.992398911245067
1341839117.645887 -0.302374811715151 0.0426537445007229 -0.082398176768789 -0.0366900437140548 0.119016846499635 0.0483832823378837 0.991033747625052
1341839117.813499 -0.328422566773401 0.0478061744740662 -0.0901903303955568 -0.038567566830878 0.122456394522238 0.0495006635239668 0.990488091064222
1341839118.081566 -0.359603381385937 0.0482303635518675 -0.0930349735759317 -0.0455525693711294 0.12134400776758 0.0438935167258475 0.990592728820492
1341839118.385618 -0.384400106754949 0.041784144829381 -0.0875682106149407 -0.0413091558392072 0.126375441798365 0.0467071588112794 0.990020829412138
1341839118.653714 -0.413944507595634 0.0470218157085033 -0.0798749086232537 -0.0380085182571959 0.132117101065706 0.0479112588313163 0.989345710772066
1341839118.921740 -0.445423906687758 0.0436923718869584 -0.0725377215457361 -0.043735406240496 0.140617139731884 0.0519965064333352 0.987729921371896
1341839119.190466 -0.475594908120753 0.0419288776247462 -0.0684925142332833 -0.0453402000799536 0.152441203525098 0.0613821730446387 0.985361951039742
1341839119.421517 -0.500882669898798 0.0378076073359798 -0.0635204609604391 -0.0487887673232568 0.159454406150782 0.070237584841465 0.983494092619685
1341839119.793744 -0.53144201994684 0.0437452693391359 -0.0607870305546875 -0.0544740393694316 0.162109804721861 0.0615455989380415 0.983343851101524
1341839120.125657 -0.558880181184313 0.0391577378807048 -0.0549730819690104 -0.0519299877561812 0.172314224747483 0.0712915585331082 0.981085418301198
1341839120.329588 -0.582001986129739 0.0385833675940402 -0.0512644684641215 -0.0442487175124075 0.18350055792194 0.0818040487024317 0.978610082646165
1341839120.497665 -0.61004004356118 0.0375988846787214 -0.0495305222703644 -0.0485934136947661 0.189681089299976 0.0852417369488723 0.97693070930819
1341839120.729566 -0.63756338042819 0.0404649800769405 -0.0494176530909086 -0.0536207310429622 0.195953087306324 0.0902274878076297 0.974980105038797
1341839120.997581 -0.666466930561678 0.0361658252474767 -0.0442550605889077 -0.0510903401701273 0.204926178941723 0.0899367146123546 0.973296679173612
1341839121.233546 -0.694485887072755 0.0310544139596844 -0.0344220111682394 -0.0459706782200629 0.202333137081568 0.0929183520820209 0.973814242157651
1341839121.569551 -0.717590048662644 0.0212493750275569 -0.0207489169819613 -0.0371905114011378 0.200212298428316 0.0884664391074716 0.975041327622279
1341839121.801610 -0.735028401162296 0.00958851544822808 -0.00716062659430758 -0.026499078763361 0.200737573991414 0.0815707722010087 0.975883412265659
1341839122.105677 -0.761767372070254 -9.22007970122415e-05 0.0109081915677364 -0.0240308160285133 0.200832809486299 0.0783173682573952 0.976194187825393
1341839122.373595 -0.786460092003135 -0.0046457786423817 0.0246874298926706 -0.02606017794821 0.210320617345964 0.0824019300902614 0.973804922436686
1341839122.605781 -0.811385595795453 -0.0119576857205277 0.0423719934026944 -0.0175214778451653 0.216070496881677 0.0874907388001384 0.972292090277213
1341839122.909624 -0.833342121289391 -0.0149948706616596 0.0573524089011222 -0.0207450323133911 0.21437590709569 0.0843254160029972 0.972883260369474
1341839123.445605 -0.853470126989995 -0.0170404529332945 0.0695481234464943 -0.0266891700473983 0.229290711866141 0.092091911058072 0.968624043461534
1341839123.781632 -0.876168411631796 -0.0246831789686129 0.0811414500288279 -0.0225085199404884 0.246531048308726 0.0868950516453568 0.964968941857426
1341839124.181547 -0.933107230289691 -0.0311889536197111 0.0973613173003079 -0.0296365434588986 0.242385656157001 0.0818849493523903 0.966263796305494
1341839124.449587 -0.965026139413958 -0.0372708328167279 0.103129504873868 -0.0316188217204179 0.245764793980717 0.0878611025251317 0.964821404621444
1341839124.785678 -0.997609678804573 -0.0352056091261937 0.106591948827858 -0.034012101271073 0.256321685035307 0.0900944245697028 0.961782389841507
1341839125.021660 -1.02106391107085 -0.0367678989401435 0.115782790431722 -0.0282921990692585 0.266895277614832 0.0915982999114773 0.958945365342601
1341839125.521521 -1.0382427677726 -0.0396461613669007 0.125230627908956 -0.0362509410889881 0.288757012887564 0.0783285343214115 0.953504010211532
1341839125.857601 -1.05031196778938 -0.0497627524876649 0.149194060345539 -0.0444391809062122 0.296980874712699 0.0894251948800368 0.949647647170219
1341839126.125584 -1.05988184096362 -0.0633706781603935 0.17285664248586 -0.0465438088005705 0.29303397411857 0.0902710121327 0.950692331011012
1341839126.429534 -1.07850176565438 -0.0649737383229391 0.199818439287782 -0.0406957276335908 0.30357265824186 0.0930997835481727 0.94737528425837
1341839126.661503 -1.083697125307 -0.0815482723636611 0.216402020869877 -0.0414113649724313 0.312338143372056 0.0969952295634922 0.944098463343704
1341839126.965564 -1.09746065428486 -0.0741463065625107 0.228394958591167 -0.0289703034049972 0.334319623697535 0.0959643885310877 0.937113625375928
1341839127.333679 -1.10553402780221 -0.0930903599805133 0.241775788925586 -0.0238072089885635 0.354394363262985 0.0937222831965413 0.930082784336978
1341839127.533614 -1.1199789445721 -0.090645634814377 0.249751872345633 -0.020698178613359 0.370334421529183 0.0958986317817894 0.92370312008519
1341839127.669721 -1.13132403413109 -0.104406038441178 0.271411713930491 -0.023534489350799 0.381923806460486 0.102227986656839 0.918220982451294
1341839127.970000 -1.14722542075617 -0.112386508945924 0.295157971252388 -0.0179690889414045 0.39202293070826 0.108390355612657 0.9133710442376
1341839128.438499 -1.1582459637326 -0.119443350878744 0.317428217844961 -0.0214605476374583 0.40511817314389 0.12305836291914 0.905690537655837
1341839128.741577 -1.16566993183938 -0.122133841562494 0.343171593385941 -0.0178785189976609 0.420667359947377 0.134790939908116 0.896967520789934
1341839128.941487 -1.16549785145737 -0.138939939517089 0.362083761499013 -0.0268184201467617 0.425186170072319 0.141693346642851 0.893543781041094
1341839129.041584 -1.1729347902394 -0.137775586644869 0.370131468748424 -0.0289915018565053 0.426774895102753 0.145121624494222 0.892167246559913
1341839129.277541 -1.17880968345761 -0.142028017015412 0.395731395123549 -0.0294660695343429 0.437465855153712 0.156926411297378 0.884946030986159
1341839129.545536 -1.18452772965451 -0.144240873864977 0.426941668024903 -0.025930672500175 0.447797285810981 0.161201522024911 0.879101393663359
1341839129.777553 -1.18022500728606 -0.159390028945275 0.444414941730841 -0.0322364737617408 0.453617960606995 0.16301168118462 0.875567671497482
1341839130.013837 -1.17740330573791 -0.172308535601208 0.461894323376206 -0.0311489186038901 0.462295534031737 0.161350017430107 0.871366028692549
1341839130.281707 -1.19157145566345 -0.167476552503895 0.48264799732896 -0.018910155867674 0.472913033771433 0.167938668894673 0.864749832023138
1341839130.517772 -1.19843946109297 -0.176366195933714 0.503058025615861 -0.0185810716845868 0.485811494348484 0.180604357943933 0.854999416155125
1341839130.785686 -1.21454976460298 -0.186224476103635 0.528522125442601 -0.0204585258145181 0.49306091283304 0.179854250819626 0.850955247601105
1341839130.917632 -1.22101897565773 -0.191704704126152 0.539458570499961 -0.0176612294415822 0.495666124264632 0.180669391665974 0.849330174399884
1341839131.221649 -1.23690213094501 -0.201154916036263 0.5635665424367 -0.0207100089121056 0.496840113843773 0.185881429469663 0.847448577192081
1341839131.453618 -1.2403306447981 -0.21185710672136 0.58681922015952 -0.0266281458424857 0.49839915665414 0.191039027248503 0.84521790833097
1341839131.789523 -1.25001656962773 -0.218076134213408 0.611189124960354 -0.0157461315489547 0.498366827775153 0.193044404990524 0.845054094136245
1341839132.025660 -1.25470470328637 -0.231285475312795 0.633592408596414 -0.0214095167950651 0.505498339846232 0.194084068083964 0.840442999565875
1341839132.325554 -1.26887532927707 -0.237694929601331 0.651756152891268 -0.0167824063364189 0.517422052685474 0.206396082396394 0.830297192217178
1341839132.593700 -1.27851707965557 -0.237857366841709 0.669840843928062 -0.0130555375842612 0.525951666025383 0.216221800738327 0.822467343320685
1341839132.797547 -1.27929763713939 -0.248884728549924 0.69018070656053 -0.0174185153565 0.518816594103735 0.212168486472304 0.827955596848906
1341839133.433673 -1.30592850403339 -0.259393186617209 0.704310918810366 -0.0145623528203765 0.520187704096935 0.220819893811502 0.8248825764215
1341839133.633642 -1.32093642048232 -0.259112151019879 0.718642023389473 -0.0214317384933253 0.528937808242012 0.229413681097312 0.816783226151634
1341839133.976740 -1.33875795968646 -0.263339349131992 0.743769952492473 -0.0214118908891629 0.528858676601473 0.234631317206674 0.815351565950388
1341839134.177037 -1.34538621264617 -0.272634831720563 0.764543304273192 -0.0297537661409011 0.522516286878294 0.226405599608835 0.821481556587314
1341839134.344596 -1.35316355813323 -0.279676805945572 0.788473655028688 -0.0169542899892523 0.52392389666146 0.226571391054092 0.820902982887653
1341839134.673530 -1.36850579838186 -0.303448815900805 0.832960367290317 -0.0113809464801551 0.5193098596297 0.223480899128885 0.824769077665466
1341839134.941552 -1.38564241343277 -0.315367364252423 0.847669124200866 0.00222651258730767 0.526960254895192 0.219659142598716 0.821010227387753
1341839135.173566 -1.39003857354322 -0.326941348479637 0.868371536584904 -0.00597012980673917 0.539065122539499 0.219048723393785 0.813259373134499
1341839135.441588 -1.38758577367257 -0.329298423181786 0.887021779041761 -0.00260659332779181 0.554652958155929 0.216950226245771 0.8032968946859
1341839135.677567 -1.38083053529502 -0.336042791982206 0.903517134736584 -0.00413502263049912 0.570051465960072 0.223016649144816 0.790751416027082
1341839136.059226 -1.38349329005652 -0.349851306665673 0.922208453919278 0.00575456617656752 0.585417304935005 0.226884315657919 0.778316755157688
1341839136.314066 -1.3825129502379 -0.357826523785094 0.94399854952391 0.00878800264848802 0.588751875738742 0.224916088862078 0.776341904572044
1341839136.817542 -1.39511951746693 -0.363924205465945 0.967608977118991 0.0108190774493105 0.584173531827708 0.227948151796349 0.778886302593463
1341839137.117537 -1.40515438887263 -0.374316561687429 0.990306551169237 0.0136205914293579 0.59137455925161 0.234538372654597 0.771415816477476
1341839137.285736 -1.40954618358787 -0.387158161349973 1.00683770022077 0.0116880566896916 0.604452960737844 0.238379828299734 0.76004938329418
1341839137.796681 -1.44625282969225 -0.396425927040612 1.04246955813783 0.00822959942868094 0.628388284691972 0.245302400446725 0.738164730727633
1341839137.996524 -1.44880280416634 -0.402193923354814 1.0663670912587 0.00243019126266881 0.629159925253566 0.247619269391134 0.73677444313138
1341839138.264578 -1.46616662007805 -0.406101639342662 1.09184768859855 0.0128163221119084 0.626039491091772 0.253486439449109 0.737329588784074
1341839138.637679 -1.46092740957167 -0.413951722176186 1.11834358595833 0.00183836286829641 0.632518407000188 0.249817878165092 0.733149447914271
1341839138.968925 -1.45318611597498 -0.413544675193874 1.13502666683564 -0.00879825310087999 0.64773163672328 0.252523116492513 0.718747795243271
1341839139.269740 -1.44541226059942 -0.418127617815434 1.15206444810004 -0.0168222331329383 0.661824031610654 0.257786791807141 0.703741382629175
1341839139.597818 -1.44085337025945 -0.424025559414153 1.17048880968563 -0.0222493106624076 0.676236279112889 0.259496389889728 0.689108907663224
1341839139.865591 -1.43417063092194 -0.427806962993614 1.18877850720311 -0.0306203928843491 0.68376194541409 0.266082801072782 0.678772374597265
1341839140.237641 -1.42959627862166 -0.434353813253462 1.21019170560318 -0.0364670381873292 0.690409641171925 0.269346784939775 0.670415536772012
1341839140.537508 -1.43653068524726 -0.444063515080493 1.23352416062956 -0.037554052787668 0.696233234684884 0.272467605098107 0.663031206061636
1341839140.941764 -1.44936753224127 -0.459421399036728 1.27583033945134 -0.03991509381937 0.707715526499971 0.282594032884556 0.646286415928962
1341839141.141854 -1.44512204877452 -0.470380074328314 1.29914044624106 -0.0407853332912523 0.711119251621393 0.279120923510296 0.644001146443476
1341839141.378026 -1.44928532361567 -0.480006737247224 1.32268279665033 -0.0408310877443013 0.715090834516032 0.275849686644173 0.641003019527282
1341839141.611116 -1.4540887994703 -0.48682299587533 1.34577189063942 -0.0358711297762414 0.722907276926979 0.277448641149112 0.631775737535961
1341839141.845701 -1.44610436639735 -0.493907497432876 1.36460190844612 -0.037526335140292 0.724403756553594 0.271532623356012 0.63253537933888
1341839142.181588 -1.43850141778552 -0.502948645913218 1.38715127367827 -0.046050608658415 0.734135913114592 0.270715327313907 0.620996790712252
1341839142.413736 -1.42591757917323 -0.511113980410197 1.40290643675879 -0.04557988240429 0.747716559717507 0.273494975865759 0.603359692737602
1341839142.681490 -1.42044831351098 -0.518010213759647 1.42287718464653 -0.0468260365630426 0.761448926817394 0.270701790622918 0.587131496942534
1341839142.985900 -1.41303294397559 -0.528184676380285 1.4393317260374 -0.0473198965154056 0.770207610226854 0.271784551984504 0.575042800011436
1341839143.321671 -1.41028078599765 -0.53146752542793 1.46296316905136 -0.0521837375478388 0.773376507558058 0.271773353410017 0.57035504685162
1341839143.590154 -1.4089692969625 -0.538944455234796 1.48417304414765 -0.0608466763681811 0.777072590949977 0.272341614393698 0.564168339628049
1341839143.753557 -1.41173098721702 -0.544735366782736 1.49769768085511 -0.0686051284674268 0.782620643215579 0.282972209165598 0.550204501981529
