1341840083.789974 -0.000167621815149005 -1.66020491260828e-05 -6.12910665188906e-05 3.94581841318452e-05 -6.81991019075282e-05 1.35488905537013e-05 0.999999996804181
1341840085.366055 -0.0340473767848523 -0.00565117870073019 -0.00258500000789884 -0.0103158860309715 0.0236139586110694 0.0165806083954354 0.999530413183785
1341840085.398022 -0.0493533113103019 -0.00678906253926785 -0.00737144506887712 -0.0126854002722637 0.0295150028952996 0.0191963168962457 0.999299477955253
1341840085.566108 -0.0822942672208584 -0.0120386082230804 -0.01584279722046 -0.0124109771102818 0.0345318052384537 0.0291378609730441 0.998901650380085
1341840085.734314 -0.121932290439402 -0.0168611837839877 -0.031272390789936 -0.0120102245976375 0.043920122106814 0.0506936475774303 0.997675764702407
1341840085.873132 -0.157298115239735 -0.017294727037291 -0.0453869960405676 -0.0110941309679997 0.0495278940177957 0.0633417821381274 0.996700419688781
1341840085.972968 -0.186050579608377 -0.0190616168219577 -0.0513940350495592 -0.0141391073472662 0.0534593524949943 0.0653362365348926 0.996329945083302
1341840086.109086 -0.229337371568109 -0.0268214234869346 -0.0628034921434246 -0.0175270500169682 0.055963401479972 0.0722227842301993 0.995662979953826
1341840086.345100 -0.27720699155916 -0.0326040849387636 -0.0721205401653729 -0.0198141793705434 0.0546617899668106 0.0802103602366103 0.995080793264652
1341840086.512947 -0.313666460581563 -0.0549017760139459 -0.0717479571732447 -0.0283126263333462 0.0563954906206747 0.0808270065791852 0.994728575459261
1341840086.712983 -0.355262198221069 -0.0678793308364252 -0.0700387586919791 -0.0296271902145724 0.0614562017912051 0.0812652854725174 0.994354724551786
1341840086.845112 -0.392100015889888 -0.0920266473189937 -0.068513898079775 -0.0363212285249014 0.0646980809428412 0.0858793094277673 0.99353896294658
1341840087.013086 -0.449188005785704 -0.11712524497916 -0.0672714799314823 -0.0446121641064094 0.0733305988787812 0.0998179850256997 0.991296498504474
1341840087.210062 -0.486002714687741 -0.124728272000551 -0.0723706178445163 -0.0364317573960823 0.0774613528990835 0.118303435833356 0.989280932258426
1341840087.342211 -0.52059182547533 -0.138643212428123 -0.0671991596891425 -0.037811544663588 0.0841962728523461 0.123911884680542 0.987991457231713
1341840087.478092 -0.558799754674002 -0.165813012155339 -0.0605725824615524 -0.0439832598736233 0.0901705364912386 0.123925095426721 0.98720682631516
1341840087.677989 -0.599899792274531 -0.169292529412433 -0.0563931753848357 -0.0490480660280913 0.0965248640032088 0.133292407702749 0.985144848180647
1341840087.809957 -0.632780646348205 -0.178575608140208 -0.0504245633940502 -0.0512403857286709 0.100173459065495 0.146046141496956 0.982858191970277
1341840087.946068 -0.663852630136838 -0.201047037530346 -0.0421689187790145 -0.0627249677112066 0.108583722941129 0.151422027133543 0.980482801091707
1341840088.077959 -0.690535977212071 -0.209966971722769 -0.0391405690392303 -0.0563403640441316 0.114129899443361 0.163976080822701 0.978218776322787
1341840088.214180 -0.736755337510661 -0.247974363261659 -0.0338348942756654 -0.049265860146025 0.128999448794586 0.184709527419533 0.973043887866944
1341840088.313975 -0.758778570156018 -0.264103506508284 -0.032431006568647 -0.0450565561253782 0.130656351155121 0.207246366981028 0.968477035363315
1341840088.450005 -0.801254862414738 -0.299637608223821 -0.0293674357414818 -0.0333073592237923 0.145350967630942 0.215910077309359 0.964959353831317
1341840088.550086 -0.82227487568024 -0.316686589427696 -0.033452255928456 -0.026238318863068 0.158384496654069 0.216220647401097 0.963054792563916
1341840088.682767 -0.849516423309344 -0.31899242487896 -0.0264873546419347 -0.017974309565484 0.172048610559693 0.219079510943395 0.960250158909087
1341840088.818075 -0.881481116726307 -0.318601215972066 -0.0215281708382225 -0.0104290998243664 0.185381388873967 0.22948223125589 0.955438579958875
1341840088.950086 -0.913012058920868 -0.337567525966668 -0.0109662403731219 -0.0107436420168927 0.191885862378159 0.227446371497543 0.954637385643473
1341840089.193015 -0.957696742101336 -0.360337503205855 0.0118779257365918 -0.00949611965648575 0.19948908326471 0.24112394021396 0.949722683116166
1341840089.325058 -0.985119141169642 -0.379774053223928 0.0300064388434172 -0.00917310975163631 0.208085587262003 0.237831537095278 0.948710916135263
1341840089.461193 -1.00354164812028 -0.413012793936301 0.0485185762575518 -0.00824766525202966 0.211579222492533 0.254043573605224 0.943730931641658
1341840089.596989 -1.03636308290785 -0.450849913973952 0.0684635270646743 -0.00669399662190081 0.214524526696754 0.254121190791555 0.943057176551582
1341840089.728954 -1.0720218707667 -0.468472022795493 0.0858109411188348 -0.00745921931911047 0.220125236410543 0.263719090759768 0.939117394957198
1341840089.861003 -1.11293677098483 -0.49789840170802 0.10881394067917 -0.00493450367981782 0.225326691785271 0.273225783250911 0.935174424377328
1341840089.997889 -1.14585812383676 -0.526587580717242 0.126795521009669 -0.00333392205338641 0.231468584058954 0.288959053325031 0.928931561019964
1341840090.165020 -1.16869848502806 -0.556234618741353 0.141613163785342 -0.000919104536712648 0.238493351293134 0.301651104800426 0.92310708350034
1341840090.365109 -1.19523299034561 -0.585923405064181 0.157954378891148 -0.0013320393311384 0.250233536569806 0.312200251998003 0.916467351027505
1341840090.525928 -1.2383003488931 -0.598005227183108 0.185412901319336 -0.0014904773503719 0.261962189709414 0.316114260981793 0.911836259228515
1341840090.694336 -1.24854095363388 -0.625487674707774 0.201863167614837 -0.0122149023827849 0.264117547254878 0.324965937791096 0.908014238141341
1341840090.830060 -1.2764687491518 -0.639336247353498 0.223573814694658 -0.012408531736793 0.272704233869716 0.326269827789737 0.905000789305581
1341840090.930027 -1.30532012841382 -0.65476663609793 0.243386114346207 -0.005781711945916 0.277290235343124 0.34160384898835 0.897988589875548
1341840090.994115 -1.32515486351462 -0.692653222424276 0.263212282006198 -0.0146444474672723 0.285366851141744 0.351594959451149 0.891477585201316
1341840091.129998 -1.36864901071643 -0.703945818289272 0.28750708360474 -0.0107175754492474 0.285169609416019 0.359501134006965 0.888438158843772
1341840091.262411 -1.40036937696257 -0.726464355414658 0.311594170942466 -0.0142879030735367 0.286136127046581 0.36791085340744 0.884626235519586
1341840091.397935 -1.43049490371597 -0.764976320620693 0.333527705274085 -0.0153910462965619 0.288465948785409 0.372265266964833 0.882025556940859
1341840091.530216 -1.46750591763249 -0.775337940450021 0.356285316884618 -0.00801936621278367 0.288878927398834 0.377835549211731 0.879616366845407
1341840091.698112 -1.4860847289961 -0.808935266049259 0.366619886361089 -0.0111846950265969 0.285429400533889 0.383868207663151 0.878094618508454
1341840091.933960 -1.5158006915033 -0.836528222128383 0.398114988296728 -0.0136262259033327 0.300610644672135 0.394089250069639 0.868413052214777
1341840092.102060 -1.52296783813571 -0.869796417471129 0.42273009303329 -0.0163909677908658 0.309508311545969 0.408745279168056 0.858407384647098
1341840092.234005 -1.54550453933213 -0.886615389517474 0.454063377629684 -0.0151610024089725 0.317743740996714 0.422974616538372 0.848470113102156
1341840092.370097 -1.56318593572656 -0.906742747203536 0.470795861413099 -0.0099626677556504 0.325019096875139 0.449175863281252 0.832168477991807
1341840092.538065 -1.58137303108296 -0.940982338420494 0.48929459791979 -0.00806931082369355 0.332717799302776 0.46533031491844 0.820183790542007
1341840092.670218 -1.5959437625482 -0.964772780569627 0.507966066348342 -0.00782517325066686 0.341337295896735 0.46858274576114 0.814774709639697
1341840092.806419 -1.60444610413913 -0.992791462488796 0.5223305090303 -0.010693574728074 0.350532814681616 0.476138046926087 0.806414876822303
1341840092.938208 -1.61748655606209 -1.00359996570827 0.548438414107209 -0.00580587573444428 0.359425936185141 0.478448666417243 0.801165502132957
1341840093.074068 -1.62449262711068 -1.02711048170503 0.575678291453615 -0.0145688509914715 0.365374394937486 0.479741917388806 0.797581966198438
1341840093.241963 -1.61562565912548 -1.0710136357972 0.592706518177218 -0.020463933161746 0.363944315715309 0.489464490231428 0.792180708740472
1341840093.410028 -1.61619357398564 -1.1073368243554 0.623122995260803 -0.0170323596176198 0.372649917587568 0.502070736429207 0.780235165363154
1341840093.578056 -1.64178656609979 -1.12549362372354 0.650283504092379 -0.00413004892625221 0.37980974693671 0.513082014107383 0.769723551430805
1341840093.709940 -1.63716711841155 -1.17262594780954 0.674625116742007 -0.00385646948730678 0.383238095825754 0.53527417810842 0.7527252113496
1341840093.846050 -1.64127866121919 -1.21818298383109 0.705275818650762 -0.00837930864301742 0.39165694180785 0.548636540274496 0.738601769423834
1341840094.014200 -1.64477519616029 -1.25647906572443 0.729858031901093 -0.00813252750127548 0.39755075439119 0.563280486844989 0.724294382705754
1341840094.213995 -1.65654009292628 -1.29454874428017 0.754947399401505 -0.0138443973066431 0.406458877560857 0.569188216889497 0.71457979769186
1341840094.382137 -1.65337425350822 -1.32537579598355 0.77202258516063 -0.0165312946907791 0.414284879678957 0.574819950139622 0.705462103650311
1341840094.514223 -1.65311199434658 -1.35487274888738 0.797256809730936 -0.0231599990868178 0.420743129492142 0.579787335783561 0.697341723040044
1341840094.650356 -1.66197414253546 -1.38073943981895 0.833790304919811 -0.0256776410593272 0.425100807732018 0.581194921530004 0.693428024529544
1341840094.782622 -1.66058698662774 -1.41005771682484 0.862231188666998 -0.0303558895267352 0.426208182206111 0.586626836043533 0.687963705892366
1341840094.882000 -1.6615867923782 -1.43735400130876 0.885998748904343 -0.033526852433712 0.426732649466936 0.595227350127704 0.680058525205566
1341840095.017986 -1.66378939412496 -1.47151675966989 0.915214703907529 -0.0326832986636936 0.429393712827812 0.616319389704135 0.659320294884913
1341840095.218041 -1.65886248807266 -1.52526031759019 0.949702013949602 -0.0358684079706848 0.431014429357065 0.627016335784912 0.647912442892182
1341840095.385974 -1.64997641898319 -1.56006278399126 0.967302044728954 -0.03175237197292 0.43902312903894 0.631189638022231 0.638631442928013
1341840095.586122 -1.63397393591448 -1.60140097601717 0.984452988435231 -0.0349564846008653 0.447116281046407 0.63679515388455 0.627181797724337
1341840095.753967 -1.63848860099824 -1.6268684620302 1.00355054300803 -0.0310604088396163 0.460407897716169 0.636992452971077 0.617495290331176
1341840095.922043 -1.6330818146348 -1.66037209432257 1.02848369797504 -0.0303246333655386 0.469027550557395 0.650195194161613 0.596942026430138
1341840096.058118 -1.6321005326315 -1.70494157424664 1.05232879660528 -0.0218798089142916 0.472756363271694 0.661624977592829 0.581614205443166
1341840096.190067 -1.64438941107024 -1.74655902138182 1.08906812331974 -0.0271966872491186 0.477545561552553 0.667957909612118 0.570125256264569
1341840096.326010 -1.65064296068786 -1.78713118294228 1.1129433135297 -0.0225485484513279 0.479437785115617 0.681310243769586 0.552672891411182
1341840096.458130 -1.64701222353894 -1.82583850632782 1.1341789965279 -0.0250516363423282 0.483033755447495 0.681530469971284 0.549151186027657
1341840096.658100 -1.63686837153018 -1.86777723314551 1.15185742538053 -0.0209165132600867 0.486146254835815 0.688175995437436 0.538180376533599
1341840096.825964 -1.62851704020501 -1.89491974748285 1.17910299441204 -0.0185086833645935 0.494648376754853 0.695517708564062 0.520802773694318
1341840096.994381 -1.61081381768261 -1.92181424821045 1.20158935250366 -0.0278224813447015 0.500474853535915 0.698458870926941 0.510789620228809
1341840097.130197 -1.59495364458518 -1.94343506300385 1.22782481594905 -0.0272718054422962 0.508152794044289 0.704065656029698 0.495306509680996
1341840097.230163 -1.58006305180417 -1.96469128789937 1.25523936927615 -0.0308770188688504 0.511021887375184 0.706654402563769 0.488408431199258
1341840097.362061 -1.56417040225429 -1.99359409199436 1.26965475155909 -0.0267967236022712 0.510516885685318 0.720166659445919 0.469056955664079
1341840097.498027 -1.55111159507936 -2.0285030236322 1.29752029261499 -0.0281772600047783 0.514104610578792 0.725458842080381 0.456740582658958
1341840097.630355 -1.52758802947506 -2.06178833253818 1.31677730452717 -0.0276773709081822 0.514250934315354 0.732748938425683 0.444813368651878
1341840097.834458 -1.51443150572818 -2.1060616330653 1.34127762754016 -0.0264408946397926 0.518067297647984 0.728642386521486 0.447199537972297
1341840098.033966 -1.50331791623121 -2.14141866540861 1.36850497111738 -0.0328242229138372 0.526205130449975 0.726584593094933 0.440574125608051
1341840098.202060 -1.4891722204191 -2.17729537774655 1.39462851042479 -0.0441520918076839 0.526475316467552 0.727066110517342 0.438462318650738
1341840098.369946 -1.48565391805998 -2.21674332472734 1.43361581077916 -0.0390977398701359 0.534210754935853 0.726561300462812 0.430347432567804
1341840098.502216 -1.47576802456149 -2.25855438819962 1.45941897345198 -0.0404388821862178 0.531097872444906 0.73236998825644 0.424186217354223
1341840098.638011 -1.46544175774888 -2.30234518416531 1.48606275366068 -0.0395761058770212 0.529405268643714 0.736628547749711 0.418977536409816
1341840098.770012 -1.45800213647378 -2.34470096954426 1.51882147206058 -0.0386116093475053 0.52912761790095 0.73923962580186 0.414798605641807
1341840098.905941 -1.44415682931938 -2.38723183730071 1.55387105574236 -0.0356901046133219 0.526715075592743 0.742951520568651 0.411485702863113
1341840099.038009 -1.43210169841464 -2.41735247995172 1.57976131088513 -0.0371450293505328 0.521749176669591 0.743409959585536 0.416820915295987
1341840099.206089 -1.41875261382942 -2.44856815538123 1.60849823996197 -0.038043073423508 0.520680207208874 0.746286938593987 0.412917245546166
1341840099.441968 -1.38105911550914 -2.48260277946407 1.63808757763693 -0.045625079676358 0.519891710039762 0.751069547687634 0.404382858777113
1341840099.610204 -1.34641492816217 -2.50488431434832 1.65798485852702 -0.0489467975375046 0.520881136603007 0.752697366693611 0.399667019798337
1341840099.742027 -1.32064307828947 -2.52258010732782 1.68280028335657 -0.0480338304368266 0.521600076579591 0.756984861922323 0.390640538175664
1341840099.878109 -1.29545452085387 -2.54760906096955 1.70224910074531 -0.0393898240163848 0.520763938540457 0.769012839999024 0.368609025929133
1341840100.010063 -1.26651070423415 -2.57147459246514 1.71113501452609 -0.0465119278972798 0.517929480872889 0.773666089678972 0.361975793509547
1341840100.146035 -1.2415823542274 -2.59703428811407 1.72790416560717 -0.0435718413511743 0.520506454442043 0.777340201358748 0.350594832929669
1341840100.314468 -1.21778711984924 -2.62140852515308 1.74871146765428 -0.0401617983078117 0.525485834668365 0.779781459455186 0.337923871618321
1341840100.513929 -1.19337993848319 -2.64916455630934 1.76929781585585 -0.0440705488294203 0.53043428904598 0.777093880316316 0.335890388229689
1341840100.714000 -1.1636223415137 -2.67720949729887 1.78314824258419 -0.0458084021034872 0.536239575915023 0.777342948313847 0.325709453694452
1341840100.850129 -1.14378486115749 -2.70523202328401 1.80452242570634 -0.0446155408447133 0.543035643864827 0.773339485771199 0.324141609107169
1341840100.982020 -1.10898661708142 -2.7338192749771 1.8086521928628 -0.038774218042043 0.549039486287044 0.768830175746692 0.325503246334344
1341840101.081947 -1.0911048056485 -2.76250560191472 1.82240745418222 -0.0376048418159282 0.563941046310108 0.753928477943146 0.334885386819118
1341840101.253078 -1.04958659055659 -2.808933710382 1.84893718305914 -0.0250325854189275 0.580654412553893 0.739793191790054 0.338998313019433
1341840101.418064 -1.01255349981807 -2.84995498398836 1.85395733483923 -0.00893282959350009 0.602524434406507 0.7131984848313 0.358095562291562
1341840101.518024 -1.00755129608171 -2.86725456341317 1.88056288753133 0.00999049530549612 0.618936279918052 0.710250028680135 0.335205859382891
1341840101.753999 -0.980793714053848 -2.89304053292806 1.90280950360486 0.0123733853083093 0.614454464532127 0.718200295348762 0.326314183132607
1341840101.953985 -0.953433958416998 -2.90213393900567 1.92023515308574 0.00409675526670291 0.609851401774547 0.72990249416667 0.308718048321084
1341840102.158709 -0.910326780242993 -2.90209941032875 1.931947508113 -0.00795769511609896 0.607796727107415 0.736532462005381 0.296714923821242
1341840102.289992 -0.877652638907284 -2.91179752472998 1.94401776427689 -0.0040599051742208 0.606218758850008 0.744268006627255 0.280263211819576
1341840102.426192 -0.839297496056921 -2.92051005072103 1.95580011096701 -0.00383404209230038 0.601642930805458 0.75534856013592 0.259729930184502
1341840102.625930 -0.796196885688667 -2.94296352067146 1.96722678812101 -0.00970344024321771 0.596385420226992 0.765051590233934 0.242747477986178
1341840102.826150 -0.755711910029039 -2.95480020682489 1.97102579050308 -0.0136675317005129 0.591979986637468 0.773725060470256 0.225216395491575
1341840103.068955 -0.718226543455286 -2.96922677435445 1.9848588111576 -0.0205017521953895 0.585778973692673 0.78101624816228 0.215537217767591
1341840103.269372 -0.687449485874574 -2.98293083271949 2.00239697576918 -0.0238626438016016 0.585223171507242 0.78520012800937 0.201010379671976
1341840103.469037 -0.656212902619338 -2.99967686784596 2.01489372429302 -0.0282832155007009 0.582607463990523 0.789700740804989 0.190108765172791
1341840103.606036 -0.619699972639534 -3.02179112010206 2.02851129337072 -0.0232228716456973 0.583015677001112 0.794350601609387 0.168998640013072
1341840103.737091 -0.581624266607048 -3.04854923471302 2.03425192084719 -0.0239228230605314 0.579102491415215 0.799464994190656 0.157872499306368
1341840103.873084 -0.545229503396325 -3.07747805018865 2.05113748280282 -0.0211585205425426 0.578709425477206 0.800953119331385 0.152058602208544
1341840104.005167 -0.507994778818152 -3.09430626217077 2.07253503890714 -0.018619826494842 0.577049794454704 0.803461788926971 0.145313421662826
1341840104.137083 -0.477597577268695 -3.11605434401671 2.08736662509097 -0.0140411492729877 0.57270318714401 0.807860411379705 0.138475489844232
1341840104.305085 -0.441547590863998 -3.14194234143189 2.1207311224864 -0.00206684528649998 0.571624185221296 0.812074854254335 0.11737099347135
1341840104.472949 -0.40253005925664 -3.15893701850968 2.13384082862899 0.00181400811829984 0.565408261488415 0.817946191467792 0.106180200972354
1341840104.640948 -0.351046235293955 -3.17142629218544 2.12532420027322 -0.00322049687153335 0.561343810972975 0.821984918706234 0.0960393029011804
1341840104.840918 -0.310519313543718 -3.18943571639985 2.12681253053086 -3.13891151572522e-05 0.572026874703945 0.816056699752196 0.0826844388063152
1341840104.976967 -0.269278087748582 -3.19800390620221 2.12581537514787 -0.00729739677202398 0.575805389179544 0.813141911153799 0.0848241364075862
1341840105.176904 -0.2200990481713 -3.21816402396525 2.13304147281173 -0.0232603816952812 0.581204128354233 0.809848935380358 0.0761932916383557
1341840105.313107 -0.184508684694803 -3.22026156220266 2.13159592230053 -0.0211126543599462 0.582581914957076 0.81043577138916 0.0578483244673562
1341840105.514575 -0.135402372530637 -3.23332154661375 2.13517106301409 -0.0141053085150744 0.58112789593779 0.812746486115876 0.0391734366747236
1341840105.749001 -0.10746382843392 -3.24102317971084 2.13745663607815 -0.0133412352853881 0.576016364047633 0.817013936059966 0.022702160122021
1341840106.018209 -0.0695443810510211 -3.26214195433922 2.15815538994568 -0.0154046133013813 0.581618108384029 0.813156046693933 0.0161343612799929
1341840106.146556 -0.0298989837765962 -3.26909288059997 2.15044660265735 -0.0128878771610226 0.583216691199157 0.812188081803497 0.00653555700344613
1341840106.317396 0.00762902895689163 -3.2974004226808 2.16844941094208 -0.000544963014884829 0.591573990318654 0.806246695791386 -0.00248646722260688
1341840106.486326 0.064425402542558 -3.31395276758906 2.1722437635368 -0.00475474236323481 0.58945019201409 0.807749901005804 -0.00812163682545671
1341840106.681927 0.106071071631414 -3.33964877955774 2.18995259386196 -0.000878913906560063 0.593213059466039 0.804812905868891 -0.0193308079540968
1341840106.814038 0.142250754096765 -3.3465153535001 2.19882146441308 0.00153487883027921 0.591704556950864 0.804863170821217 -0.0455920792043463
1341840107.050043 0.187315175836798 -3.35447422601307 2.20930584804492 0.000383551404408113 0.592140449659157 0.803288946611127 -0.0640031953745841
1341840107.318019 0.238775360247948 -3.34710233783126 2.19654599951294 -0.00226104991379831 0.590283256423534 0.803039368803928 -0.0817822535169106
1341840107.554169 0.285050072407193 -3.33416080748973 2.20387393187296 -0.00640379837240324 0.58931854360722 0.802963676393074 -0.0889493109607345
1341840107.754206 0.323460950199321 -3.326885186539 2.19743011499166 -0.00362921956419403 0.585561997199349 0.802304488222117 -0.115807963370016
1341840107.886102 0.359099269816503 -3.3227767228245 2.18575158831222 -0.0043035890099236 0.586633334925998 0.799321550072766 -0.130107144555964
1341840108.121965 0.407600522481801 -3.32962375450737 2.17823557454151 0.0177364251273333 0.591825701612726 0.791662238482492 -0.15066073906362
1341840108.457962 0.448935337305966 -3.35568685022216 2.19713353251184 -0.0103998945551016 0.591194616196394 0.795684229536887 -0.131405383603308
1341840108.726162 0.491254885979757 -3.34933558994845 2.20905916573927 -0.0127703267071492 0.585983954065269 0.796946272959552 -0.146069717428713
1341840108.894068 0.516264367096424 -3.33745239382831 2.23983222996727 -0.00684187350041334 0.586249822967897 0.794490939124208 -0.158267120674662
1341840109.062055 0.556523949703695 -3.31652206337755 2.25320376220843 -0.0154639791922759 0.579738946758634 0.798834356847598 -0.15977261742431
1341840109.261949 0.604322240605294 -3.30687767292919 2.24531248240219 -0.016421693953865 0.570584534192243 0.804161152429666 -0.165796436123636
1341840109.430078 0.660427515553792 -3.31987072953251 2.24147203978217 -0.0109562618162606 0.573766213731439 0.802642055672211 -0.162597732990313
1341840109.598096 0.726885589980064 -3.32968083597628 2.23352104118776 -0.00563811491439679 0.577706331139982 0.798699778828501 -0.16823278491512
1341840109.797984 0.783203414803989 -3.33687963218985 2.22082893240889 -0.00311372750492681 0.573887899777576 0.80131654082129 -0.168922421827625
1341840110.066047 0.825973448567259 -3.33398979173951 2.2151205237991 -0.0144430152586718 0.579728875352343 0.797353609867036 -0.167131837855483
1341840110.234162 0.859282957776025 -3.31007282804616 2.18026030509846 -0.0240622481805067 0.576264666024616 0.798233298494611 -0.1736768380598
1341840110.470485 0.888205163907678 -3.2964671895642 2.13249045912142 -0.0247637265390221 0.586531291108672 0.787473657890065 -0.187757930664821
1341840110.534716 0.895046328522681 -3.30946578485007 2.18062285993193 -0.0201627058376833 0.616754101885933 0.766443725343012 -0.178246624042378
1341840110.702156 0.92706768941963 -3.30521129250562 2.15690188236557 -0.0264781435404762 0.626300939145688 0.760144590141944 -0.170956847238757
1341840110.970039 0.981613250015358 -3.30017556426063 2.15831698107801 -0.0227998825425551 0.645204422512771 0.740961531199143 -0.184844333992224
1341840111.238002 1.02413205304696 -3.29772798876282 2.15778393769784 -0.0207436473656901 0.635864946715835 0.747606078923738 -0.19060593219601
1341840111.506766 1.07153794467682 -3.30084871624856 2.17250311438577 -0.0273071941343385 0.628784828661719 0.753912035491572 -0.188416026744852
1341840111.742130 1.13925906088496 -3.31499344390174 2.1702021137233 -0.033573066449199 0.621693693873595 0.759854871151375 -0.187057143660781
1341840111.942341 1.20036041203733 -3.33141159708128 2.16431076807948 -0.0261417121618128 0.619476805543842 0.759000169081693 -0.19870541414971
1341840112.110041 1.26051243793885 -3.34127998744365 2.1669082219491 -0.0294497191365173 0.615423991379002 0.763925605874266 -0.191842887716887
1341840112.277978 1.31975358658889 -3.35167898744332 2.16811901018377 -0.0272647511127304 0.610834072849956 0.765682864781439 -0.199670026224231
1341840112.513947 1.38949173717035 -3.36480727963213 2.16587808641865 -0.0256366100093039 0.609732948944814 0.766711199129349 -0.19930487281531
1341840112.714010 1.44661162176534 -3.36303456548954 2.17893630703041 -0.0230467807337329 0.604735008375257 0.770919671459195 -0.198613382480729
1341840112.915647 1.48065663485188 -3.35135632769407 2.17651472433153 -0.0237393195872832 0.594075307147005 0.779563748583792 -0.196955162505863
1341840113.083545 1.52755694850617 -3.33338667156327 2.19062596474725 -0.0260292270937762 0.586853059818412 0.783162526514592 -0.203917685799807
1341840113.218045 1.56431012519717 -3.3183379091911 2.19315952484607 -0.0204112191932515 0.57797442722261 0.788132457169723 -0.210656529837924
1341840113.350264 1.60410635729247 -3.30275078939209 2.1867237676183 -0.0136143436761028 0.568283085538559 0.78947823200532 -0.231501847782686
1341840113.518124 1.65557940731731 -3.30052346491232 2.17765570379221 -0.0138276257983933 0.565687848859308 0.789270935498288 -0.238447991804013
1341840113.650118 1.68751963766476 -3.29371823037949 2.16776900126294 -0.0102744637658524 0.564575898444034 0.786666252505094 -0.249609089297701
1341840113.817959 1.73818075623407 -3.29119827696995 2.16586059407666 -0.0154108107310504 0.559733926011667 0.788055001475783 -0.255792403392245
1341840114.022005 1.79280273956935 -3.28224924191497 2.15929337330046 -0.0226486345078415 0.556693921306785 0.789605428979847 -0.257103449725121
1341840114.190000 1.82854711853581 -3.27981749262231 2.14386143581291 -0.023349577139597 0.553287744233445 0.79118270006822 -0.259533050768546
1341840114.354115 1.87180847696975 -3.27770148914176 2.14556774173651 -0.0202468687398458 0.548453903691257 0.787921117299572 -0.279228746273459
1341840114.490552 1.91567000982154 -3.27028314176694 2.13222138474605 -0.0223196663227877 0.544765288678537 0.786157767202768 -0.291013020005957
1341840114.622076 1.95440067066041 -3.27074178413489 2.13078849928194 -0.0213197375851429 0.544402103526885 0.779846843752846 -0.308238087772306
1341840114.758034 2.00223797580987 -3.2653446752066 2.11541875670321 -0.017984568770252 0.542028290328467 0.773673569743594 -0.32758372250457
1341840114.926009 2.05715411018541 -3.2578948845278 2.09388282680329 -0.0165066743199987 0.540252818984574 0.769273825469033 -0.340693708087417
1341840115.058084 2.09359055332279 -3.2540578022139 2.09523288807022 -0.0249489672798303 0.539063847904665 0.761937592530244 -0.358104484757037
1341840115.262383 2.13301024724542 -3.24036856169374 2.08214602070389 -0.0356877837561041 0.535563081723959 0.76106262683004 -0.364255742065204
1341840115.462047 2.17113807376076 -3.2237138076329 2.07945466477898 -0.0338091596210742 0.529835254785706 0.755856840439971 -0.383160515022082
1341840115.662297 2.20226168785677 -3.20006353465511 2.06818005629234 -0.0306118469707966 0.52466232456425 0.751793374976007 -0.398245001663624
1341840115.798161 2.23426504781548 -3.17000385684167 2.05180317717578 -0.0275973593451975 0.520673512852494 0.749990010220997 -0.407004254694868
1341840115.966039 2.26345739786996 -3.15350118006521 2.03446884945547 -0.0207228650367427 0.514083418395753 0.743537756553934 -0.427130432507388
1341840116.098144 2.29827024915226 -3.13468680055513 2.03282495961221 -0.0233809594984751 0.507044769780029 0.74127327641086 -0.439172929323696
1341840116.233931 2.32179425642113 -3.11646589794344 2.01612739564781 -0.0226313684930701 0.492189464768127 0.739736951422319 -0.458286585699177
1341840116.334029 2.35460573737504 -3.09637144282437 2.00428335342181 -0.0221155427516094 0.489840419290702 0.737998724908917 -0.463600203225498
1341840116.502967 2.38283608629662 -3.0820914094193 1.97989089346086 -0.0250202449859287 0.487162550643081 0.742165860800541 -0.459604690635292
1341840116.633966 2.41079049079923 -3.06848851252471 1.95620794661918 -0.0304626599544131 0.492454893571828 0.738567797917785 -0.459432053762616
1341840116.833908 2.44171153172989 -3.05805479499498 1.93713928487411 -0.0266382034969543 0.495954148721684 0.72142022578126 -0.482568903177484
1341840116.970263 2.47376808869749 -3.0441112001698 1.92647712165555 -0.0296074502450198 0.49534660122061 0.709518563974052 -0.500338436386191
1341840117.106010 2.50314460269833 -3.02813527397243 1.89837870081479 -0.0340031719726115 0.493067612787215 0.703115456290639 -0.511230641336495
1341840117.238051 2.54316891239459 -3.01563258775303 1.88247076217802 -0.0419853138498237 0.49012700095532 0.69365323175305 -0.526172928260306
1341840117.338033 2.57139272683753 -2.99772880300349 1.85190328844574 -0.0449249187721399 0.49027383520188 0.691619368122809 -0.528465673272317
1341840117.474143 2.6033066542503 -2.98055115262871 1.82671318709088 -0.0461300575119986 0.487190921742507 0.683302704571216 -0.541862009640173
1341840117.642062 2.63624954408095 -2.95567603502595 1.7986398359614 -0.0433226454503807 0.487230738732449 0.669656164562408 -0.558829112420764
1341840117.874196 2.66768828826323 -2.924982205273 1.78530752383668 -0.0391948222478957 0.483845114090901 0.650885174165407 -0.583700403915387
1341840118.042067 2.67946109357549 -2.88617511346165 1.76841856147698 -0.0440324195247886 0.477266384737782 0.651179301654586 -0.588424558568697
1341840118.210011 2.68380495109127 -2.84582353021478 1.74556878154285 -0.0380238275874461 0.469157000758265 0.64542641312957 -0.60155684885953
1341840118.345974 2.67754607028835 -2.81512908020113 1.72496918791098 -0.0334600000918457 0.459188293194777 0.637749701402097 -0.617496443834503
1341840118.478134 2.68179764689584 -2.78267916330333 1.70773892740807 -0.0275198644598329 0.450866642017367 0.619394365805625 -0.642115680998637
1341840118.614294 2.68161967111602 -2.75215382461841 1.68589783117184 -0.0269653613649978 0.44564380454757 0.617691799758551 -0.647403513479704
1341840118.745958 2.67588539364241 -2.71600201978336 1.64580971815252 -0.024732511889327 0.442433240132523 0.614536334372513 -0.652676201969612
1341840118.914072 2.68778947951401 -2.68059214705176 1.62098132306787 -0.0173075497130965 0.445213496009569 0.606875726590776 -0.658169616564593
1341840119.150161 2.7117232341802 -2.64366894264989 1.59611196636786 -0.0187375413720952 0.450821493822478 0.608555385333605 -0.652739786003938
1341840119.318007 2.71753310464978 -2.60939941960197 1.56830739939858 -0.0226168609639011 0.448213682544819 0.61046162424174 -0.652632804651964
1341840119.517882 2.73348868401272 -2.57315967507133 1.55602021502131 -0.0268546716937507 0.442300387042594 0.597718067523369 -0.668118481997259
1341840119.685955 2.72815712806931 -2.53271343100106 1.5234941744559 -0.0232321388239181 0.429952421741906 0.594168017880251 -0.679386156241199
1341840119.854072 2.73947518805828 -2.49304503291386 1.50962162205829 -0.0298917504275028 0.420056155089068 0.58580965475055 -0.692449534788789
1341840120.054119 2.7427338176406 -2.4474971135761 1.47747179628454 -0.0295782178729678 0.40987329398789 0.579481039354796 -0.703797369227295
1341840120.186050 2.75027844334179 -2.41411152065374 1.45548864055011 -0.0232678208230337 0.40852478869137 0.575862508071377 -0.707777138184445
1341840120.422028 2.76095118744993 -2.37958199897629 1.44174081983234 -0.0153043755802004 0.410171884078002 0.56292653985012 -0.717383100116231
1341840120.758000 2.73715546098505 -2.32626954704791 1.4228681275638 -0.0290446907137136 0.401744904728493 0.563056446666036 -0.721612690668517
1341840120.926172 2.73096881887826 -2.28807276397871 1.42839069588742 -0.0351472892155048 0.396635123301798 0.567589586263021 -0.720615923075491
1341840121.093963 2.69359394183716 -2.2601280173733 1.39942549439207 -0.0207376347806829 0.37738266710692 0.56200314901388 -0.735734145985799
1341840121.258000 2.6645683864711 -2.23308750905015 1.37999118321872 -0.0252220698036136 0.372318376090681 0.554541184517352 -0.743792275231541
1341840121.394009 2.64704625157631 -2.21041287687117 1.34804270255716 -0.018734016358711 0.371990355758387 0.546427863965227 -0.750125856997491
1341840121.562141 2.61361692583843 -2.19445435761352 1.30863851512469 -0.00624343648453824 0.378757219540761 0.539606291359162 -0.751883660197657
1341840121.761997 2.59211988307828 -2.17965581159581 1.28658201881757 -0.0199901540755707 0.381836921703328 0.530297466007233 -0.756693832742457
1341840121.962086 2.59455960256663 -2.14294674106666 1.26919392591008 -0.0201697279457817 0.374001561037562 0.535221853179568 -0.75713511495313
1341840122.130073 2.59417568321539 -2.1050141934145 1.24604346488212 -0.0264298344345593 0.368319461877091 0.535537209312491 -0.759501241141923
1341840122.230015 2.58815662054334 -2.08305773972723 1.22449501321481 -0.0238135268510236 0.362431128558223 0.53506818271575 -0.762744146379501
1341840122.398010 2.60390002170293 -2.02506891741443 1.19452796428685 -0.0293669845570579 0.360078693274322 0.535634150876523 -0.763267300021865
1341840122.565936 2.59901091703969 -2.00007774085226 1.15283022916906 -0.0263190073737668 0.35940044162306 0.527190953045051 -0.769550733505895
1341840122.734093 2.61289741794465 -1.95982605705248 1.11606655822927 -0.033388191997735 0.35917546717213 0.520728269503946 -0.773770173731341
1341840122.902065 2.61672690250398 -1.92259582715326 1.09136118198485 -0.031373514207263 0.357453953268877 0.512363591264516 -0.780208897824977
1341840123.101997 2.60555789988238 -1.88656171245446 1.06502901402976 -0.0319541331410675 0.350786594704363 0.514263866697267 -0.781959317202945
1341840123.269980 2.58921029226908 -1.85262645116894 1.04442840185361 -0.0294174627918767 0.352483480430977 0.513659510841284 -0.781692980541879
1341840123.338004 2.56947056487941 -1.82776762601599 1.02017409412258 -0.0259880805412254 0.355000915565774 0.509604939930903 -0.783327373972891
1341840123.506015 2.55199566381573 -1.79675454799914 1.00736196289518 -0.0215913701968267 0.364443848042875 0.512942602992385 -0.776919803063432
1341840123.673974 2.52119968972527 -1.73966239288397 0.992413169957627 -0.0263437634847253 0.352781368450216 0.519071006761104 -0.778085215217374
1341840123.806031 2.50135732491143 -1.69810980208218 0.974975823694751 -0.027656033040015 0.348626488170615 0.52256159656919 -0.777575779826875
1341840123.942274 2.47127323893254 -1.65680704420422 0.9694025210841 -0.0230288799181888 0.335459386659708 0.524589782716737 -0.782139521096341
1341840124.074278 2.44423610568303 -1.62469747898966 0.951427747856645 -0.0312426714529811 0.337114888328626 0.524605720637418 -0.78113141367004
1341840124.142030 2.42732761942818 -1.61175621931863 0.932897055532264 -0.0249823271097017 0.341196324692105 0.514777149261269 -0.78610777756439
1341840124.310932 2.39753006508596 -1.59085386095358 0.911565917677578 -0.0356314157344151 0.357545816281191 0.521456190456433 -0.773934643821584
1341840124.442443 2.38279825640029 -1.56161020248013 0.88950576917816 -0.0310798602409182 0.364384930643676 0.511792251965096 -0.777384303569158
1341840124.610089 2.37515911502323 -1.52534118706856 0.86925280300456 -0.0146189453394823 0.365296608172065 0.508717419635831 -0.779455746950529
1341840124.778181 2.34508381001722 -1.50206216660729 0.845536854634786 -0.00818501729346109 0.36533618759986 0.514736536130649 -0.775569967117169
1341840124.982274 2.34016149698608 -1.45227953002672 0.824565949640801 -0.00619960977253223 0.360326424638305 0.513087181491206 -0.7790173147854
1341840125.182012 2.32191056032198 -1.41944108453402 0.809471911621089 -0.0214622274606693 0.350715740635242 0.510329954210521 -0.784921129731254
1341840125.349953 2.30848264181603 -1.38906127388398 0.785526673226109 -0.0241046986777134 0.344919321509195 0.508632351790507 -0.788506661901693
1341840125.481998 2.30471088885817 -1.36025860519083 0.764255454788237 -0.0196133154099714 0.336756286121483 0.502199606115275 -0.796244985688423
1341840125.650128 2.2755539140438 -1.29853709930034 0.725025281231367 -0.0157866594208763 0.332008415642529 0.496758803473436 -0.801718082930969
1341840125.818005 2.26119854240507 -1.25082120188521 0.696316224655631 -0.00173512862797485 0.336062293759482 0.490352937252915 -0.80412257832323
1341840125.954159 2.24552901036994 -1.21415342943299 0.680801095819897 0.00298300405590622 0.34581453900598 0.497523515198769 -0.795533631044687
1341840126.118088 2.20079556025617 -1.1728286469864 0.670153142121565 0.0109395234656882 0.343248936938508 0.498481168125274 -0.795975514159443
1341840126.354097 2.16157977016558 -1.13111395781075 0.682402246216512 0.00633516233851682 0.334900122571886 0.497063625699253 -0.800455823656867
1341840126.490075 2.12546965211713 -1.09945662433125 0.68262015911795 0.0074704707584489 0.328419646361615 0.496120524686525 -0.80370961978511
1341840126.621967 2.08787349678217 -1.06667816269995 0.677196246392846 0.0164595824033168 0.318296112329039 0.489181309028213 -0.81186101884545
1341840126.722067 2.05334427902964 -1.05755218867378 0.662247992545753 0.0246961453315032 0.322368177311091 0.486256893162715 -0.811802372819046
1341840126.890140 2.01314486407273 -1.02428035002406 0.647485737677849 0.0248160405719988 0.321506916907592 0.479265005679917 -0.816285808305849
1341840127.057963 1.97609844509008 -1.00177139716267 0.640378543191175 0.0277122516735254 0.308468713814846 0.477368189689272 -0.822313015327731
1341840127.226060 1.94591986105296 -0.980668826969607 0.626295090267376 0.0272593271227306 0.30813464109223 0.474853767860447 -0.823907683659107
1341840127.425972 1.91991324946899 -0.954196266724417 0.60942191474435 0.028315706138537 0.306342272805926 0.473067735529581 -0.825566199816156
1341840127.701082 1.89379506386394 -0.928953469824638 0.597607389552733 0.0325798947810703 0.301603368449276 0.467588948208842 -0.830261726270129
1341840127.862267 1.88118203392934 -0.906578276792436 0.583848189200228 0.025645228941729 0.292093838487221 0.46598399489002 -0.834794842016088
1341840128.030080 1.85749155230263 -0.88967757162096 0.561957745949602 0.0267217990791325 0.279900775041303 0.454586875521265 -0.845158135610766
1341840128.197950 1.85389322629401 -0.852574354650242 0.553076222095449 0.0181558648319216 0.279209530467964 0.452427303050607 -0.846771479280224
1341840128.330055 1.83931327863816 -0.826881027443492 0.540412962296747 0.0234199277612248 0.266026741447946 0.437304699948138 -0.858746690952295
1341840128.465958 1.81449191867094 -0.800724115274433 0.515562362234243 0.0211287042165301 0.254648753822724 0.429832043155955 -0.865997693248106
1341840128.634021 1.80278632973627 -0.764409588245294 0.49490348162799 0.012133344377567 0.246023534880565 0.427657213720985 -0.869732435747622
1341840128.802328 1.78602305724571 -0.737028889386549 0.476767923151228 0.0117403185951849 0.239825912873721 0.420791933621751 -0.87480274635625
1341840128.973034 1.75474892498318 -0.711764139134887 0.459281572664719 0.018592476033993 0.234421067043415 0.402320038157323 -0.884782272685344
1341840129.141032 1.73483381282658 -0.690089058375931 0.447236842469776 0.00697930907854164 0.238575485991072 0.401421586703212 -0.884247553831836
1341840129.277050 1.70648291121684 -0.671144275463 0.435375446190616 0.0165949509869785 0.229010734259307 0.383948148782206 -0.894350328586326
1341840129.408991 1.67772509604484 -0.64275850260213 0.421087266377472 0.0205816842452223 0.227970401274626 0.387447894486239 -0.89302296693562
1341840129.577028 1.64479652471594 -0.614374001141234 0.417094798299525 0.0315386456845018 0.224169593045454 0.385953992517614 -0.894311368060329
1341840129.781126 1.60468232383655 -0.586234934076346 0.402184572748891 0.041582366272246 0.223168648853095 0.384135396462507 -0.894933884803161
1341840129.905955 1.57377336109325 -0.576499409339817 0.393939577606516 0.0470579579940056 0.214302683204363 0.373784754666784 -0.901190804291487
1341840130.042126 1.54691235611106 -0.555234002742965 0.381115032675556 0.0459834297920567 0.210967064909552 0.377476437805584 -0.900494286827859
1341840130.174006 1.51492257073705 -0.545085811671947 0.368381478700811 0.0504666686722509 0.203567525132336 0.377208860663104 -0.9020680980402
1341840130.349159 1.49149849677444 -0.521507054878579 0.349197648793955 0.0388565778566839 0.198749916257593 0.369575688520304 -0.906864073386751
1341840130.549069 1.45378083908092 -0.524228316501474 0.341737820298811 0.029057841891088 0.193950405004555 0.368095942743079 -0.908869770186733
1341840130.649137 1.45646813985093 -0.525378880471935 0.339122612461536 0.0183346369708665 0.199461124167094 0.376046933979518 -0.904692104794637
1341840130.846112 1.43799382325054 -0.529090016113798 0.31962943026385 0.0209784736462225 0.192546257814777 0.358428220437506 -0.913244246102324
1341840131.450200 1.40802132780972 -0.534790553292094 0.271439105453584 0.0252000257752922 0.196983171772812 0.331691856799144 -0.922248936498375
1341840131.717991 1.3817624894956 -0.54894703600137 0.212260458536518 0.0350919054741153 0.199109458978807 0.319356453218556 -0.925816092592383
1341840131.986149 1.35982976778221 -0.570327539075577 0.136308393181448 0.0493041623243279 0.20668846034471 0.314286993969158 -0.925241949632452
1341840132.086201 1.36209622465908 -0.559047308088897 0.101765850755584 0.0565621621101755 0.210634501170075 0.303658155793534 -0.92748345168759
1341840132.422003 1.33435037614218 -0.582643187141124 0.0465717112139666 0.0671415379007276 0.226167619906514 0.290116534885206 -0.927454914149658
1341840132.690063 1.30755821664353 -0.579953124047992 -0.00558372658041739 0.0645241142749021 0.227675178339839 0.27470666562509 -0.931953271203072
1341840132.790126 1.2935494838683 -0.571451240852169 -0.0148245708142765 0.0666885559903832 0.237519816622327 0.274945983571043 -0.929269433119246
1341840133.058116 1.24361790109034 -0.631989061527084 -0.0785429843993559 0.0805486931004356 0.247786017849555 0.268521064355216 -0.927367475920745
1341840133.290010 1.20644768018377 -0.674237601133071 -0.162028058948565 0.104708853368434 0.254408093058764 0.27096716129559 -0.922436651327277
1341840133.458017 1.20726078986115 -0.674651222311229 -0.23848939067538 0.114355942179816 0.268027347169508 0.267166697864269 -0.918534710944418
1341840133.626016 1.19304404929421 -0.715190621293076 -0.288923934692334 0.13013340715465 0.282337741045551 0.256551409317264 -0.915167782814137
1341840133.895671 1.15596163337105 -0.765778472806598 -0.350366529829845 0.146011507365492 0.284920574494837 0.235224059364702 -0.917698505960634
1341840134.198214 1.14728597974688 -0.82264892006496 -0.461289683896736 0.169866210144272 0.284438955376885 0.22488317512856 -0.916333732250115
1341840134.366116 1.13782707098894 -0.897575960594923 -0.554841423004113 0.19513819110999 0.28488919265897 0.219384452574126 -0.912485449881362
1341840134.565976 1.13456018569543 -0.993770043496271 -0.682474414710144 0.217858053979607 0.293859685127813 0.204478807160472 -0.907949762484154
1341840134.766613 1.15156427510756 -1.1069824026485 -0.810062601487724 0.233781791821415 0.300332579761627 0.198122052036524 -0.903268546913559
1341840134.933969 1.17261628534194 -1.20295909196282 -0.899704680369592 0.244451761974618 0.305378320698612 0.187610326554788 -0.900993775053305
1341840135.102037 1.18970695670735 -1.36175077636366 -0.949089432534752 0.26416011916634 0.313658495537099 0.165302990723602 -0.896946319953018
1341840135.202073 1.21279125278199 -1.43929060297974 -0.967447927095735 0.274512680987751 0.319497961747374 0.153147900906665 -0.893929281802578
1341840135.338325 1.2266310051819 -1.51008992209323 -0.984500918756514 0.28678841640642 0.314819764255444 0.132264738117363 -0.895068131093935
1341840135.502169 1.24001755963071 -1.63110125027739 -1.02195832482168 0.306538186194425 0.317560503796039 0.109849373672666 -0.890574411229719
1341840135.638227 1.2324275763935 -1.69576802219608 -1.00132644638992 0.318176856142539 0.319522828408523 0.0928033200004753 -0.887725292045888
1341840135.874119 1.2519691917712 -1.85829084886314 -1.01084340737863 0.334177266807579 0.318429631674872 0.0672783195938876 -0.884534765700616
1341840136.006161 1.28389361628384 -1.94353470275254 -0.88171091108156 0.355181228789957 0.328570987200403 0.0387904252704999 -0.874289828370857
1341840136.142085 1.32822449471369 -2.03038383172376 -0.823953339557785 0.369112172166492 0.337502672512996 0.00673685740149742 -0.865911522707413
1341840136.310044 1.37107774487254 -2.06418857055121 -0.72008228022434 0.381797504658941 0.346847158230018 -0.0206942877692505 -0.856445830579898
1341840136.442000 1.38387280532073 -2.09875045527549 -0.661179797271804 0.395753623277677 0.34356911381303 -0.0359114234393033 -0.850911101915402
1341840136.609971 1.4070029335294 -2.13602729347526 -0.535925502664627 0.412585180165165 0.342365479350273 -0.0583048176403513 -0.842116319695362
1341840136.742055 1.43875490191717 -2.15349219180627 -0.453876182556877 0.41926573114028 0.350237670073068 -0.0764251910953846 -0.834091728360394
1341840136.910068 1.47485821983482 -2.2104880048601 -0.432348503865184 0.425058340085449 0.356107651121714 -0.0987522347083721 -0.826293376759418
1341840137.046197 1.50383090242117 -2.19184503234892 -0.318128699114081 0.430638734066707 0.368539112988194 -0.123872314822356 -0.814484409021959
1341840137.213973 1.53854487650534 -2.21989618273016 -0.240525948325391 0.431627933206193 0.376902366616304 -0.154080202977609 -0.804923117052528
1341840137.421483 1.62262295039736 -2.27117665127097 -0.225960086593936 0.436377813829776 0.391836898400097 -0.181266818022211 -0.789417880044176
1341840137.624008 1.72772774885689 -2.34490402310439 -0.228496706425354 0.453748259844479 0.398445219374853 -0.200516471477346 -0.771457755493914
1341840137.821916 1.83732495955108 -2.39585661655304 -0.213619443545249 0.467014351343149 0.4138388848138 -0.226211094861339 -0.747972936420325
