1311870427.199132 1.87712161932814e-06 2.78832977079262e-05 4.67916548910266e-05 1.44380884992873e-05 -5.01445369277374e-06 2.93487721294598e-05 0.999999999452523
1311870427.463385 0.0199379889262286 0.000974059425571171 5.04898794927471e-05 0.000375394394151611 0.0177071305481192 0.00876190628028614 0.999804753742018
1311870427.499447 0.0231557939307143 0.00134693743982285 5.91518973400999e-05 0.000153561632526654 0.0198299237704847 0.00844452187634282 0.999767693312982
1311870427.831457 0.0453182051604401 0.000438157894176254 -0.00204048741016567 0.00327486690556632 0.0338576925464093 0.0124795650996289 0.999343380604038
1311870428.299170 0.0665810263801546 -0.0038907504787421 -0.014495273515066 0.0194640865594479 0.0330776069005896 0.0128706761512131 0.999180347560713
1311870428.763173 0.0952871114424933 -0.00254929366965813 -0.0132047456393494 0.0201957624903607 0.0378197607833722 0.00732672949727459 0.999053610126401
1311870429.031368 0.125550796720188 0.00263699742936217 -0.0110935550543079 0.0188092169450739 0.0310418431758902 0.00843988701129167 0.999305451619971
1311870429.131434 0.158537578212819 0.00520161646571441 -0.00885768793273331 0.00413034753251619 0.0230022707254922 0.00695274559004276 0.999702703357099
1311870429.199396 0.188263242762976 0.00603429060387789 -0.00508910002226806 -0.0012332364650557 0.0371852252528117 0.0126880085251364 0.999227077590667
1311870429.431354 0.20995154570186 0.00703007154640809 0.00258016752401192 -0.0141202821404839 0.0486575417996356 0.0137599478959673 0.998620911603693
1311870429.599449 0.226516507946326 0.0143006756287293 0.0123274921980682 -0.0360506971340576 0.0526626455949278 0.00229702836587238 0.997958775028196
1311870429.699491 0.234363582375676 0.0204003231623692 0.0219075374359422 -0.0754357454709921 0.0361820433582054 -0.0025354373602087 0.996490782496784
1311870429.831318 0.246146640467852 0.0269246216047242 0.0301441997082659 -0.107334685961051 0.0261925190797039 -0.0120870771227683 0.993804366915607
1311870429.999478 0.263999628301168 0.0280544247320272 0.0384503609882117 -0.12506226524261 0.0313103432575722 -0.0293766790039786 0.991219502909511
1311870430.199392 0.285986791371322 0.0265736010904914 0.0519958411436435 -0.137342889258477 0.0309789954894055 -0.0306998620178652 0.98956290910719
1311870430.231223 0.319704084467743 0.000122411308016245 0.0626524335704323 -0.0980668809769869 0.00290527827193281 -0.014967488206659 0.995063023386153
1311870430.263346 0.405937798422453 -0.0284125058679547 0.0762030633555559 -0.0633301947706874 -0.0545681438261172 -0.0243091768127408 0.996203125889678
1311870430.331664 0.429642240450815 -0.0319141100174567 0.0800986294263359 -0.0556596951373471 -0.0678733904374959 -0.0245685974253503 0.995837127861925
1311870430.399281 0.461651155215547 -0.0380844191505903 0.0802232580483622 -0.0470699582597405 -0.0776316790289312 -0.0307677416916976 0.995394940469243
1311870430.563500 0.490998494756091 -0.0394848257152754 0.0788746719043528 -0.0463029143674386 -0.0900107521392855 -0.0382014693890912 0.994130148600733
1311870430.763500 0.516787875029529 -0.0426790518261615 0.0882072393458511 -0.0461766919136228 -0.106129837091019 -0.0442954709656997 0.992291329224878
1311870430.899451 0.534128869080929 -0.0476386086462405 0.109004136379569 -0.0563196833063163 -0.109531137267666 -0.0568330199794584 0.990757806469948
1311870431.031523 0.548745460178955 -0.0604794457841965 0.128456041124079 -0.0520386779137248 -0.125110930888785 -0.0688163654270843 0.988384307252265
1311870431.163490 0.56383727535664 -0.0669078903821471 0.14537223761202 -0.050751970856847 -0.146944538067546 -0.0769789051957465 0.984837950294933
1311870431.331676 0.57913169998579 -0.0684635811567098 0.157328054381954 -0.0629570279220215 -0.15950073455023 -0.083219296690471 0.981667192571651
1311870431.431480 0.59486291070584 -0.0697847296751407 0.16915951153321 -0.0682550738403926 -0.179422308988425 -0.0870988536258151 0.977528858719462
1311870431.531388 0.610335459128896 -0.0703814681091818 0.177851579401694 -0.0758300337283301 -0.199988612599331 -0.109233353161153 0.970732937203908
1311870431.631542 0.633045240353957 -0.0700735590042456 0.186017110699009 -0.0845905508280586 -0.219122668943457 -0.135623598016215 0.962515420306001
1311870431.731529 0.653735296876197 -0.0666577686211727 0.195874173650517 -0.0972808500440322 -0.230044595862001 -0.156096568860665 0.955641031621878
1311870431.831541 0.697970240719525 -0.0540347178939001 0.212535814541855 -0.137749456140499 -0.238949153362228 -0.17736417898438 0.944706482169815
1311870431.899573 0.721850134565126 -0.0697692415148358 0.235491796328948 -0.134787084326538 -0.22202675397055 -0.155170869999655 0.953130926748053
1311870431.931488 0.799107155335482 -0.024748780263626 0.326944903352765 -0.0529001643407654 -0.287462821251766 -0.12258896619784 0.94844011111785
1311870431.963564 0.803717073160151 -0.0360094443919524 0.347505217050444 -0.04192261510071 -0.318976495084148 -0.108317654806452 0.94061882587166
1311870432.063526 0.823282284827861 -0.0422264926382788 0.360794009175902 -0.0352850787138745 -0.341779035718675 -0.143932922152671 0.928022288462924
1311870432.163607 0.842023016606521 -0.0464627995137249 0.369877037070466 -0.0392139408955642 -0.361410228177969 -0.16618570925561 0.91663909138057
1311870432.231754 0.866706165677019 -0.0470410834624339 0.380860461623138 -0.0413943168484463 -0.383916612878407 -0.176393652241282 0.905416933979923
1311870432.363365 0.886402784279842 -0.0413895694472543 0.386112322280967 -0.0555889130694125 -0.392659112906415 -0.185337987698235 0.899098728789713
1311870432.463520 0.896706051955582 -0.0317347257532154 0.396441220290878 -0.0805105950351483 -0.384407495393359 -0.19785903077026 0.898109528685196
1311870432.599522 0.910717958800285 -0.0295248588220698 0.410681790712714 -0.10049520207445 -0.382499820707257 -0.200739253880103 0.896269130044425
1311870432.731507 0.921494158899758 -0.0313098320269291 0.428557728195992 -0.110521965775195 -0.399846655394695 -0.213154978216028 0.884574758012339
1311870432.831541 0.927318372556234 -0.0391953394800937 0.447146758570165 -0.116382027447773 -0.401718469476654 -0.228028536775755 0.87924995387227
1311870432.999630 0.94299479826665 -0.0381338179303385 0.47637996866725 -0.116123637242413 -0.42851058286559 -0.238251077496985 0.863788403092627
1311870433.163663 0.942505329536617 -0.0502966665443015 0.482259613705424 -0.119220356058387 -0.434405388597485 -0.244251553865901 0.858731415224151
1311870433.199558 0.953616180571356 -0.0565387110064728 0.504223886715635 -0.117351083072797 -0.446920485958629 -0.242024869224795 0.853179210487964
1311870433.299576 0.961402668111935 -0.0652898507127796 0.515447727824516 -0.105405484849764 -0.468413836747876 -0.259158194085898 0.838042476098233
1311870433.363571 0.976047852637658 -0.0683051328893928 0.54063883648567 -0.096736610699722 -0.49069649926368 -0.277903630180231 0.820139345534251
1311870433.463559 0.986359616692066 -0.079014843272579 0.546392610350744 -0.0991260668628502 -0.499234932273719 -0.297658945417325 0.807674227321265
1311870433.563651 0.998072470315226 -0.0899866621624669 0.566705148380639 -0.095891624211381 -0.51515461664441 -0.320993382649742 0.788913027938524
1311870433.831859 0.981379159642806 -0.106106813520149 0.586689284552641 -0.0949137097519274 -0.517890895614213 -0.338106470545927 0.780041295391476
1311870433.963703 0.958404871096614 -0.115473374755601 0.59747411360216 -0.100564339131638 -0.509903712652788 -0.348152161088327 0.780176319973535
1311870434.031599 0.918346378030002 -0.126363509413794 0.599329693541077 -0.112354511136795 -0.495146509665907 -0.350709855610641 0.786898338396038
1311870434.199633 0.887977043715652 -0.125131054695221 0.604122774703992 -0.118371381252865 -0.494187897280104 -0.348456372919522 0.78761963818453
1311870434.331839 0.867686824000642 -0.131556565873791 0.605883137482417 -0.121697582665447 -0.506121694167207 -0.351604043275548 0.77807784046263
1311870434.431695 0.854965093311551 -0.135563386969321 0.610097533264525 -0.111537640562819 -0.534162604908242 -0.355813194410654 0.758700624053128
1311870434.531561 0.845056229144362 -0.141053554128984 0.623741572908256 -0.0826813471391641 -0.577495175562943 -0.372433838563389 0.721772923383607
1311870434.599830 0.842525519122426 -0.148555931878247 0.635287789930391 -0.0730392508607402 -0.602618303340501 -0.385686873551078 0.69481082596856
1311870434.631527 0.837800704844676 -0.154234942783752 0.654765564419098 -0.0650560520158554 -0.630840098262704 -0.401736935796479 0.660617828200896
1311870434.731536 0.835284916748985 -0.154863529621319 0.672486330244292 -0.0649884999757445 -0.643529319514769 -0.413621730965239 0.640752349561889
1311870434.867798 0.84293664879128 -0.150821341405504 0.686787194995155 -0.0722423117431035 -0.647651230117434 -0.416895441799835 0.633661678759184
1311870435.067626 0.856443567899095 -0.147336829003597 0.693317353268576 -0.0790144294530828 -0.654254355249725 -0.418099014976539 0.625220898763483
1311870435.199566 0.87534979182431 -0.14243708179199 0.696678120756738 -0.0862083490907348 -0.66485467815479 -0.419199636765011 0.612215682597909
1311870435.267867 0.892831681856582 -0.142555812732676 0.704631088901026 -0.0939756412681689 -0.672903120381396 -0.419422846114753 0.602041896869493
1311870435.367691 0.935374189479184 -0.145685036015571 0.720374556734329 -0.0890384890514944 -0.679138665339871 -0.424325242724754 0.592276041296948
1311870435.467618 0.956530753143384 -0.147778547896756 0.731781173117748 -0.09489843312596 -0.682410174303765 -0.427496044173604 0.585284352783211
1311870435.531794 0.973426303456407 -0.153301610568046 0.746582202976463 -0.0895174670894689 -0.688565310917461 -0.430299096752632 0.576807700209433
1311870435.631832 0.98610340851022 -0.162651433488742 0.768426136725164 -0.086275893531008 -0.698037650171374 -0.432398912957411 0.564208373929263
1311870435.699715 0.993547140390379 -0.167020248873368 0.785781179050082 -0.0803476347119915 -0.702041333337358 -0.441080242585753 0.553290559726611
1311870435.731639 1.02392621014836 -0.19588017220533 0.860452648731698 -0.0758248828707028 -0.733654975856541 -0.47863765423545 0.476347519660351
1311870435.767597 1.02947141147764 -0.205876420903959 0.879765772006206 -0.0659615088209237 -0.743188947051002 -0.478424267101039 0.463065318269597
1311870435.899972 1.02223390268132 -0.211378138946913 0.89582842236918 -0.0618269345004589 -0.747840685922963 -0.484448177881592 0.449690673236342
1311870435.999894 0.992904035367056 -0.22711031425509 0.920100611112352 -0.06234307428867 -0.754457438667863 -0.493899679833021 0.427750418571163
1311870436.099813 0.984472662049432 -0.232641034344127 0.935778911505496 -0.0532105785096479 -0.766653636860344 -0.489030079342749 0.412626243617031
1311870436.200035 0.980394388707634 -0.231479994655839 0.943171010843801 -0.0653832006323974 -0.777733264949112 -0.491096149280601 0.386885742601642
1311870436.331958 0.977608997127142 -0.234113559774152 0.955354117527238 -0.0664906192288206 -0.788211398731057 -0.496757339243271 0.357118935892433
1311870436.467708 0.975347256922609 -0.239384808003006 0.972311732631282 -0.0643060170093018 -0.792635785702703 -0.506891330999786 0.332647600257575
1311870436.600076 0.969319428456561 -0.247346582487261 0.990021823163207 -0.0548161208215005 -0.792936560836938 -0.516809595222392 0.318048181369174
1311870436.768050 0.966392339531205 -0.256250164362341 1.00544741600247 -0.0458007602337624 -0.798966171756264 -0.517125319744415 0.303540360463622
1311870437.067654 0.96080365914767 -0.263767968925052 1.0218682518667 -0.0488290132417278 -0.80729715823511 -0.510715422089552 0.29164496123068
1311870437.531864 0.951595067560662 -0.269621292015191 1.0414915338302 -0.044203392617829 -0.810953113818518 -0.512251243427464 0.27928439067757
1311870438.167952 0.959945165835762 -0.262539616628433 1.03607233705091 -0.0524802034714165 -0.811547576649996 -0.521236345688535 0.258745108186378
1311870438.699970 0.953911110868915 -0.264181194681877 1.04616247942214 -0.0629008726357855 -0.798839139582963 -0.524579988381421 0.287602755692217
1311870438.900416 0.933002433272847 -0.268692507374952 1.03143946491455 -0.0628041942461331 -0.7950215369262 -0.518322256963882 0.308769213077443
1311870439.000222 0.923917617124701 -0.279061640683299 1.0242557697403 -0.0531578485618538 -0.802783765322982 -0.499413153269373 0.321401573754194
1311870439.131876 0.921871516014095 -0.294968925366958 1.0264591020026 -0.0472215885371324 -0.810980136477186 -0.480114733559189 0.331015380964184
1311870439.267817 0.929748255738443 -0.314016550566672 1.05248157492784 -0.032648414078823 -0.815912821998856 -0.477351626702617 0.3245855394813
1311870439.367859 0.932713697244159 -0.335676153904881 1.11601720583871 -0.0185759117247575 -0.79348090810855 -0.510020368941957 0.331545181287761
1311870439.399807 0.94146428268755 -0.328467298542595 1.1582851234074 -0.0583478691521957 -0.759157915582864 -0.534932509530102 0.366226699765469
1311870439.467853 0.828506904760535 -0.237382393941875 1.22433433524425 -0.135863086248678 -0.734359969115178 -0.545196961111505 0.380810886334568
1311870439.499862 0.815091338635572 -0.234859782140028 1.26025485144236 -0.162933131442448 -0.732805792155898 -0.533904019992491 0.389095056633958
1311870439.531912 0.802434720041569 -0.247274880082145 1.2842517876765 -0.189714491056629 -0.726401675751886 -0.530593942342082 0.393470565224214
1311870439.599826 0.79366132329622 -0.253503264978981 1.29675161251222 -0.203038904390074 -0.733565229265737 -0.531143893574734 0.372214215250649
1311870439.731911 0.789034445154059 -0.219232327368851 1.28594442549877 -0.224628003664881 -0.737595461215732 -0.529928404906319 0.353087922813748
1311870439.999959 0.786254278913744 -0.216808912156079 1.29809244563645 -0.247222304691102 -0.712158622036849 -0.545992166329209 0.365518513113815
1311870440.532310 0.782298313317988 -0.21152081780919 1.29946202203994 -0.266063557678287 -0.682533680658638 -0.572812345212708 0.367755319763103
1311870440.968265 0.778910779845925 -0.20693279365176 1.29976531032449 -0.290560924929614 -0.655264839196833 -0.594930894691808 0.363675088447917
1311870441.232068 0.776332264709488 -0.202611268254206 1.29936766259603 -0.31578063716593 -0.62890919176152 -0.61523618371143 0.355303048060592
1311870442.332140 0.776297059277194 -0.203506755890366 1.30097452931807 -0.294777118568341 -0.646221826077867 -0.592439586742122 0.380156728113495
1311870442.600265 0.778486852628652 -0.206254911395728 1.30166384879866 -0.271368237894969 -0.664208212303721 -0.573167153121389 0.395810743604562
1311870442.968874 0.782449050520413 -0.209903456095302 1.30124562280707 -0.258070514118427 -0.675448743997166 -0.548234913657953 0.420246455573106
1311870443.732224 0.784351417933802 -0.211742418193249 1.30185797813256 -0.240917197390263 -0.688475905319269 -0.52263978108175 0.441370016003867
1311870449.071321 0.780897130693723 -0.209012688981131 1.30771677930124 -0.239473799325917 -0.70187513185981 -0.509894162622968 0.435926073590703
1311870449.436669 0.780931561647245 -0.202880969070879 1.30716600132434 -0.22630857087923 -0.712851305790411 -0.4874486399379 0.45057881663722
1311870450.069346 0.77906922892729 -0.195156205514521 1.30957199086119 -0.199085849572601 -0.711136014191034 -0.487877011916462 0.465431428960174
1311870450.701290 0.776475720352665 -0.19947823908943 1.31565987216282 -0.216888460188565 -0.698289445184777 -0.475312581679573 0.489315027643408
1311870451.269610 0.773876266372553 -0.2043370813941 1.31980016023788 -0.23300625468248 -0.686371340388562 -0.480475833100959 0.493705825545932
1311870451.770092 0.775628376302047 -0.208695086502294 1.31733081120121 -0.228207995100208 -0.664329352432521 -0.498175450283764 0.508339299290839
1311870452.137766 0.778051023497876 -0.212153258263314 1.31344870144236 -0.232021484608363 -0.646391295397695 -0.513310130675291 0.514642627131038
1311870453.137902 0.776441321324331 -0.213362857502621 1.31808012744375 -0.240633746093245 -0.663173538520699 -0.494357239736366 0.507845623755199
1311870453.536921 0.773746667442486 -0.214920416959379 1.32380482677697 -0.251755948384207 -0.673069589427919 -0.477790277032508 0.505284792383167
1311870453.969060 0.771649584116547 -0.21386964367601 1.3283552409869 -0.244474520343034 -0.691409926651448 -0.465214335577829 0.495742013756916
1311870454.236797 0.770450974546888 -0.210354335460468 1.33025547425424 -0.23294108044052 -0.711989033012082 -0.444625051764762 0.491038321576744
1311870454.436702 0.770292924379515 -0.206346494135793 1.33152708598136 -0.225538075109561 -0.726692587262403 -0.420338560018457 0.494333849999532
1311870454.736893 0.769509093098036 -0.20153904658472 1.33275714579045 -0.20247987628415 -0.738743476125284 -0.405167288426173 0.499098632107592
1311870455.469223 0.765580538267391 -0.199737927850242 1.33694851020595 -0.219765068161794 -0.724351922331823 -0.406575233134883 0.511580088775307
1311870455.869194 0.76404227893767 -0.202952965028556 1.33976711088443 -0.24967660766962 -0.711030375203584 -0.409396786573673 0.514287534618127
1311870456.269026 0.763493278901101 -0.206129235162706 1.34074273727224 -0.260569411026677 -0.690537092553148 -0.429915994181633 0.520033021828686
1311870456.904967 0.766606999213483 -0.211302903656167 1.33794292642898 -0.255166737525367 -0.680339158199257 -0.446657413648031 0.522039960840776
1311870457.669307 0.766055658050177 -0.214937357139488 1.33878942917437 -0.280627478794483 -0.661299057297853 -0.457643895079391 0.523921597435138
1311870458.105369 0.764967015953868 -0.218004320171973 1.34296542050038 -0.29663605355665 -0.668710621705026 -0.450497863625082 0.511746842704917
1311870458.537298 0.76378785047877 -0.219544927553759 1.34578769849113 -0.316493455123175 -0.668016187338107 -0.456080311220208 0.495557278259266
1311870459.205333 0.761789536548221 -0.213319180290889 1.34677706951114 -0.312560743020571 -0.689130026354076 -0.435742181814546 0.487374947742657
1311870459.537121 0.760680777249894 -0.208494326589044 1.34686271745509 -0.294646917211701 -0.710429403006425 -0.416947226647442 0.484384421418136
1311870460.405219 0.756805052035875 -0.206146591612388 1.35210336182877 -0.307499637374793 -0.699366500207131 -0.418571281061931 0.491048423348017
1311870460.837324 0.756831150914632 -0.210390503273811 1.3566631697399 -0.329732569615162 -0.694813014403949 -0.418175740946512 0.483363586996079
1311870461.469524 0.754524139844877 -0.204975026623246 1.35769951835355 -0.331619770111321 -0.710464466763004 -0.399176708568379 0.475317288634645
1311870461.969475 0.752002936798914 -0.198726261565802 1.35686759889479 -0.315821124971903 -0.721939475207026 -0.380831146971327 0.483764455758987
1311870462.373322 0.751781847003486 -0.196576288351573 1.36007006386208 -0.3080558961556 -0.716302048407859 -0.355455256828431 0.515426523069496
1311870462.605454 0.753504571841055 -0.197836003286655 1.36231474907835 -0.304100942106506 -0.716713331939056 -0.326488376142123 0.535957047789122
1311870462.973378 0.754690694610878 -0.199717911639495 1.36596081418327 -0.300970519588129 -0.712704880281857 -0.302192293563684 0.55690961355681
1311870463.373561 0.754847978552924 -0.201357436749579 1.36860451639056 -0.315708622375448 -0.707074230474088 -0.320439152770336 0.545612360315547
1311870463.837576 0.753611600544727 -0.200970844121427 1.3694730992933 -0.338223769811142 -0.708497088910378 -0.337544033929857 0.519327046954632
1311870464.437721 0.752492428429916 -0.199278403305091 1.36910630802087 -0.353981496399805 -0.689881382321009 -0.367206361045285 0.513731707159767
1311870464.737546 0.752999155854006 -0.201115876801175 1.3715784833791 -0.37221864704771 -0.67130715398793 -0.383603430981855 0.513467030619832
1311870465.037669 0.753577607604884 -0.20447357563499 1.37467300276739 -0.394176419509407 -0.659165424358665 -0.395192465277618 0.503933337873775
1311870465.637540 0.755856941162198 -0.210454671329527 1.37775246568777 -0.412555346612945 -0.652457879378234 -0.403393406061796 0.491294780721508
1311870466.773742 0.758232046924081 -0.214510026888202 1.3769017516808 -0.401777299214183 -0.667804551596277 -0.384248843958996 0.494939297914024
1311870467.206011 0.759031376275853 -0.213178816767627 1.37303795646176 -0.38182562768545 -0.670974760719336 -0.376400704893336 0.512176307413806
1311870467.637908 0.759211461060262 -0.212744742757602 1.36917792256409 -0.370245853475737 -0.656533356429097 -0.387094037315602 0.531074539170045
1311870468.205790 0.759565495109826 -0.212786693208907 1.36554163903068 -0.361812285778682 -0.647195966251816 -0.400902119736111 0.538058306801481
1311870469.473956 0.758687705682136 -0.207979040288106 1.36249661718008 -0.357648474656143 -0.62895424951941 -0.397961792570431 0.564030612858681
1311870470.405805 0.757644826353065 -0.204372840351764 1.3574205465546 -0.336147024465882 -0.648110198995936 -0.40605068569279 0.549619130442707
1311870471.174023 0.757593307764142 -0.204693260284085 1.35549476858712 -0.328817042271759 -0.672275154497895 -0.421767023727082 0.511896519867915
1311870471.874024 0.759231788082017 -0.210953860253218 1.35902477056255 -0.338525794787709 -0.682070613611706 -0.414513383722586 0.498355916013398
1311870473.506409 0.760444138878923 -0.214929911167836 1.3549290627964 -0.321384182014727 -0.681830187673294 -0.43327485307259 0.494057389807147
1311870474.942309 0.760663231306309 -0.214469790436002 1.35974473928534 -0.346897979319304 -0.670610076613883 -0.400780624205327 0.518959351346224
1311870475.542368 0.759901544683981 -0.209351249391779 1.36115651730852 -0.331243139519684 -0.684494130982493 -0.381034636959823 0.525888175003546
1311870476.142192 0.758366803251347 -0.203921395049364 1.36257529730357 -0.322107489413824 -0.695695336871547 -0.360762445350461 0.531135784468966
1311870476.674440 0.76096658198778 -0.209829209706219 1.36850997125572 -0.346707595939761 -0.679063921162882 -0.339309335313152 0.550940295188062
1311870477.042467 0.763138215654656 -0.216024012303943 1.37298728215958 -0.374356174794024 -0.671170864495013 -0.331902515178702 0.547017225930459
1311870477.506439 0.764200447344798 -0.218234186518669 1.37705581297994 -0.384421596240087 -0.682993029759903 -0.331373101544651 0.525292704324256
1311870477.874752 0.765115511892283 -0.218307797314239 1.38041590357754 -0.39051358695769 -0.693312835712246 -0.307573451641111 0.521742294704633
1311870478.307070 0.76637194783303 -0.217880988607985 1.38489591774589 -0.397985678488747 -0.686498723978648 -0.303967233615279 0.527191447751019
1311870478.742334 0.767109372688142 -0.217946399840405 1.38892100624048 -0.385676739504775 -0.683569687834925 -0.308547700905922 0.537386500336488
1311870479.042444 0.768810091279487 -0.218596836774712 1.39309497991788 -0.39685730849268 -0.6749385185821 -0.301808667420804 0.543942828889053
1311870479.342418 0.768956063434165 -0.218907986489966 1.39723984265972 -0.414513265580894 -0.669978168329806 -0.299242555175946 0.538295364823692
1311870480.106439 0.770002599274034 -0.21807905000419 1.4005044216738 -0.423340503844678 -0.666963423012036 -0.280955286087591 0.544983245052582
1311870480.406616 0.770465625194035 -0.215839267565619 1.39984652151042 -0.414195227116225 -0.655452526755913 -0.271055343116434 0.57039749295685
1311870480.742508 0.771353813983227 -0.214167484293744 1.39993395980681 -0.41340965856742 -0.635737398059778 -0.264840355241341 0.595642511198616
1311870481.042482 0.772019160955751 -0.212934103392755 1.4016049396385 -0.430710246619521 -0.623454153678703 -0.27839803842707 0.590159413987173
1311870481.344908 0.772437118721865 -0.211052236327578 1.40470636732345 -0.431958947955371 -0.626893177367847 -0.269459845624677 0.589752323477288
1311870481.642653 0.774224509673551 -0.209396352758648 1.40691106559533 -0.430575838176676 -0.628565465410943 -0.251971153212233 0.596674485142506
1311870481.974685 0.774715986997864 -0.207381133832487 1.40938399386777 -0.422483478636925 -0.635874162782958 -0.239778399767566 0.59973167199075
1311870482.242571 0.774041621052551 -0.205736351909621 1.41158801107742 -0.413189118392592 -0.637801727622354 -0.22724761846874 0.608968167135344
1311870482.510814 0.775051640236482 -0.202525818771248 1.41306360105576 -0.408353804195778 -0.649505560718828 -0.209811065934971 0.606109737428288
1311870482.710891 0.774832560581001 -0.200126110107333 1.41475404844033 -0.403312382749114 -0.657772308989764 -0.187925862228361 0.607748781778486
1311870482.975970 0.774599394560575 -0.197377285855967 1.41660712977565 -0.393464624320675 -0.666046687474328 -0.188847803306754 0.604899914613052
1311870483.242695 0.773736424484036 -0.195142195781056 1.41936225852243 -0.392059066930192 -0.6600003688947 -0.188258635260932 0.612574801429489
1311870483.476563 0.773652406525161 -0.193072091720981 1.42145011181652 -0.405416133589637 -0.658037676246474 -0.175519804018708 0.609767967068298
1311870483.711260 0.77341655544075 -0.191123929858392 1.42307488432047 -0.406236708394523 -0.64487988572464 -0.175766787632745 0.62306316381714
1311870483.975520 0.773464387298385 -0.189206227062691 1.42437453060184 -0.402171895122766 -0.631657621564371 -0.170754997208965 0.640397647420078
1311870484.375427 0.773034781991218 -0.18671104239955 1.42580314547891 -0.402748817695401 -0.617740269833524 -0.17918830897967 0.651215708345528
1311870484.745698 0.773466396970831 -0.183762075008264 1.42563828821292 -0.405076377689479 -0.61475483434294 -0.160060275410651 0.657548728327735
1311870485.142899 0.773652687846259 -0.180798652502004 1.42644299479431 -0.397224442824651 -0.616803830875136 -0.149656288474163 0.662848980960626
1311870485.445002 0.773479823961499 -0.17922791310432 1.42900841976531 -0.398483830121361 -0.604937906698785 -0.153646724289274 0.67205167233322
1311870485.714523 0.774332318959337 -0.179201958375055 1.43245278396367 -0.419871101665606 -0.597639767540369 -0.142152701610185 0.668077522197334
1311870486.043924 0.775204095115854 -0.177629887166235 1.43596475317832 -0.428672948366615 -0.601366512429125 -0.14171865852388 0.659176488426048
1311870486.374888 0.775333507407446 -0.176457950612691 1.43890123632547 -0.424334514564066 -0.616235336556343 -0.143491723971737 0.64776875108374
1311870486.677991 0.775723018109495 -0.175313008251342 1.44113974853433 -0.428153637173095 -0.632852507764761 -0.134869306560051 0.630866417349437
1311870486.910964 0.775675475288099 -0.172767522153853 1.44217959253936 -0.425817973255291 -0.64472308325537 -0.118282897040601 0.623714963615696
1311870487.144542 0.77678757053921 -0.171122082920517 1.44236390239211 -0.408571373215607 -0.659841131018171 -0.0976957286682207 0.623004542042319
1311870487.611318 0.775857548850925 -0.167784701363026 1.44613772028477 -0.412509972686154 -0.656031540229594 -0.10545732465959 0.623166826246469
1311870487.912913 0.776325419963745 -0.166515876339707 1.44988270308048 -0.431596745069395 -0.647320292213521 -0.105846052632709 0.619271589915264
1311870488.175287 0.777729714605583 -0.166733937452738 1.45442991988932 -0.448262122731846 -0.647103797919723 -0.094932373573273 0.609348495107319
1311870488.614782 0.778971087692313 -0.167155206778019 1.45961104708722 -0.448818906832119 -0.654140075298639 -0.0931088768725786 0.60165861400452
1311870488.914190 0.779164642602522 -0.167299208156218 1.46227667824092 -0.442414627280008 -0.672976205388769 -0.0949929963561583 0.585105678653442
1311870489.443337 0.77702272331871 -0.164674535794816 1.46621309518002 -0.454577704095821 -0.670176429427123 -0.0924851435898193 0.579369625191428
1311870489.775225 0.776254231707782 -0.163857203141328 1.46901427312524 -0.458517670285583 -0.671672050636218 -0.110176368588629 0.571383732910416
1311870489.979557 0.775961360798324 -0.163773376030229 1.47126045615761 -0.469631300438171 -0.675646378907113 -0.11626685694864 0.556264712429022
1311870490.211190 0.776970475790088 -0.163211469030693 1.47314177414637 -0.487240356679728 -0.678121755754646 -0.111770324367666 0.538753295846619
1311870490.511192 0.776298626948455 -0.163368632897945 1.47748384278914 -0.498757288616479 -0.661969768742726 -0.116731469340202 0.547184572505766
1311870490.911255 0.775997749966663 -0.163029416787298 1.48042193927838 -0.509063055051233 -0.658512774700384 -0.125225158772859 0.539939247646083
1311870491.311156 0.775320501260798 -0.163458822834973 1.48086232363102 -0.529302571623462 -0.63332613892096 -0.13416353819241 0.548394870920537
1311870491.843188 0.773901196156061 -0.163445833352582 1.4824954482714 -0.514763462835912 -0.624273437090277 -0.160135773024222 0.565382867860893
1311870492.179310 0.775610573398071 -0.163622609097166 1.4860956175773 -0.520198745767062 -0.625219698489424 -0.186652752506868 0.55104840395811
1311870492.579262 0.775968325942372 -0.163832427905767 1.48887537959044 -0.539896224605019 -0.622777894281599 -0.177726945214126 0.537654995323469
1311870492.879362 0.776634591114583 -0.162280530734765 1.49242170892798 -0.547887110143814 -0.631180525972322 -0.171904891857593 0.5214207191194
1311870493.911477 0.771718656180756 -0.157693845429664 1.48837798729576 -0.552991417157385 -0.621971736002397 -0.172257696216307 0.526952500951159
1311870494.679420 0.770677091942202 -0.15457980296829 1.4911388971331 -0.570457869880705 -0.599816340416933 -0.174328720768614 0.533298859529238
1311870495.111297 0.771521118900812 -0.154297615781812 1.49567654804778 -0.588435996235752 -0.596264056546456 -0.171110365792066 0.518587982818064
1311870495.711761 0.769117263066816 -0.150440170054898 1.50067251083429 -0.600581805391876 -0.589675770121629 -0.191604311396268 0.504848263360448
1311870496.611486 0.763337742243677 -0.143207777280969 1.49005215400063 -0.611294234206321 -0.578195400409228 -0.179828909217657 0.509579239747175
1311870497.043473 0.762888005961544 -0.144277189829376 1.48981029577002 -0.619349605649848 -0.544426595792764 -0.182214038923348 0.535540653726793
1311870497.479735 0.763796581085053 -0.14946019567568 1.49080224245063 -0.642986387078027 -0.50120148040315 -0.170416943083728 0.553465127703665
1311870498.579847 0.758850512498942 -0.14715850385649 1.48658938863475 -0.659485666599699 -0.482611839335892 -0.14429264719928 0.557982168215618
1311870499.247640 0.759325312577847 -0.150581088417616 1.49036803481483 -0.672666274648898 -0.466352930735762 -0.138795638281628 0.557468203342697
1311870499.580101 0.760990249674292 -0.156161857961587 1.48863579673043 -0.684086755468607 -0.45023228804712 -0.13765820297402 0.557105391237827
1311870500.411721 0.762498356325358 -0.163428284406496 1.48918217194633 -0.686521019020348 -0.453966291640336 -0.131948034899225 0.552442949619069
1311870500.747952 0.757952167199252 -0.16098243717379 1.48605739073169 -0.698582396280008 -0.456626472102761 -0.12442188901073 0.536650812090758
1311870501.211743 0.753881173780851 -0.158032173316693 1.4835578662894 -0.701455551547864 -0.450723034428964 -0.119033500969265 0.539110268020216
1311870501.647864 0.753841853718811 -0.160682495983274 1.48295721811076 -0.708588509901352 -0.424509996837592 -0.131466093881653 0.548096937028688
1311870501.911796 0.754680400569331 -0.165832439044982 1.48294532619986 -0.714639004554977 -0.401944459483012 -0.132126482212531 0.557022744021932
1311870502.180123 0.754032886839147 -0.171601435184987 1.48247522983667 -0.715718627711894 -0.391943004278939 -0.142185871405809 0.560277346780658
1311870502.511998 0.756965914098871 -0.177273597806431 1.48094194888692 -0.718970190235556 -0.386958121306675 -0.141432880564822 0.559769611717709
1311870503.347883 0.752209091315422 -0.175417775650818 1.47912642613237 -0.715171780086759 -0.382755846814208 -0.130355852101819 0.570118091731778
1311870503.948251 0.750923893109011 -0.172046216795239 1.47871873324283 -0.726730686113444 -0.351585501007236 -0.142827834917759 0.572582181800377
1311870504.212116 0.751139964270369 -0.176798058565576 1.47767445521903 -0.724561335540642 -0.339892985598584 -0.150604384860547 0.580346404004728
1311870504.448107 0.751321294433947 -0.182357527314354 1.47549319820745 -0.728648957867966 -0.328494354694686 -0.153743365265334 0.580969132371539
1311870504.680079 0.749036616558381 -0.187863784166744 1.47233724886881 -0.730103932451576 -0.319949844231333 -0.157886727067901 0.582796814001996
1311870504.980118 0.752287627700086 -0.192419877418715 1.47078197867724 -0.731571552231372 -0.320292556024984 -0.159493751167584 0.580325327604488
1311870506.180306 0.748731432422925 -0.194124520251683 1.46961515986982 -0.721194217848087 -0.316728428717694 -0.164406077656319 0.593744595103123
1311870506.380127 0.748014238653141 -0.198716356618822 1.46720525379347 -0.724109265793201 -0.309661068246159 -0.165927841808807 0.59350125974403
1311870506.612421 0.7473560440817 -0.203981153036827 1.46449579649958 -0.723069834403837 -0.301733558499128 -0.163410246969598 0.599519779019838
1311870506.880285 0.74716070903743 -0.20895226445902 1.46153724867821 -0.723917895040943 -0.299475470729516 -0.160377825938132 0.600446730874757
1311870508.280508 0.743251793486544 -0.208082361026493 1.4607593196466 -0.71779340923133 -0.304253188429174 -0.157948579549437 0.606015565157415
1311870509.248341 0.739954838750886 -0.209306874324429 1.45910598063074 -0.718947178946412 -0.281560460111322 -0.162977129238135 0.614228879597982
1311870509.480826 0.738388501225131 -0.213486303361626 1.45666606367755 -0.717707580734297 -0.282722652382382 -0.161765812648315 0.615463688810821
1311870509.816617 0.736965814975462 -0.218374019888927 1.45432162522857 -0.714021439997077 -0.285406990426227 -0.157836379962574 0.619519095912833
1311870510.316572 0.736260778545628 -0.223764295297276 1.45159700429897 -0.712171236437333 -0.285950423190237 -0.150918192425403 0.623111695174865
1311870511.448601 0.740643785956596 -0.226183570237769 1.45256330211382 -0.710223444369099 -0.279597453667123 -0.164850115178516 0.624685811025818
1311870511.716482 0.744360625471718 -0.224223796453878 1.45558029111261 -0.708981247984809 -0.291982804029589 -0.16260899263838 0.621007204201411
1311870511.916572 0.747736312827063 -0.222311656241025 1.45851705051552 -0.707339655008135 -0.307714917945509 -0.166711280773555 0.614157545414531
1311870512.080554 0.750771851808596 -0.220773955564705 1.46085924997025 -0.707017980685581 -0.323548494703381 -0.165064577196738 0.606791258932857
1311870512.280825 0.753903368131676 -0.218923395311715 1.46382196723761 -0.703524692247765 -0.345565571032442 -0.160850817211583 0.599803682980587
1311870512.448649 0.756271409243742 -0.217601044854744 1.46574931585209 -0.704307129375451 -0.363783886402187 -0.15772028644546 0.588843835620782
1311870512.748564 0.758760295590363 -0.215754459636788 1.46814022776052 -0.703096695577392 -0.377670173186021 -0.15706910380671 0.581678238877088
1311870513.848769 0.759753697374118 -0.213310663817921 1.47184935904019 -0.706511957508142 -0.37233208923663 -0.145669462273611 0.583943556333672
1311870514.048717 0.762302063209437 -0.211147937081598 1.47513118847517 -0.69923914009496 -0.389669241268732 -0.143541851791634 0.581909137368147
1311870514.216614 0.764491201014112 -0.208907797674071 1.47803101370235 -0.694800844291839 -0.40288501029284 -0.141537498204972 0.578707691200457
1311870514.416768 0.767816975634671 -0.206164132047474 1.48085977192463 -0.696020538505767 -0.411546741330863 -0.142278378971375 0.570912911533246
1311870514.649213 0.771012184966718 -0.20410370132796 1.48339391899747 -0.697511907784632 -0.425314610697493 -0.13953251501386 0.55956706271884
1311870514.980839 0.77433658391179 -0.202060802926752 1.48573948693923 -0.699945019382857 -0.436363681522554 -0.134797813770968 0.549084016059275
1311870515.681287 0.774170295677771 -0.198258753284767 1.48815046838086 -0.708277309745687 -0.415393141824864 -0.138666052744206 0.553681782290714
1311870516.117447 0.774281479904435 -0.193569878691607 1.4908260876523 -0.712405962084876 -0.417880385693242 -0.123472551029967 0.550098407179063
1311870516.317211 0.775293454388068 -0.190381611272788 1.49353078509964 -0.70640320935508 -0.442638987110323 -0.116202521352967 0.539965005286457
1311870516.480805 0.776692552592553 -0.187275203143352 1.49680272500996 -0.695950197748202 -0.465000466698294 -0.115681184063402 0.534832452155156
1311870516.680804 0.778141639362564 -0.184095920075346 1.50031514728945 -0.691432377853366 -0.480253382108861 -0.113006280409624 0.527738132426511
1311870516.916808 0.780571862711521 -0.181279768161709 1.50336983528616 -0.688049053472118 -0.496320682698997 -0.11324680109369 0.517135806131591
1311870517.280881 0.78407612858232 -0.178985243401387 1.50602708855939 -0.685557730133695 -0.502088995322612 -0.114697413949062 0.514550039027559
1311870518.116926 0.780342286610667 -0.17940473079205 1.50656216295703 -0.691922748520627 -0.495958490092895 -0.0943458804229298 0.516107489803878
1311870518.586884 0.780268428108207 -0.176128515778843 1.50930737706559 -0.691199377749234 -0.51348533728845 -0.0894825637587935 0.500568775866006
1311870518.791123 0.782206764165682 -0.173424772828523 1.51273689619569 -0.685956801865185 -0.53010293270614 -0.0840626876499572 0.491312132209559
1311870518.984982 0.784548514720678 -0.170705071724386 1.51653406350579 -0.673569366098191 -0.55288644339058 -0.0851320008849553 0.483087396020969
1311870519.517127 0.790410321278856 -0.164826932534306 1.52378004580474 -0.672232740773081 -0.569370749871103 -0.0754954861935398 0.467140795679772
1311870519.884968 0.790770389640456 -0.160439113907308 1.52472253033358 -0.681150567096363 -0.553738938173156 -0.0912129721706288 0.47019919927938
1311870520.285839 0.789157954741719 -0.1566833814738 1.52591498076011 -0.690880813953954 -0.531487940877057 -0.0913567376551256 0.481516579255171
1311870520.584912 0.789061726802588 -0.15285177667041 1.5283917440424 -0.691207948151319 -0.540746845646589 -0.0820338614185263 0.472329193377324
1311870520.785066 0.791679656247089 -0.150041075986304 1.53121215694431 -0.678593296135452 -0.569312585057665 -0.0790101997363052 0.457331069655901
1311870520.918471 0.79417485071559 -0.147273637827408 1.5337049436335 -0.673478102767707 -0.587627996335911 -0.0783421906885675 0.441568889498308
1311870521.085046 0.796895699033909 -0.14441584517446 1.53706348218258 -0.671142751512856 -0.602043394989979 -0.0751862582916244 0.42597908892902
1311870521.250068 0.799927566072612 -0.142417533190929 1.54007189187804 -0.66785924278359 -0.614156720220286 -0.0689776775397885 0.414750087206752
1311870521.751009 0.805431079750093 -0.136212356479418 1.54623432897127 -0.671029126195935 -0.617130058679227 -0.0626195553503173 0.406139377257393
1311870522.118618 0.804915770175314 -0.130959401513512 1.54823000254993 -0.668311902990863 -0.623271331914548 -0.0671105335148016 0.400484985268557
1311870522.351073 0.802395721587102 -0.126792789420818 1.54979802967993 -0.65917868072563 -0.638332818006383 -0.0648225084123801 0.392189651490163
1311870522.587317 0.800018685690379 -0.123360033630796 1.55185801858334 -0.645619643043065 -0.651304934766452 -0.0578947918233636 0.394493791517108
1311870522.918267 0.798726999927845 -0.120161854921064 1.55264438640949 -0.643568547138624 -0.664144213455503 -0.04288883080081 0.378011292238726
1311870523.249223 0.799222775429335 -0.117689475325545 1.55489339374152 -0.636455091652032 -0.680382681461286 -0.0290339770639612 0.362162051095367
1311870523.518696 0.800965445196694 -0.114906185931716 1.55853919002917 -0.628660970027712 -0.693743171812701 -0.019227362534092 0.350907544599789
1311870523.849265 0.803925103445578 -0.110903917565089 1.5624205414323 -0.6253377316938 -0.699992161276979 -0.0241971314451263 0.344061323459444
1311870524.488312 0.807422487288404 -0.108333630749228 1.56496151995752 -0.622278668713405 -0.70983755428757 -0.0212691951420015 0.329313720220287
1311870524.986189 0.805783952127535 -0.113147629774066 1.56142089106224 -0.627519676396424 -0.70509585356392 -0.0220790305422516 0.329501759377106
1311870525.985467 0.803554633890399 -0.12259779835668 1.55507831258804 -0.632435332594659 -0.694617838375879 -0.032662338526172 0.34126936624594
1311870530.253929 0.80489357917777 -0.124120732001875 1.55566569750838 -0.619100138977071 -0.688154355429508 -0.0274623424024689 0.377365102747644
