1305031460.727675 0.0000000 0.0000000 0.0000000 0.0000000 0.0000000 0.0000000 1.0000000
1305031460.827660 -0.0412891 -0.0046797 0.0098548 -0.0013886 0.0172648 -0.0077140 0.9998202
1305031460.959649 -0.0934479 -0.0245456 0.0316560 -0.0156942 0.0408943 -0.0178085 0.9988815
1305031461.091728 -0.1404431 -0.0449237 0.0534659 -0.0114928 0.0472494 -0.0157400 0.9986930
1305031461.359709 -0.1880611 -0.0723512 0.1027944 0.0052436 0.0513996 -0.0430829 0.9977347
1305031461.627541 -0.1768491 -0.1112365 0.1334744 -0.0014952 0.0690736 -0.0544463 0.9961236
1305031461.791612 -0.1311977 -0.1060598 0.1358028 -0.0085342 0.0828307 -0.0371308 0.9958351
1305031461.859767 -0.1056815 -0.0942171 0.1342980 -0.0075850 0.0918995 -0.0239010 0.9954525
1305031462.127739 -0.0215863 -0.0189811 0.1300123 -0.0500048 0.1093059 0.0465275 0.9916587
1305031462.227633 -0.0052549 0.0053012 0.1250210 -0.0619534 0.1127285 0.0497532 0.9904437
1305031462.327540 0.0001915 0.0296386 0.1216116 -0.0794973 0.1151007 0.0308147 0.9896880
1305031462.427635 0.0004645 0.0657439 0.1194574 -0.0990904 0.1145295 0.0051312 0.9884522
1305031462.727652 0.0441969 0.1295775 0.0642412 -0.1296751 0.0596764 -0.0826672 0.9863008
1305031462.891847 0.1223555 0.1562577 0.0167564 -0.1328970 0.0192368 -0.1223173 0.9833651
1305031462.959676 0.1543157 0.1562556 0.0014868 -0.1319861 0.0107749 -0.1261835 0.9831283
1305031463.295737 0.3198423 0.1327814 -0.0631038 -0.0949452 -0.0557802 -0.1885709 0.9758663
1305031463.395630 0.3682191 0.1169067 -0.0645933 -0.0898334 -0.0780389 -0.1951833 0.9735211
1305031463.495629 0.4256480 0.0926480 -0.0596562 -0.0917231 -0.0887201 -0.2024578 0.9709410
1305031463.627588 0.4892251 0.0424380 -0.0563146 -0.0925095 -0.0950639 -0.2036957 0.9700066
1305031463.859910 0.5936705 -0.0796966 -0.0726892 -0.0624748 -0.1119668 -0.2400704 0.9622508
1305031463.995821 0.6322167 -0.1510525 -0.0993237 -0.0491624 -0.1263566 -0.2643271 0.9548551
1305031464.095634 0.6588101 -0.2079912 -0.1222482 -0.0387113 -0.1357599 -0.2874303 0.9473407
1305031464.227624 0.6713431 -0.2531430 -0.1634844 -0.0192283 -0.1670261 -0.2935978 0.9410276
1305031464.359684 0.7117424 -0.3150051 -0.1749918 -0.0286230 -0.2298326 -0.3065222 0.9232561
1305031464.495633 0.7632825 -0.3940775 -0.1854945 -0.0186169 -0.2534106 -0.3319571 0.9084278
1305031464.659749 0.8152673 -0.5160913 -0.2037520 0.0186483 -0.2515964 -0.3693113 0.8944052
1305031464.796021 0.8106785 -0.5354433 -0.2358445 0.0955362 -0.2602227 -0.4146780 0.8667175
1305031464.927799 0.8207682 -0.5758237 -0.2021571 0.1025369 -0.3209450 -0.4686022 0.8166348
1305031465.059749 0.8204619 -0.6073205 -0.1400747 0.1375328 -0.3454054 -0.5182490 0.7701934
1305031465.195564 0.8452423 -0.6226082 -0.0328283 0.0891095 -0.3697051 -0.5701830 0.7281957
1305031465.460125 0.8930632 -0.6714985 0.1574063 -0.0131767 -0.4445256 -0.5310556 0.7212512
1305031465.595599 0.9470598 -0.7307086 0.2434654 -0.0403051 -0.4809829 -0.5027297 0.7171428
1305031465.727682 1.0184116 -0.7722188 0.3223457 -0.0520482 -0.5135006 -0.4631399 0.7204926
1305031465.859861 1.1009221 -0.8051652 0.4182030 -0.0469175 -0.5427573 -0.4236076 0.7237195
1305031466.227951 1.3380225 -0.8512444 0.6011788 -0.0452468 -0.5524049 -0.4194466 0.7189340
1305031466.459790 1.4451956 -0.9456319 0.6577405 -0.0193597 -0.5455388 -0.4559096 0.7029645
1305031466.560353 1.4825133 -0.9882690 0.7073752 -0.0252992 -0.5451655 -0.4607480 0.6999041
1305031466.695822 1.5192044 -1.0394397 0.7669623 -0.0208468 -0.5415903 -0.4783385 0.6909686
1305031466.759637 1.5216129 -1.0720817 0.7973459 -0.0198943 -0.5427346 -0.4942794 0.6787719
1305031466.827879 1.5487564 -1.0890377 0.8258965 -0.0132271 -0.5506415 -0.4961319 0.6711722
1305031466.995712 1.5708025 -1.1534812 0.8842559 -0.0314279 -0.5869241 -0.4957496 0.6393471
1305031467.195663 1.5950105 -1.2164434 0.9490563 -0.0212099 -0.6025763 -0.5164257 0.6080760
1305031467.295846 1.6073639 -1.2486854 0.9792387 -0.0178989 -0.6175044 -0.5228832 0.5873339
1305031467.496058 1.6427505 -1.3158188 1.0411839 -0.0338680 -0.6389927 -0.5375752 0.5491395
1305031467.695886 1.6288115 -1.3786318 1.0995828 -0.0393480 -0.6556731 -0.5353791 0.5309555
1305031467.796075 1.5988054 -1.4002082 1.1252015 -0.0295271 -0.6668656 -0.5336056 0.5193106
1305031467.995754 1.5067945 -1.4178793 1.1806221 0.0250970 0.6999474 0.5145912 -0.4946107
1305031468.127816 1.4220049 -1.4238850 1.2082899 0.0249271 0.7070221 0.5180632 -0.4807379
1305031468.228158 1.3555291 -1.4390690 1.2280053 0.0261076 0.7085007 0.5232963 -0.4727644
1305031468.459759 1.2092865 -1.4994701 1.2368070 0.0379091 0.6995451 0.5266836 -0.4814602
1305031468.595768 1.1440294 -1.5265284 1.2089925 0.0236021 0.6974972 0.5389984 -0.4716157
1305031468.727785 1.0805967 -1.5503932 1.1600522 0.0293933 0.7034380 0.5442886 -0.4561370
1305031468.859659 1.0282362 -1.5664936 1.1371708 0.0162059 0.7149035 0.5435972 -0.4394911
1305031469.027699 0.9925115 -1.5558640 1.1160909 0.0331453 0.6796319 0.5775521 -0.4510382
1305031469.195540 0.9251017 -1.5389071 1.1143293 0.0400461 0.6361521 0.6356353 -0.4355164
1305031469.327618 0.8990230 -1.5000846 1.1192223 0.0373728 0.6154184 0.6539352 -0.4384430
1305031469.459668 0.8643539 -1.4653850 1.1378014 0.0139208 0.5858198 0.6790190 -0.4422154
1305031469.595755 0.8604894 -1.4105384 1.1736299 0.0226105 0.5764264 0.6866294 -0.4424494
1305031469.727679 0.8505231 -1.3545667 1.1948766 0.0353650 0.5500770 0.7027976 -0.4497113
1305031469.859574 0.8681198 -1.2860904 1.2187989 0.0560481 0.5350772 0.7073092 -0.4585463
1305031469.995551 0.9024276 -1.2150865 1.2296374 0.0714109 0.5341756 0.7038295 -0.4627969
1305031470.127633 0.9422510 -1.1535679 1.2202560 0.0813044 0.5285037 0.7054730 -0.4651680
1305031470.559677 1.0717542 -0.9908440 1.1359494 0.1193637 0.5090311 0.7043586 -0.4801235
1305031470.695630 1.0933588 -0.9524617 1.1083508 0.1316249 0.5025562 0.6992378 -0.4910995
1305031470.859645 1.1065599 -0.9149408 1.0748026 -0.1336299 -0.4977730 -0.6889736 0.5095885
1305031471.395730 1.1110871 -0.8645332 0.9513831 -0.1097472 -0.5068656 -0.6256676 0.5827374
1305031471.727501 1.1323243 -0.8593132 0.9122187 -0.1082887 -0.4917892 -0.5986942 0.6228821
1305031471.995573 1.1513116 -0.8445940 0.9010180 -0.1167398 -0.4498453 -0.5804008 0.6686898
1305031472.195682 1.1540201 -0.8169779 0.8870756 -0.1244972 -0.4229369 -0.5737911 0.6902092
1305031472.595675 1.1405424 -0.8245530 0.8679931 -0.1120648 -0.4346595 -0.5536216 0.7014384
1305031473.196069 1.1056526 -0.8409945 0.8719984 -0.1115917 -0.4442179 -0.5469149 0.7007866
