1305031108.043418 0.0000000 0.0000000 0.0000000 0.0000000 0.0000000 0.0000000 1.0000000
1305031108.111378 0.0112582 -0.0007119 0.0059501 0.0031284 0.0148023 0.0058644 0.9998683
1305031108.143334 0.0184475 0.0011288 0.0076364 0.0055405 0.0177922 0.0066016 0.9998046
1305031108.675375 0.1450167 0.0201999 0.0349519 -0.0208680 0.0425661 0.0426777 0.9979635
1305031108.876515 0.1594158 0.0160706 0.0402349 -0.0293445 0.0630236 0.0652926 0.9954415
1305031111.143257 -0.2061505 0.0327135 0.0221904 -0.0942156 -0.1207691 -0.0463311 0.9871128
1305031112.379360 0.1035893 0.0168507 0.0455260 -0.0208129 0.0566429 0.0080220 0.9981453
1305031112.743245 0.1653086 0.0289489 0.0449977 -0.0148560 0.0569701 0.0679500 0.9959500
1305031112.943321 0.1401609 0.0244116 0.0515167 -0.0365612 0.0509003 0.0676268 0.9957405
1305031113.079251 0.1201931 0.0184565 0.0488874 -0.0454418 0.0388482 0.0577912 0.9965370
1305031114.511266 -0.2484843 0.0115465 0.0293384 -0.0240746 -0.0948160 -0.0474513 0.9940718
1305031114.644136 -0.2628756 0.0102451 0.0321141 -0.0357012 -0.1023535 -0.0407451 0.9932719
1305031115.011300 -0.2458732 0.0208407 0.0344388 -0.0412391 -0.1185952 -0.0544468 0.9905908
1305031116.179572 0.0907517 0.0402847 0.0933150 -0.0883568 0.0476521 0.1115153 0.9886792
1305031116.479850 0.1224674 0.0320172 0.0955887 -0.1017030 0.0934257 0.1422090 0.9801555
1305031116.611261 0.0996288 0.0346957 0.0902614 -0.0920884 0.0891235 0.1251933 0.9838208
1305031116.743291 0.0630299 0.0402193 0.0848717 -0.0840164 0.0674091 0.0876122 0.9903138
1305031119.979537 -0.0885936 0.1491371 0.0289910 -0.0860578 -0.0537586 0.0169387 0.9946945
1305031121.683200 -0.0801766 -0.1059657 0.1159079 -0.0197883 -0.0680445 0.0168303 0.9973440
1305031123.113873 -0.0927021 0.0933790 0.0411773 -0.0718990 -0.0823751 0.0048053 0.9939929
1305031123.611335 -0.0863448 0.1781705 0.0319313 -0.1210393 -0.0489606 0.0290230 0.9910147
1305031123.751723 -0.0835317 0.1926900 0.0298786 -0.1362174 -0.0396694 0.0331060 0.9893306
1305031124.011302 -0.0841242 0.1932991 0.0310467 -0.1269858 -0.0491788 0.0415509 0.9898129
1305031125.279467 -0.0793224 -0.0603637 0.1151334 -0.0330902 -0.0906499 0.0143680 0.9952292
1305031125.379401 -0.0787941 -0.0740127 0.1213369 -0.0298928 -0.0861501 0.0076797 0.9958040
1305031125.551020 -0.0801894 -0.0888064 0.1283368 -0.0334741 -0.0637102 0.0006764 0.9974067
1305031126.047324 -0.0800506 -0.0269795 0.0979413 -0.0295105 -0.0924967 0.0070284 0.9952508
1305031126.847343 -0.0736910 0.1189161 0.0643831 -0.1024961 -0.0632376 0.0274175 0.9923426
1305031127.247374 -0.0715177 0.1114239 0.0639527 -0.1003154 -0.0713249 0.0323045 0.9918699
1305031128.311483 -0.0767606 0.0870313 0.0829791 -0.0924824 -0.0849184 0.0303720 0.9916216
1305031128.647352 -0.0801821 0.0830695 0.0816067 -0.0897308 -0.0837838 0.0233922 0.9921600
