1305031527.371505 0.0000000 0.0000000 0.0000000 0.0000000 0.0000000 0.0000000 1.0000000
1305031527.539741 -0.0005284 0.0094168 0.0086351 -0.0540152 -0.0005055 0.0063697 0.9985197
1305031527.571506 -0.0003878 0.0126510 0.0091370 -0.0668706 -0.0009689 0.0065251 0.9977399
1305031527.639833 -0.0080061 0.0221525 0.0140814 -0.0936651 -0.0007598 0.0038607 0.9955960
1305031527.839601 -0.0223713 0.0273711 0.0280046 -0.1585592 -0.0420664 0.0130277 0.9863669
1305031527.907477 -0.0310625 0.0320201 0.0295072 -0.1711319 -0.0677763 0.0097160 0.9828661
1305031527.971502 -0.0375877 0.0330383 0.0335748 -0.1680751 -0.1073968 -0.0057655 0.9798895
1305031528.139513 -0.0523160 0.0359502 0.0306736 -0.1337612 -0.2165506 -0.0630292 0.9650083
1305031528.275450 -0.0580506 0.0397957 0.0207953 -0.0918532 -0.2779059 -0.1048962 0.9504358
1305031528.339593 -0.0620732 0.0409971 0.0157676 -0.0670785 -0.3296464 -0.1134950 0.9348543
1305031528.375435 -0.0670731 0.0409031 0.0109529 -0.0598223 -0.3528956 -0.1136078 0.9268113
1305031528.439469 -0.0687875 0.0394384 -0.0003709 -0.0449684 -0.4124176 -0.1115587 0.9030195
1305031528.475342 -0.0615987 0.0392770 0.0035392 -0.0403069 -0.4502799 -0.1095146 0.8852288
1305031528.507469 -0.0577410 0.0482270 0.0002165 -0.0297889 -0.4822094 -0.0963814 0.8702284
1305031528.575449 -0.0482408 0.0480753 -0.0004753 -0.0290303 -0.5464066 -0.0920480 0.8319401
1305031528.607841 -0.0460080 0.0503409 0.0011668 -0.0297510 -0.5736231 -0.0878743 0.8138486
1305031528.639487 -0.0414524 0.0481588 0.0040561 -0.0332550 -0.5990040 -0.0902274 0.7949511
1305031528.675460 -0.0386527 0.0470061 0.0063019 -0.0390031 -0.6172977 -0.0991405 0.7794828
1305031528.707447 -0.0368612 0.0463459 0.0084239 -0.0462724 -0.6317203 -0.1068653 0.7663994
1305031528.739609 -0.0353258 0.0453957 0.0098246 -0.0537643 -0.6419825 -0.1149648 0.7561421
1305031528.807559 -0.0309806 0.0436665 0.0150984 -0.0758301 -0.6584314 -0.1338020 0.7367598
1305031528.875433 -0.0270730 0.0426235 0.0201988 -0.1003097 -0.6752588 -0.1514271 0.7148659
1305031528.907519 -0.0258728 0.0411795 0.0230090 -0.1148994 -0.6816975 -0.1640902 0.7036768
1305031528.975465 -0.0231321 0.0424711 0.0263402 -0.1481394 -0.6889764 -0.1688052 0.6891089
1305031529.007487 -0.0220507 0.0417573 0.0291174 -0.1665343 -0.6917840 -0.1740880 0.6807309
1305031529.075422 -0.0214202 0.0431125 0.0320338 -0.2077321 -0.6838612 -0.1764505 0.6767913
1305031529.139597 -0.0176527 0.0435869 0.0394352 -0.2534545 -0.6713207 -0.1618407 0.6774193
1305031529.207466 -0.0134995 0.0427008 0.0491012 -0.3088329 -0.6599270 -0.1500776 0.6682780
1305031529.275389 -0.0109953 0.0450570 0.0559891 -0.3545159 -0.6478096 -0.1565450 0.6558619
1305031529.339486 -0.0048894 0.0474872 0.0662380 -0.3919458 -0.6428124 -0.1620846 0.6378866
1305031529.375399 0.0070909 0.0492699 0.0751898 -0.4027229 -0.6504688 -0.1586344 0.6241312
1305031529.439502 0.0102472 0.0539219 0.0802202 -0.4092240 -0.6693540 -0.1467422 0.6024680
1305031529.507485 0.0090695 0.0617561 0.0788878 -0.4144591 -0.6786833 -0.1261369 0.5930448
1305031529.575458 0.0108625 0.0668095 0.0827095 -0.4130068 -0.6855441 -0.1059124 0.5901163
1305031529.675618 0.0117064 0.0763564 0.0814747 -0.4440948 -0.6808696 -0.0675596 0.5784739
1305031529.775501 0.0060481 0.0843617 0.0772362 -0.4710058 -0.6701801 -0.0436684 0.5719311
1305031529.839505 0.0038109 0.0924977 0.0702712 -0.4796136 -0.6519063 -0.0125294 0.5872240
1305031529.907489 0.0046827 0.1007962 0.0652227 -0.4944720 -0.6393538 0.0338365 0.5878599
1305031530.039454 -0.0035415 0.1097619 0.0454730 -0.5334666 -0.6069095 0.1321165 0.5741250
1305031530.107445 -0.0070723 0.1112776 0.0355701 -0.5497378 -0.5912078 0.1803199 0.5619132
1305031530.239446 -0.0093650 0.1055639 0.0251298 -0.5381675 -0.5750681 0.2498322 0.5632550
1305031530.307544 -0.0046774 0.0997640 0.0254834 -0.5263065 -0.5717295 0.2653289 0.5707253
1305031530.375386 -0.0007855 0.0958136 0.0230021 -0.5214240 -0.5647790 0.2753090 0.5773618
1305031530.439553 0.0019832 0.0899075 0.0242594 -0.5158986 -0.5588549 0.2828775 0.5843887
1305031530.507461 0.0064757 0.0833898 0.0253883 -0.5105832 -0.5507066 0.2899675 0.5932503
1305031530.575433 0.0129110 0.0790119 0.0258848 -0.4967274 -0.5283379 0.3009332 0.6193224
1305031530.639507 0.0161369 0.0787024 0.0274828 -0.4892341 -0.4948728 0.3115300 0.6470703
1305031530.707456 0.0185835 0.0785024 0.0274692 -0.4816943 -0.4485965 0.3159834 0.6832907
1305031530.739522 0.0201027 0.0774472 0.0276318 -0.4863309 -0.4210462 0.3177151 0.6966056
1305031530.807467 0.0238576 0.0756688 0.0279634 -0.5016642 -0.3721603 0.3254491 0.7098680
1305031530.839463 0.0255059 0.0748042 0.0290558 -0.5198936 -0.3538654 0.3316658 0.7031981
1305031530.907441 0.0269736 0.0750246 0.0307875 -0.5388839 -0.3397140 0.3520543 0.6857524
1305031530.975286 0.0289515 0.0742025 0.0323165 -0.5422277 -0.3490420 0.3837680 0.6609697
1305031531.007484 0.0296796 0.0731754 0.0337704 -0.5482553 -0.3571034 0.4025867 0.6401697
1305031531.039689 0.0306457 0.0731822 0.0342138 -0.5479219 -0.3739040 0.4186574 0.6202446
1305031531.075325 0.0319035 0.0720975 0.0348528 -0.5522053 -0.3871694 0.4352429 0.5964333
1305031531.107512 0.0318346 0.0733285 0.0355852 -0.5503090 -0.4088014 0.4513960 0.5712119
1305031531.175355 0.0328002 0.0748936 0.0356692 -0.5371383 -0.4411620 0.4838209 0.5317668
1305031531.207465 0.0344245 0.0743486 0.0361776 -0.5344255 -0.4569758 0.4953161 0.5101221
