1305031910.765238 0.0000000 0.0000000 0.0000000 0.0000000 0.0000000 0.0000000 1.0000000
1305031910.897222 -0.0286894 -0.0078457 0.0163717 0.0068967 -0.0244549 -0.0318762 0.9991688
1305031910.965249 -0.0400502 -0.0184489 0.0257433 0.0136872 -0.0350700 -0.0423505 0.9983933
1305031911.135664 -0.0827760 -0.0265426 0.0392854 0.0132146 -0.1020991 -0.0951913 0.9901211
1305031911.265104 -0.1039710 -0.0256440 0.0515281 0.0255156 -0.1505151 -0.1253536 0.9802962
1305031911.797297 -0.1691398 -0.0270055 0.1042391 0.0606227 -0.2939677 -0.2013773 0.9323921
1305031911.965140 -0.1921146 -0.0135394 0.1085545 0.0356693 -0.3380857 -0.2314779 0.9115063
1305031912.365250 -0.1828467 -0.0392648 0.1290597 0.0434379 -0.4206620 -0.3073935 0.8524470
1305031912.697182 -0.1644364 -0.0417304 0.1280917 0.0294397 -0.4729134 -0.3459908 0.8098004
1305031912.833077 -0.1548105 -0.0548561 0.1380022 0.0227171 -0.4859686 -0.3645816 0.7939765
1305031913.133146 -0.1352049 -0.0726434 0.1463372 0.0445344 -0.4561895 -0.3393670 0.8214243
1305031913.333122 -0.1206619 -0.0758379 0.1569258 0.0450044 -0.3886967 -0.2487435 0.8860114
1305031913.433081 -0.1068580 -0.0779718 0.1621256 0.0502866 -0.3478830 -0.2161534 0.9108932
1305031913.533297 -0.0860689 -0.0689737 0.1738108 0.0580195 -0.2788235 -0.1663288 0.9440476
1305031913.633293 -0.0685915 -0.0622807 0.1714811 0.0654864 -0.2117600 -0.1271868 0.9667951
1305031913.733097 -0.0548956 -0.0512277 0.1604908 0.0523931 -0.1407739 -0.0783990 0.9855411
1305031913.933123 -0.0003081 -0.0358500 0.1202873 0.0176878 -0.0382987 0.0160506 0.9989808
1305031914.033441 0.0370060 -0.0241294 0.0979573 0.0156218 -0.0043986 0.0577430 0.9981996
1305031914.233108 0.1215845 0.0020024 0.0427012 0.0175789 0.0608673 0.1153279 0.9913050
1305031914.297165 0.1540964 0.0211913 0.0225099 0.0348296 0.0855581 0.1183927 0.9886606
1305031914.365058 0.1738309 0.0437163 0.0019275 0.0309024 0.0978189 0.1157260 0.9879696
1305031914.433060 0.2132379 0.0544574 -0.0175903 0.0179506 0.0922456 0.1145819 0.9889588
1305031914.533107 0.2742363 0.0791480 -0.0503679 0.0068423 0.0921115 0.1060105 0.9900659
1305031914.633055 0.3284535 0.1059546 -0.0796829 -0.0042292 0.0955645 0.0929808 0.9910621
1305031914.697129 0.3675518 0.1155200 -0.0958257 -0.0156698 0.1024332 0.0907856 0.9904645
1305031914.865128 0.4364963 0.1394027 -0.1269393 -0.0280887 0.1059286 0.0805615 0.9907068
1305031915.097024 0.5619329 0.1595296 -0.1735762 -0.0199547 0.0685598 0.0661884 0.9952489
1305031915.264979 0.6495468 0.1734582 -0.2001568 0.0010642 0.0489204 0.0169510 0.9986582
1305031915.464920 0.7609457 0.1658920 -0.2200927 0.0021187 -0.0209896 -0.0373040 0.9990813
1305031915.601161 0.8571436 0.1568713 -0.2281027 0.0000475 -0.0702699 -0.0888935 0.9935593
1305031915.701106 0.9043051 0.1478800 -0.2288345 0.0059477 -0.0704332 -0.1088697 0.9915398
1305031915.801243 0.9401133 0.1459932 -0.2258568 -0.0003849 -0.1071290 -0.1226495 0.9866511
1305031915.901234 0.9999923 0.1429287 -0.2181771 -0.0025014 -0.1562593 -0.1515120 0.9760230
1305031916.001234 1.0586371 0.1308471 -0.2010481 -0.0080426 -0.1855434 -0.1744419 0.9669948
1305031916.133093 1.1075764 0.0677503 -0.1986237 0.0227506 -0.2191966 -0.1998358 0.9547256
1305031916.265060 1.1867924 0.0614982 -0.1846651 0.0818354 -0.2877631 -0.2148615 0.9296935
1305031916.401006 1.2599788 0.0225313 -0.1707391 0.1468328 -0.3096367 -0.2340788 0.9098200
1305031916.533266 1.2954873 -0.0038359 -0.1781593 0.1958060 -0.3313882 -0.2165106 0.8971984
1305031916.665139 1.3375908 -0.0364787 -0.1619022 0.2256843 -0.3828832 -0.2105677 0.8707056
1305031916.801088 1.3695667 -0.0655437 -0.1199663 0.2563075 -0.4189141 -0.1995599 0.8479347
1305031916.901017 1.3870872 -0.0972194 -0.1079035 0.2732274 -0.4448124 -0.1879917 0.8319542
1305031917.001132 1.3944749 -0.1124523 -0.0972908 0.2939061 -0.4663007 -0.1742249 0.8159832
1305031917.133106 1.4587275 -0.2406601 -0.1114846 0.3377593 -0.4912773 -0.1674968 0.7851815
1305031917.265163 1.4678298 -0.1935308 -0.0697695 0.3985641 -0.4985421 -0.1357772 0.7577381
1305031917.301107 1.4723310 -0.1863416 -0.0645128 0.4070656 -0.5019978 -0.1294873 0.7520165
1305031917.401065 1.4771147 -0.1793458 -0.0600255 0.4062250 -0.5103265 -0.1282860 0.7470548
1305031917.433141 1.4791092 -0.1758496 -0.0561123 0.3995155 -0.5111539 -0.1300501 0.7497973
1305031917.501158 1.4881216 -0.1853905 -0.0672264 0.3710443 -0.5071024 -0.1434246 0.7645932
1305031917.765114 1.5407618 -0.1730776 -0.0689701 0.2631378 -0.5098082 -0.2012211 0.7939548
1305031917.833090 1.5655233 -0.1690302 -0.0674799 0.2240795 -0.5127095 -0.2140887 0.8006768
1305031917.901060 1.5870850 -0.1659885 -0.0665226 0.1881518 -0.5101127 -0.2354380 0.8055761
1305031917.965346 1.5902781 -0.1674211 -0.0672183 0.1505418 -0.5015877 -0.2553918 0.8127251
1305031918.033144 1.6079311 -0.1658979 -0.0571519 0.1216009 -0.4955718 -0.2750446 0.8148450
1305031918.101060 1.6178515 -0.1924871 -0.0662807 0.0924918 -0.4915389 -0.3037224 0.8109176
1305031918.165017 1.6410215 -0.2150539 -0.0418093 0.0694308 -0.4959952 -0.3254831 0.8020155
1305031918.265256 1.6729028 -0.2312081 -0.0105888 0.0431373 -0.4869436 -0.3497731 0.7991770
1305031918.333165 1.6913122 -0.2451287 0.0168251 0.0236950 -0.4768821 -0.3743967 0.7948894
1305031918.401030 1.7108028 -0.2604856 0.0484893 0.0081876 -0.4657444 -0.3920463 0.7932937
1305031918.433043 1.7169085 -0.2682076 0.0636677 -0.0033107 -0.4573456 -0.4027326 0.7928623
1305031918.501125 1.7327189 -0.2912903 0.0980524 -0.0164557 -0.4439406 -0.4162995 0.7933099
1305031918.565018 1.7464740 -0.3038250 0.1342098 -0.0234686 -0.4332416 -0.4245651 0.7946669
1305031918.701017 1.7640449 -0.3428451 0.1899278 -0.0385443 -0.4247639 -0.4428019 0.7886802
1305031918.901084 1.7845614 -0.4217857 0.2603201 -0.0125846 -0.4330412 -0.4996054 0.7501409
1305031918.965058 1.7906888 -0.4418825 0.2827793 -0.0014627 -0.4504090 -0.5188128 0.7266105
1305031919.065147 1.7974696 -0.4664342 0.3167129 0.0074229 -0.4782511 -0.5418436 0.6911051
1305031919.165110 1.8013601 -0.4917278 0.3581380 0.0101030 -0.5037236 -0.5611710 0.6566944
1305031919.364948 1.8188593 -0.5430470 0.4328906 0.0144167 -0.5681652 -0.5939219 0.5694184
1305031919.465070 1.8331435 -0.5771330 0.4696807 0.0088167 -0.5929899 -0.6042838 0.5320963
1305031919.565165 1.8407292 -0.6207652 0.4995199 0.0104348 -0.6040023 -0.6091850 0.5137761
1305031919.701092 1.8327186 -0.6843334 0.5345785 -0.0125481 0.6302673 0.5995588 -0.4930871
1305031919.833072 1.8327732 -0.7106661 0.5588472 -0.0175663 0.6610321 0.5722601 -0.4850219
1305031919.933102 1.8021522 -0.7418427 0.5812235 0.0091692 0.6883255 0.5592185 -0.4619509
1305031920.033118 1.7771372 -0.7550806 0.6007528 0.0250991 0.7120973 0.5382847 -0.4500412
1305031920.165140 1.7244676 -0.7709767 0.6386645 0.0447835 0.7428509 0.5223210 -0.4163504
1305031920.301096 1.6640123 -0.7777778 0.6746448 0.0351420 0.7374979 0.5138365 -0.4368454
1305031920.433123 1.6206299 -0.7848583 0.6871536 0.0192398 0.7158476 0.4882722 -0.4987808
1305031920.565153 1.5869577 -0.7862626 0.6903595 0.0039231 -0.7046160 -0.4639412 0.5368980
1305031920.701147 1.5474625 -0.7966246 0.7041348 0.0200343 -0.6895830 -0.4338797 0.5795017
1305031920.833132 1.5304821 -0.7964766 0.7093197 0.0557060 -0.6542457 -0.3959407 0.6419427
1305031920.965217 1.5111808 -0.8074864 0.7303290 0.0715323 -0.6258513 -0.3590761 0.6886637
1305031921.001108 1.5086981 -0.8109218 0.7343500 0.0750601 -0.6168617 -0.3517961 0.7000622
1305031921.133159 1.4933467 -0.8093467 0.7451887 0.0899813 -0.5768592 -0.3419375 0.7363529
1305031921.165116 1.4873168 -0.8086662 0.7471649 0.0915760 -0.5643781 -0.3437912 0.7449153
1305031921.301188 1.4725480 -0.8010933 0.7530969 0.1163933 -0.5278803 -0.3310847 0.7734196
1305031921.333158 1.4707036 -0.8006504 0.7557536 0.1187211 -0.5234499 -0.3250461 0.7786210
1305031921.433143 1.4612119 -0.7985191 0.7632191 0.1259375 -0.5070162 -0.3089704 0.7947400
1305031921.501096 1.4553854 -0.7968858 0.7667211 0.1282642 -0.4908301 -0.2930546 0.8104031
1305031921.565119 1.4448770 -0.7934242 0.7756274 0.1394876 -0.4693367 -0.2773017 0.8266620
1305031921.765060 1.4411156 -0.7942496 0.7768166 0.1533729 -0.3663026 -0.2327520 0.8877645
1305031921.865148 1.4361335 -0.7956409 0.7788373 0.1475482 -0.3310961 -0.2181498 0.9060991
1305031922.101032 1.4295628 -0.7977001 0.7853975 0.1369118 -0.2568147 -0.1823639 0.9391724
1305031922.865045 1.4206303 -0.7977929 0.7916281 0.0847423 -0.0565511 -0.1140155 0.9882414
1305031923.233162 1.4268329 -0.7962481 0.7921379 0.1020998 0.0068713 -0.0715947 0.9921706
1305031923.265159 1.4277018 -0.7951736 0.7918039 0.1012801 0.0152203 -0.0637666 0.9926956
1305031923.401139 1.4317958 -0.7928170 0.7914575 0.0902635 0.0384582 -0.0307828 0.9946989
1305031923.665141 1.4430070 -0.7890776 0.7825529 0.1080969 0.0703318 0.0234401 0.9913723
1305031923.801150 1.4489973 -0.7830514 0.7741442 0.1136834 0.0800182 0.0328166 0.9897456
1305031923.933140 1.4552953 -0.7770039 0.7666908 0.1288552 0.0872846 0.0210753 0.9875898
1305031924.065224 1.4622487 -0.7690136 0.7589180 0.1292473 0.1004284 0.0170492 0.9863664
1305031924.265335 1.4712766 -0.7585143 0.7500063 0.1238309 0.0906661 0.0074745 0.9881243
1305031924.333113 1.4740297 -0.7544433 0.7463266 0.1216205 0.0845730 0.0066276 0.9889449
1305031924.501116 1.4792631 -0.7455205 0.7373917 0.1252875 0.0553442 -0.0061899 0.9905563
1305031924.601161 1.4821663 -0.7411292 0.7329174 0.1384763 0.0254577 -0.0106788 0.9899809
1305031924.801057 1.4888594 -0.7314313 0.7255919 0.1685470 0.0016812 -0.0094890 0.9856465
1305031925.201117 1.4942011 -0.7091476 0.7140445 0.1753340 -0.0217529 -0.0195353 0.9840748
1305031925.301283 1.4955983 -0.7028855 0.7103396 0.1711684 -0.0311104 -0.0317006 0.9842401
1305031925.401456 1.4969618 -0.6963369 0.7082067 0.1621430 -0.0330115 -0.0455098 0.9851643
1305031925.501267 1.5007131 -0.6905520 0.7059190 0.1713019 -0.0308137 -0.0477171 0.9835798
1305031925.601218 1.5060236 -0.6835249 0.7028608 0.1842067 -0.0165672 -0.0300917 0.9822871
1305031925.701322 1.5096823 -0.6768765 0.7009675 0.1806945 -0.0075589 -0.0184591 0.9833370
1305031925.801208 1.5174179 -0.6699302 0.6988149 0.1691816 -0.0087104 -0.0107307 0.9854880
1305031925.901176 1.5228013 -0.6644641 0.6982074 0.1448521 0.0047290 -0.0006259 0.9894418
1305031926.001186 1.5262470 -0.6599059 0.6961199 0.1211152 0.0126117 0.0154160 0.9924386
1305031926.101106 1.5309805 -0.6550636 0.6935239 0.1087108 0.0180962 0.0257330 0.9935755
1305031926.201141 1.5355773 -0.6488653 0.6895286 0.1028798 0.0349408 0.0328359 0.9935375
1305031926.301054 1.5406883 -0.6425897 0.6848543 0.0993672 0.0539572 0.0383622 0.9928460
1305031926.401166 1.5444522 -0.6377995 0.6794158 0.0974764 0.0824936 0.0511537 0.9904931
1305031926.601166 1.5489125 -0.6315295 0.6676989 0.0976312 0.1345110 0.0956511 0.9814407
1305031926.701042 1.5498054 -0.6268816 0.6642089 0.0984805 0.1596894 0.1230301 0.9745073
1305031926.869333 1.5491539 -0.6246737 0.6605670 0.0809349 0.2343448 0.1836045 0.9512210
1305031926.933348 1.5515580 -0.6190319 0.6575496 0.0789789 0.2651958 0.2136420 0.9369048
1305031927.001575 1.5504844 -0.6195850 0.6559481 0.0612252 0.3034319 0.2413682 0.9197401
1305031927.070528 1.5502881 -0.6198620 0.6557808 0.0451145 0.3356053 0.2710300 0.9010419
1305031927.201210 1.5501102 -0.6201401 0.6558609 0.0036560 0.3820780 0.3224619 0.8660377
1305031927.533182 1.5505106 -0.6203651 0.6564231 -0.1040210 0.4244679 0.4023747 0.8044260
