1311874904.554748 0.0000000 0.0000000 0.0000000 0.0000000 0.0000000 0.0000000 1.0000000
1311874905.154831 -0.0141139 0.0014101 0.0231708 -0.0158850 -0.0407793 -0.0076340 0.9990127
1311874905.186783 -0.0146980 0.0020191 0.0235553 -0.0170432 -0.0445645 -0.0033455 0.9988555
1311874905.754739 -0.0345485 0.0024125 0.0437043 -0.0062561 -0.0562760 0.0034857 0.9983895
1311874906.354893 -0.0533162 0.0054018 0.0714878 -0.0077221 -0.1445822 0.0092922 0.9894190
1311874906.486778 -0.0572739 0.0028725 0.0793539 -0.0072880 -0.1685223 0.0106309 0.9856136
1311874906.686767 -0.0664624 -0.0034954 0.0883525 0.0377120 -0.2082922 0.0155453 0.9772157
1311874906.922682 -0.0683911 -0.0108209 0.0938347 0.0927750 -0.2419896 0.0235808 0.9655453
1311874907.654810 -0.1036392 -0.0114304 0.0917360 0.2000277 -0.2662103 0.0702086 0.9403147
1311874907.790749 -0.1035662 -0.0114630 0.0917660 0.2091670 -0.2925797 0.0874640 0.9289760
1311874908.022721 -0.1120511 -0.0108529 0.0880814 0.2090292 -0.3411416 0.0978075 0.9112425
1311874908.754705 -0.1307019 -0.0089330 0.0790981 0.1342511 -0.4891597 0.0964153 0.8563898
1311874908.890671 -0.1311643 -0.0093531 0.0797372 0.1037125 -0.5105042 0.0818879 0.8496608
1311874909.290655 -0.1330916 -0.0101491 0.0812846 0.0082642 -0.5333388 0.0422734 0.8448043
1311874909.490601 -0.1356592 -0.0112834 0.0827284 -0.0244854 -0.5346853 0.0197468 0.8444656
1311874909.854849 -0.1412060 -0.0121773 0.0866179 -0.0608309 -0.5261897 -0.0137871 0.8480766
1311874910.454714 -0.1516163 -0.0107692 0.0889989 -0.1696471 -0.5507067 -0.0769631 0.8136453
1311874910.490663 -0.1517566 -0.0107156 0.0890396 -0.1740491 -0.5540562 -0.0788828 0.8102507
