1311867170.462290 0.0000000 0.0000000 0.0000000 0.0000000 0.0000000 0.0000000 1.0000000
1311867171.126251 -0.0146262 -0.0195274 -0.0279042 0.0098788 -0.0171248 -0.0092768 0.9997615
1311867181.594861 -0.2942506 0.0367563 -0.0945680 -0.0267986 -0.0834776 -0.0635449 0.9941204
1311867182.031939 -0.2799183 0.0302758 -0.0949421 -0.0246879 -0.0836720 -0.0563631 0.9945917
1311867182.630845 -0.2591006 0.0226907 -0.0936773 -0.0141875 -0.0759096 -0.0592059 0.9952543
1311867183.498828 -0.2265387 0.0135550 -0.0908743 -0.0172978 -0.0725963 -0.0643248 0.9951346
1311867194.999857 0.2835417 -0.0637589 -0.0157623 -0.0489386 -0.0488923 -0.0576347 0.9959381
1311867196.031886 0.2513826 -0.0634429 -0.0182431 -0.0473800 -0.0518863 -0.0572013 0.9958870
1311867196.799736 0.2238647 -0.0607738 -0.0176451 -0.0524453 -0.0503085 -0.0551890 0.9958277
1311867221.907739 0.0030251 0.0213940 -0.1082154 -0.0182590 -0.0384530 -0.0680652 0.9967723
1311867225.805618 -0.0119327 0.1379290 -0.1121911 -0.0089916 -0.0354317 -0.0626950 0.9973631
1311867228.537902 -0.0144143 0.2050368 -0.1205071 -0.0187497 -0.0406723 -0.0539542 0.9975386
1311867228.873961 -0.0162423 0.1980846 -0.1240941 -0.0119589 -0.0412352 -0.0569906 0.9974511
1311867229.473780 -0.0185630 0.1751139 -0.1294609 -0.0029983 -0.0454661 -0.0436468 0.9980074
1311867231.006219 -0.0260119 0.1336989 -0.1451449 0.0154323 -0.0539220 -0.0452287 0.9974009
1311867247.143044 -0.0739003 -0.0002499 0.2830908 -0.0738445 -0.0213563 -0.0586417 0.9953151
1311867249.575910 -0.0450184 -0.0080348 0.1769414 -0.0446219 -0.0267133 -0.0593979 0.9968787
1311867260.612014 0.0234263 -0.0190438 -0.3923831 0.0246694 -0.0484479 -0.0522665 0.9971521
1311867262.247855 0.0273271 -0.0143832 -0.4873314 0.0457922 -0.0438105 -0.0498969 0.9967417
1311867264.712454 0.0565885 0.0190410 -0.6298963 0.0849688 -0.0611183 -0.0686456 0.9921354
1311867267.080246 0.0574194 0.0279759 -0.6790781 0.1054787 -0.0514502 -0.0545256 0.9915917
1311867267.812725 0.0536314 0.0233062 -0.6643208 0.0929423 -0.0446947 -0.0563622 0.9930697
1311867269.680483 0.0150098 0.0064095 -0.5669484 0.0544573 -0.0309880 -0.0560240 0.9964615
1311867271.248477 0.0133771 -0.0219791 -0.4948690 0.0253350 -0.0227670 -0.0605845 0.9975817
1311867271.448701 0.0131456 -0.0286857 -0.4827079 0.0256248 -0.0272280 -0.0586865 0.9975760
1311867275.716827 -0.0050838 -0.0930641 -0.1973430 0.0043976 -0.0372400 -0.0671384 0.9970387
1311867278.485032 -0.0349099 -0.1078113 -0.0390289 0.0022057 -0.0353025 -0.0477839 0.9982312
1311867281.417074 -0.0201995 -0.0993179 0.1184660 -0.0733315 -0.0263667 -0.0620977 0.9950232
1311867281.749309 -0.0179189 -0.1013262 0.1325893 -0.0766272 -0.0324171 -0.0603931 0.9947010
1311867292.124382 -0.0119020 -0.1014233 0.1854172 -0.0705471 -0.0541795 -0.0638656 0.9939864
1311867292.287816 -0.0126584 -0.1025820 0.1863989 -0.0725615 -0.0543176 -0.0635459 0.9938543
