1311868171.063438 0.0000000 0.0000000 0.0000000 0.0000000 0.0000000 0.0000000 1.0000000
1311868171.363479 0.0193612 0.0073795 -0.0080993 -0.0038026 -0.0185598 -0.0119979 0.9997485
1311868171.431618 0.0251492 0.0084803 -0.0095076 -0.0045555 -0.0239961 -0.0189925 0.9995213
1311868172.799623 0.1429243 0.0565540 -0.0012712 -0.1021316 -0.0478448 -0.0508773 0.9923162
1311868172.831632 0.1455539 0.0570243 0.0010606 -0.1064964 -0.0474360 -0.0516039 0.9918394
1311868173.299659 0.1744309 0.0460338 0.0366719 -0.1192285 -0.0467460 -0.0673975 0.9894731
1311868173.631603 0.1945058 0.0383005 0.0516804 -0.1166612 -0.0583946 -0.0586019 0.9897202
1311868174.867798 0.2853497 -0.0039036 0.0932903 -0.0628805 -0.1792353 -0.1117397 0.9754153
1311868174.967694 0.2876105 -0.0105312 0.0978779 -0.0531856 -0.1767812 -0.1098825 0.9766501
1311868175.131719 0.2861131 -0.0229933 0.1069288 -0.0381924 -0.1749240 -0.1125729 0.9773793
1311868175.799815 0.3002423 -0.0622072 0.1494077 0.0510516 -0.2128578 -0.0822134 0.9722789
1311868176.099801 0.3277102 -0.0732354 0.1644754 0.0610171 -0.2563732 -0.1030390 0.9591312
1311868176.199892 0.3390428 -0.0763932 0.1701274 0.0615951 -0.2697539 -0.1165293 0.9538657
1311868176.967856 0.4025341 -0.0812157 0.2169766 0.0157131 -0.2979832 -0.1334280 0.9450694
1311868177.168091 0.4073931 -0.0864991 0.2328945 0.0116869 -0.2961337 -0.1434614 0.9442389
1311868178.332180 0.4696034 -0.0987142 0.3109416 -0.0090303 -0.3631600 -0.2078040 0.9082130
1311868179.132026 0.5316016 -0.0774831 0.2806464 -0.0415152 -0.3982115 -0.1990332 0.8944774
1311868179.467999 0.5653473 -0.0660707 0.2601488 -0.0591782 -0.3878078 -0.2069151 0.8962640
1311868180.432000 0.6619273 -0.0588187 0.2651038 -0.0899098 -0.4155361 -0.2257523 0.8765169
1311868180.968026 0.6914151 -0.0618239 0.2792262 -0.0963484 -0.4184813 -0.2250707 0.8746048
1311868181.332051 0.6977678 -0.0682575 0.2933890 -0.0956970 -0.4087695 -0.2238790 0.8795611
1311868181.600115 0.6904078 -0.0740466 0.3080021 -0.0980574 -0.4034385 -0.2281410 0.8806667
1311868182.268066 0.6394024 -0.1036971 0.3598756 -0.0898026 -0.3969139 -0.2178809 0.8870867
1311868182.368183 0.6341469 -0.1073686 0.3689383 -0.0926278 -0.3946363 -0.2145998 0.8886108
1311868182.636312 0.6156735 -0.1250040 0.3934075 -0.0766685 -0.4059051 -0.2087871 0.8864372
1311868182.868215 0.6015679 -0.1429390 0.4189837 -0.0522950 -0.4396365 -0.2133010 0.8709120
1311868183.100611 0.5866376 -0.1694193 0.4496470 -0.0344915 -0.4737653 -0.2341154 0.8482611
1311868183.536275 0.5568945 -0.2024537 0.4875884 -0.0247065 -0.5333620 -0.2647288 0.8030151
1311868183.936316 0.5233388 -0.2281215 0.5208699 -0.0511212 -0.5491858 -0.2616399 0.7920393
1311868184.070267 0.5097633 -0.2401310 0.5292472 -0.0352482 -0.5426124 -0.2593884 0.7981522
1311868184.400303 0.4864039 -0.2554868 0.5516084 -0.0286658 -0.5435839 -0.2489106 0.8010858
1311868184.536326 0.4768890 -0.2621084 0.5636829 -0.0235941 -0.5515857 -0.2433151 0.7974925
1311868184.936308 0.4523004 -0.2910779 0.6009426 -0.0015362 -0.6033656 -0.2515339 0.7567551
1311868185.068440 0.4451942 -0.2997577 0.6115748 0.0092851 -0.6120468 -0.2605663 0.7466041
1311868185.368510 0.4259644 -0.3131548 0.6335447 0.0195996 -0.6297919 -0.2546713 0.7335670
1311868186.000413 0.3973147 -0.3267628 0.6672335 0.0398242 -0.6334207 -0.2276843 0.7384796
1311868186.103248 0.3941185 -0.3283483 0.6745167 0.0406790 -0.6412237 -0.2369636 0.7287151
1311868187.736522 0.4834728 -0.3252862 0.7278900 -0.0204112 -0.6753750 -0.3106100 0.6685607
1311868189.068620 0.5793235 -0.3141629 0.8218210 -0.0995568 -0.7108134 -0.3745603 0.5869730
1311868189.238292 0.6024707 -0.3106771 0.8212320 -0.0908724 -0.6978359 -0.3836696 0.5979673
1311868189.536633 0.6327696 -0.3096988 0.8246836 -0.0987262 -0.6824478 -0.4003552 0.6035178
1311868190.604416 0.6898093 -0.3405756 0.9126363 -0.1020130 -0.6714172 -0.3942882 0.6191358
1311868191.136667 0.7000238 -0.3469442 0.9341269 -0.1074452 -0.6723481 -0.3928884 0.6180956
1311868191.670782 0.6991712 -0.3574049 0.9461929 -0.0944776 -0.6736915 -0.3924847 0.6190069
1311868192.604784 0.6494185 -0.3686117 0.9431217 -0.0918986 -0.6600059 -0.3864961 0.6376265
1311868194.243018 0.5835809 -0.4223774 0.9283850 -0.0562138 -0.7249250 -0.3989771 0.5586959
1311868195.314009 0.5766751 -0.4554735 0.9455948 -0.0392913 -0.7365782 -0.3649604 0.5680781
1311868195.508972 0.5817532 -0.4604866 0.9610693 -0.0349733 -0.7319757 -0.3656945 0.5738083
1311868196.236975 0.6194767 -0.4527726 1.0002965 -0.0571950 -0.6949115 -0.3788323 0.6085334
1311868196.468966 0.6376601 -0.4480683 1.0041708 -0.0755410 -0.6824694 -0.3721972 0.6244984
1311868196.837005 0.6589239 -0.4449579 1.0197902 -0.1035989 -0.6606689 -0.3689941 0.6454667
1311868197.337258 0.6733631 -0.4556677 1.0632613 -0.0958818 -0.6717373 -0.3953105 0.6191166
1311868198.137212 0.6768129 -0.4623816 1.1292026 -0.1196203 -0.6720002 -0.4223848 0.5964041
1311868198.769148 0.6496549 -0.4660546 1.1538647 -0.1241012 -0.6702274 -0.4310814 0.5912384
1311868200.605204 0.5724353 -0.5024732 1.2434795 0.1027531 0.7386301 0.4814485 -0.4605158
1311868200.773365 0.5695620 -0.5075083 1.2565579 0.1075712 0.7413315 0.4805898 -0.4559491
1311868201.037420 0.5659603 -0.5117596 1.2697444 0.1099876 0.7469593 0.4791498 -0.4476271
1311868201.973324 0.5387824 -0.5161484 1.2881217 0.1060143 0.7484531 0.4863357 -0.4382425
1311868202.505419 0.5155510 -0.5216470 1.3095098 0.1034133 0.7478070 0.5088857 -0.4136735
1311868202.905418 0.4929384 -0.5336802 1.3239150 0.0861571 0.7527644 0.5038709 -0.4147732
1311868204.473547 0.3976355 -0.6179070 1.2811894 0.0686041 0.8117660 0.5114229 -0.2734521
1311868204.973649 0.3669538 -0.6506737 1.2758243 0.0657766 0.8152152 0.5180067 -0.2505330
1311868206.037992 0.3422478 -0.6960227 1.2609073 0.0377081 0.8496708 0.4460315 -0.2787358
1311868207.073774 0.3238392 -0.6737458 1.2774558 0.0149437 0.8472942 0.4609274 -0.2634677
1311868207.537787 0.3042979 -0.6637086 1.3121699 0.0249187 0.8500546 0.4709114 -0.2345821
1311868207.737830 0.2961862 -0.6578476 1.3271682 0.0249970 0.8469833 0.4760664 -0.2352770
1311868208.173832 0.2849938 -0.6459878 1.3573449 0.0161421 0.8369152 0.4909307 -0.2414528
1311868208.437928 0.2818009 -0.6390033 1.3787311 0.0189255 0.8324683 0.4995145 -0.2390054
1311868208.637812 0.2747788 -0.6358867 1.3935635 0.0257917 0.8317226 0.5016069 -0.2365645
1311868208.837756 0.2684954 -0.6287924 1.4055543 0.0357882 0.8235373 0.5138497 -0.2376217
1311868211.873907 0.1314195 -0.5712994 1.4663272 0.0330702 0.8209682 0.5475574 -0.1584249
1311868212.306028 0.1054520 -0.5771981 1.4853380 0.0330712 0.8168836 0.5531690 -0.1600358
1311868213.674238 0.0375321 -0.5774488 1.4669298 0.0134962 0.8257880 0.5451372 -0.1439357
1311868214.274221 0.0125936 -0.5759954 1.4574552 0.0363883 0.8379769 0.5313780 -0.1187772
1311868214.974404 -0.0238398 -0.5780655 1.4493361 0.0223772 0.8498659 0.5244280 -0.0469311
1311868216.406671 -0.0634733 -0.6201185 1.3791573 0.0027723 0.8614734 0.5056559 0.0465607
1311868218.306510 -0.0828800 -0.6360428 1.3455892 0.0074540 0.8848906 0.4644931 0.0340485
1311868218.874697 -0.1032265 -0.6211071 1.3605781 0.0155629 0.8876793 0.4570711 0.0535649
1311868219.042799 -0.1113384 -0.6132636 1.3661022 -0.0006880 0.8849309 0.4620152 0.0586412
1311868219.342858 -0.1232352 -0.5892069 1.3830905 0.0090550 0.8859070 0.4597339 0.0610864
1311868220.110558 -0.1358623 -0.5382913 1.4210625 0.0474450 0.8663079 0.4843021 0.1127437
1311868220.274890 -0.1377285 -0.5289480 1.4290471 0.0512673 0.8596001 0.4940224 0.1200050
1311868220.442609 -0.1400429 -0.5206122 1.4372734 0.0413814 0.8550609 0.4999675 0.1311141
1311868223.143721 -0.2227377 -0.4973730 1.4486427 0.0231564 0.8250072 0.5383278 0.1703821
1311868223.642738 -0.2400147 -0.4940010 1.4392631 0.0256130 0.8252410 0.5337359 0.1828857
1311868224.043743 -0.2531403 -0.4926323 1.4363320 0.0426719 0.8236970 0.5338609 0.1862656
1311868225.746296 -0.3669271 -0.4871361 1.4194889 0.0232794 0.8163238 0.5157271 0.2590349
1311868225.910765 -0.3728728 -0.4866943 1.4196707 0.0236702 0.8141253 0.5153535 0.2665530
1311868226.247306 -0.3857965 -0.4835919 1.4154741 0.0184995 0.8135731 0.5141984 0.2708445
1311868227.744281 -0.4564823 -0.4622509 1.3182694 0.0323230 0.8085766 0.4942464 0.3176154
1311868227.912471 -0.4650954 -0.4585599 1.3102368 0.0294123 0.8013121 0.4896733 0.3424235
1311868228.412437 -0.5014569 -0.4547379 1.2917480 0.0200317 0.7834834 0.4753922 0.3996933
1311868228.979108 -0.5443086 -0.4485548 1.2716101 0.0017883 0.7763799 0.4683453 0.4217626
1311868229.281198 -0.5524622 -0.4478334 1.2556838 0.0111135 0.7826374 0.4650142 0.4136630
1311868229.444833 -0.5490252 -0.4501164 1.2402133 0.0116806 0.7648180 0.4908966 0.4170581
1311868230.180570 -0.5135283 -0.4577823 1.1619322 0.0088019 0.7651185 0.4968359 0.4094754
1311868230.443234 -0.5046085 -0.4681203 1.1380099 0.0096028 0.7589637 0.5082422 0.4069051
1311868230.582035 -0.4997300 -0.4652922 1.1248026 0.0272836 0.7587046 0.5187774 0.3930559
1311868231.380706 -0.4876727 -0.4725728 1.0499412 -0.0368612 0.7586260 0.5075716 0.4068154
1311868231.543183 -0.4797823 -0.4737446 1.0366905 -0.0421463 0.7558856 0.5130026 0.4045849
1311868231.811225 -0.4636417 -0.4825376 1.0218408 -0.0523643 0.7577195 0.5110617 0.4024117
1311868232.111198 -0.4437153 -0.4969112 1.0076647 -0.0620116 0.7491823 0.5167821 0.4096544
1311868232.611461 -0.4115658 -0.5129245 0.9874783 -0.0589244 0.7542037 0.5239421 0.3913941
1311868232.979469 -0.3990937 -0.5242798 0.9844679 -0.0516721 0.7627165 0.5079698 0.3969387
1311868233.279654 -0.3976170 -0.5275227 0.9857973 -0.0443909 0.7642300 0.4966697 0.4090246
1311868233.779597 -0.4278755 -0.5102599 0.9918889 -0.0357289 0.7578965 0.4849275 0.4349271
1311868234.443480 -0.4957197 -0.4941002 0.9911631 -0.0435312 0.7586553 0.4491981 0.4698599
1311868234.779522 -0.5314118 -0.4827048 0.9961181 -0.0472933 0.7554941 0.4444536 0.4790126
1311868234.943562 -0.5483435 -0.4773205 0.9983042 -0.0471195 0.7535398 0.4446166 0.4819477
1311868235.111629 -0.5653042 -0.4690100 0.9999726 -0.0486376 0.7499068 0.4470011 0.4852464
1311868235.311695 -0.5814059 -0.4581253 0.9988048 -0.0419424 0.7467114 0.4538692 0.4844230
1311868235.679690 -0.6044401 -0.4379882 0.9941669 -0.0368324 0.7610869 0.4444445 0.4710193
1311868235.879619 -0.6127859 -0.4271756 0.9934232 -0.0381966 0.7587357 0.4415288 0.4774028
1311868236.143661 -0.6223596 -0.4110720 0.9850445 -0.0272297 0.7492908 0.4408786 0.4934043
1311868236.311580 -0.6273851 -0.4001247 0.9791291 -0.0269464 0.7383344 0.4449493 0.5061190
1311868236.511583 -0.6325127 -0.3874856 0.9728943 -0.0335630 0.7371231 0.4405949 0.5112721
1311868236.647654 -0.6343336 -0.3803967 0.9688722 -0.0245497 0.7323285 0.4376011 0.5211502
1311868236.911822 -0.6430662 -0.3660135 0.9657833 -0.0133857 0.7266012 0.4276692 0.5375597
1311868237.611575 -0.6831383 -0.3270637 0.9352781 -0.0079393 0.6986651 0.4137717 0.5836068
1311868237.779615 -0.6984439 -0.3207313 0.9238678 -0.0200453 0.6914862 0.4037651 0.5986809
1311868237.947730 -0.7113995 -0.3117738 0.9132997 -0.0166877 0.6807581 0.4033446 0.6112308
1311868238.279669 -0.7308120 -0.2945702 0.8963094 -0.0171992 0.6652415 0.4105759 0.6233661
1311868238.879655 -0.7394574 -0.2678258 0.8647429 -0.0197897 0.6616495 0.4228439 0.6188954
1311868239.079767 -0.7353983 -0.2595963 0.8536127 -0.0188781 0.6571919 0.4210992 0.6248344
1311868239.311701 -0.7363033 -0.2517035 0.8426036 -0.0146428 0.6444532 0.4110419 0.6446008
1311868240.447900 -0.7674106 -0.2021327 0.7788358 -0.0477958 0.5814711 0.3787970 0.7184147
1311868241.148015 -0.7775825 -0.1913215 0.7486419 -0.0629065 0.5725330 0.3909373 0.7179254
1311868241.712640 -0.7400992 -0.2225456 0.7133918 -0.0475827 0.5676743 0.4049237 0.7152052
1311868242.047949 -0.7255938 -0.2352600 0.6879153 -0.0536787 0.5553406 0.3748439 0.7404103
1311868242.612269 -0.7211096 -0.2375024 0.6532338 -0.0541359 0.5154455 0.3447274 0.7826546
1311868243.180098 -0.7128285 -0.2226349 0.6351663 -0.0366769 0.5272734 0.3401567 0.7777731
1311868243.779970 -0.7175796 -0.2013276 0.5936064 -0.0594639 0.4883772 0.2988395 0.8177082
1311868243.948200 -0.7219416 -0.1947083 0.5780997 -0.0664901 0.4743897 0.2995482 0.8251087
1311868244.148092 -0.7238511 -0.1833295 0.5630143 -0.0616887 0.4523732 0.2886969 0.8415504
1311868244.480101 -0.7315967 -0.1579907 0.5465372 -0.0667903 0.4397313 0.2749805 0.8523855
1311868245.512280 -0.7046898 -0.1018891 0.4963993 -0.0610148 0.4308710 0.2697824 0.8589790
1311868246.180201 -0.6918264 -0.0612305 0.4490678 -0.0798760 0.3864745 0.2800978 0.8751014
1311868247.080182 -0.7138667 -0.0209360 0.3896890 -0.0982288 0.3996992 0.2879226 0.8646920
1311868247.216432 -0.7085907 -0.0227665 0.3860532 -0.0975728 0.3998935 0.2910573 0.8636263
1311868247.348285 -0.7012106 -0.0259686 0.3820412 -0.0981128 0.3984981 0.2913944 0.8640963
1311868247.516146 -0.6888250 -0.0280579 0.3799747 -0.1009904 0.3989770 0.2829869 0.8663352
1311868247.980227 -0.6384629 -0.0439999 0.3747026 -0.0943021 0.3947935 0.2746374 0.8716763
1311868248.148302 -0.6216437 -0.0488989 0.3718624 -0.0902457 0.3823358 0.2744200 0.8777065
1311868248.480364 -0.5873049 -0.0544153 0.3650920 -0.1009529 0.3613258 0.2715001 0.8863069
1311868250.280374 -0.4284047 -0.1201087 0.3601323 -0.1137216 0.3536210 0.2295084 0.8996363
1311868250.448319 -0.4190944 -0.1288183 0.3647249 -0.1063640 0.3528319 0.2283382 0.9011426
1311868250.616408 -0.4115855 -0.1386762 0.3704495 -0.1039043 0.3425693 0.2322911 0.9043733
1311868251.548661 -0.4014570 -0.1355399 0.3599799 -0.0959335 0.3407647 0.2048731 0.9125257
1311868252.081141 -0.3897583 -0.1107724 0.3129793 -0.0972019 0.3300948 0.1911280 0.9192711
1311868252.280693 -0.3840206 -0.1008794 0.2906768 -0.1004506 0.3221511 0.1699994 0.9258664
1311868252.448807 -0.3803889 -0.0893122 0.2734144 -0.1069759 0.3155003 0.1572544 0.9296702
1311868252.649109 -0.3723452 -0.0716268 0.2527041 -0.1104586 0.3001702 0.1665935 0.9327075
1311868253.080812 -0.3539215 -0.0453205 0.2231965 -0.1195317 0.2946272 0.1796117 0.9309386
1311868253.280713 -0.3421442 -0.0363776 0.2136836 -0.1257581 0.2985305 0.1820901 0.9283898
1311868253.616743 -0.3134474 -0.0257353 0.2028778 -0.1303812 0.3000898 0.1842868 0.9268146
1311868253.816654 -0.2993153 -0.0203649 0.1958212 -0.1202694 0.2919268 0.1884815 0.9299402
1311868254.948966 -0.2229329 0.0323819 0.1262052 -0.1581154 0.1915504 0.1468474 0.9574674
1311868255.116728 -0.2152491 0.0399236 0.1158672 -0.1589163 0.1826985 0.1464207 0.9591287
1311868255.316993 -0.2093413 0.0452483 0.1062531 -0.1595905 0.1752310 0.1446806 0.9606729
1311868256.048877 -0.1612726 0.0549181 0.0922614 -0.1606611 0.1658871 0.1430814 0.9623914
1311868256.216920 -0.1429574 0.0518009 0.0894399 -0.1620784 0.1604445 0.1308838 0.9648096
1311868256.749056 -0.0879194 0.0441465 0.0852644 -0.1404505 0.1488242 0.1207498 0.9713622
1311868257.317019 -0.0347168 0.0308675 0.0786996 -0.1479365 0.0973715 0.0714870 0.9815922
1311868257.985217 0.0146716 0.0016734 0.0726798 -0.1524267 0.0436923 0.0173469 0.9871961
1311868258.317231 0.0357030 -0.0215560 0.0881277 -0.1764982 0.0084903 0.0076504 0.9842346
1311868258.449148 0.0433576 -0.0331940 0.0977574 -0.1808293 0.0052696 -0.0008119 0.9835001
1311868258.785039 0.0606591 -0.0635531 0.1174998 -0.1651158 -0.0038354 0.0120295 0.9861934
1311868258.949852 0.0711031 -0.0737794 0.1270697 -0.1587131 -0.0079525 0.0029137 0.9872884
1311868259.285039 0.0948260 -0.0884175 0.1450375 -0.1430015 -0.0331042 -0.0238822 0.9888803
1311868260.184916 0.1480922 -0.0918726 0.1587291 -0.1273811 -0.0545927 -0.0579686 0.9886523
1311868260.349210 0.1423767 -0.0882059 0.1606126 -0.1363860 -0.0539295 -0.0492232 0.9879613
1311868262.317336 0.1141431 -0.0849251 0.1644198 -0.1451497 -0.0780305 -0.0582047 0.9846091
1311868262.950706 0.1143706 -0.0857903 0.1643463 -0.1449144 -0.0783469 -0.0536962 0.9848748
