1311875823.405287 0.0000000 0.0000000 0.0000000 0.0000000 0.0000000 0.0000000 1.0000000
1311875823.505350 0.0351250 0.0054465 -0.0074218 0.0100608 -0.0172698 0.0084480 0.9997646
1311875824.005440 0.0336295 0.0063759 -0.0145735 0.0078422 0.0383469 -0.0009165 0.9992333
1311875824.069436 0.0337898 0.0068761 -0.0163675 0.0041782 0.0427982 0.0023964 0.9990721
1311875824.169373 0.0322182 0.0071635 -0.0179274 -0.0046261 0.0534872 0.0043509 0.9985483
1311875824.305386 0.0320809 0.0074699 -0.0192056 -0.0260319 0.0671941 0.0071062 0.9973750
1311875825.237309 0.0806828 0.0221953 -0.0054308 -0.1746527 0.1432016 -0.0114901 0.9740933
1311875825.737265 0.1030663 0.0352714 0.0036049 -0.2308673 0.1523128 0.0189292 0.9608032
1311875825.869365 0.1107824 0.0375219 0.0068129 -0.2423041 0.1481010 0.0181478 0.9586582
1311875826.005306 0.1185924 0.0380653 0.0108780 -0.2565646 0.1541216 0.0060948 0.9541405
1311875826.337299 0.1380740 0.0408043 0.0157052 -0.2609736 0.1625104 -0.0154225 0.9514438
1311875826.637287 0.1499939 0.0478517 0.0217613 -0.2480109 0.1522456 -0.0028806 0.9567150
1311875827.437248 0.1912207 0.0496375 0.0515495 -0.0616634 0.1650549 -0.0178169 0.9841936
1311875827.537108 0.2005209 0.0517833 0.0461472 -0.0622234 0.1751300 -0.0253803 0.9822493
1311875827.637256 0.2070810 0.0532291 0.0435755 -0.0848687 0.2022960 -0.0418910 0.9747404
1311875827.837164 0.2122260 0.0511316 0.0503798 -0.1275175 0.2625914 -0.0756712 0.9534458
1311875828.937262 0.2601529 0.0714056 0.0869053 -0.1481974 0.4118899 -0.0814995 0.8954005
1311875829.537343 0.2794360 0.0845750 0.0990271 -0.1982045 0.4835351 -0.0689366 0.8497980
1311875829.669233 0.2850636 0.0889959 0.1038062 -0.2078305 0.5081956 -0.0708475 0.8327811
1311875830.269184 0.3039905 0.1094002 0.1272298 -0.2392096 0.5353166 -0.0492813 0.8085705
1311875830.705342 0.3229401 0.1192731 0.1387601 -0.2778160 0.5484172 -0.0419702 0.7875883
1311875830.869215 0.3319091 0.1193734 0.1429046 -0.2852410 0.5536960 -0.0318932 0.7816912
1311875831.905269 0.3834612 0.1162859 0.1592349 -0.2615730 0.5750051 -0.0355266 0.7743943
1311875832.337491 0.4090638 0.1161823 0.1691155 -0.2319377 0.5711197 -0.0635879 0.7848463
1311875833.437230 0.4731541 0.1099037 0.1686798 -0.2708439 0.4697853 -0.0417612 0.8391671
1311875833.537067 0.4795452 0.1098784 0.1684403 -0.2674530 0.4517417 -0.0461652 0.8498630
1311875833.637148 0.4845967 0.1103223 0.1693491 -0.2644872 0.4378441 -0.0434395 0.8581679
1311875836.405097 0.6429549 0.1331362 0.1827613 -0.3239845 0.2547942 -0.0185176 0.9109177
1311875837.236927 0.6719788 0.1316658 0.1821485 -0.3164811 0.2046294 -0.0142344 0.9261554
1311875837.605319 0.6868175 0.1276881 0.1732555 -0.3204550 0.1508106 -0.0080556 0.9351470
1311875837.772907 0.6962625 0.1245432 0.1682700 -0.3268729 0.1301062 -0.0102099 0.9360140
1311875838.373081 0.7296981 0.1232357 0.1498072 -0.3478650 0.0879462 0.0060673 0.9333909
1311875838.537157 0.7364590 0.1246760 0.1491182 -0.3586759 0.0637246 0.0044179 0.9312740
1311875839.037122 0.7663229 0.1222411 0.1458296 -0.3417670 -0.0261853 -0.0086294 0.9393802
1311875840.273077 0.8230174 0.1068562 0.1218749 -0.3387489 -0.1581957 0.0133984 0.9273854
1311875841.441006 0.8767804 0.1108126 0.1239165 -0.2799539 -0.3051845 0.0449895 0.9091008
1311875841.840854 0.9033821 0.1172008 0.1204229 -0.2912243 -0.3406961 0.0327576 0.8933317
1311875842.041239 0.9137174 0.1186098 0.1210425 -0.3270291 -0.3310931 0.0282748 0.8846637
1311875842.405038 0.9311181 0.1211803 0.1203813 -0.3624105 -0.2944838 0.0111077 0.8842028
1311875842.605088 0.9432632 0.1275366 0.1241582 -0.3648535 -0.2723154 0.0163286 0.8902020
1311875842.804993 0.9553598 0.1322612 0.1275021 -0.3591486 -0.2412241 0.0123813 0.9014820
1311875843.040966 0.9689953 0.1350398 0.1324351 -0.3500173 -0.2076046 -0.0022960 0.9134457
1311875843.241014 0.9797162 0.1348147 0.1355756 -0.3329173 -0.1679535 -0.0117716 0.9278034
1311875843.440999 0.9894861 0.1324434 0.1369554 -0.3175912 -0.1276618 -0.0217354 0.9393433
1311875843.672921 1.0009520 0.1303911 0.1358641 -0.3064256 -0.0854936 -0.0246712 0.9477265
1311875844.140980 1.0206937 0.1288716 0.1258167 -0.2986079 -0.0096766 -0.0257831 0.9539785
1311875844.372813 1.0385072 0.1257131 0.1189306 -0.3010946 0.0066502 -0.0130122 0.9534823
1311875844.604861 1.0479953 0.1307769 0.1116035 -0.3198593 0.0347529 -0.0043565 0.9468175
1311875844.804982 1.0583240 0.1326806 0.1039805 -0.3372397 0.0479566 -0.0008407 0.9401962
1311875844.972785 1.0664456 0.1332207 0.0963744 -0.3535902 0.0564303 0.0096867 0.9336465
1311875845.140938 1.0753328 0.1286156 0.0940989 -0.3875180 0.0799195 0.0138522 0.9182869
1311875845.306104 1.0825657 0.1315780 0.0948012 -0.4198230 0.1183050 0.0034077 0.8998561
1311875845.573457 1.1010678 0.1355341 0.0952887 -0.4234972 0.1574085 -0.0015137 0.8921157
1311875846.641366 1.1695544 0.1313443 0.0987904 -0.3283316 0.3030381 -0.0452881 0.8934849
1311875847.105854 1.2003872 0.1203979 0.0854232 -0.2891018 0.3295037 -0.0688070 0.8961657
1311875847.507717 1.2290150 0.1183535 0.0668464 -0.3023940 0.3947012 -0.0493937 0.8662153
1311875847.640929 1.2390540 0.1195184 0.0624311 -0.3147720 0.4160973 -0.0418643 0.8520734
1311875847.772802 1.2488414 0.1219154 0.0594067 -0.3200840 0.4300351 -0.0345992 0.8434566
1311875848.172752 1.2770884 0.1287988 0.0531068 -0.3490217 0.4493531 -0.0179725 0.8221573
1311875848.841024 1.3097411 0.1355324 0.0369284 -0.3825904 0.4771981 0.0360588 0.7903204
1311875848.907187 1.3121870 0.1361139 0.0336902 -0.3824307 0.4804742 0.0386831 0.7882861
1311875849.508503 1.3401865 0.1308927 0.0111967 -0.3958205 0.5081005 0.0196991 0.7647039
1311875849.676714 1.3479302 0.1255559 0.0063081 -0.3906188 0.5206526 -0.0012024 0.7591682
1311875850.613513 1.3711866 0.1081569 -0.0235711 -0.2871438 0.6272719 -0.0751240 0.7200242
1311875851.013287 1.3886430 0.1053176 -0.0382111 -0.2925475 0.6800618 -0.0731895 0.6682628
1311875851.077151 1.3910127 0.1056744 -0.0409594 -0.2904841 0.6877866 -0.0721573 0.6613334
1311875851.943009 1.4116274 0.1022926 -0.0787335 -0.3652544 0.7408749 0.0582240 0.5606278
1311875852.045547 1.4137187 0.1004447 -0.0842540 -0.3722792 0.7446336 0.0680277 0.5498194
1311875852.177175 1.4165869 0.0973210 -0.0945051 -0.3744077 0.7513918 0.0710641 0.5386829
1311875852.242551 1.4167936 0.0928500 -0.1042574 -0.3741989 0.7573705 0.0715323 0.5303284
1311875852.312612 1.4162285 0.0875415 -0.1152444 -0.3660075 0.7669306 0.0684371 0.5226589
1311875852.444604 1.4166863 0.0880088 -0.1147494 -0.3488140 0.7976120 0.0625290 0.4880922
1311875852.572766 1.4216886 0.0888128 -0.1171265 -0.3233954 0.8253193 0.0577769 0.4592659
1311875852.743889 1.4223361 0.0888446 -0.1178249 -0.2961994 0.8560745 0.0577206 0.4196079
1311875852.872884 1.4224896 0.0889434 -0.1178007 -0.2836325 0.8719410 0.0521184 0.3956706
1311875853.072657 1.4222436 0.0889699 -0.1175503 -0.2683468 0.8897148 0.0387139 0.3672858
1311875853.311076 1.4302907 0.0883189 -0.1255123 -0.2514124 0.9029759 0.0089120 0.3483489
1311875853.440644 1.4336523 0.0844132 -0.1316782 -0.2513487 0.9044930 -0.0079772 0.3444600
1311875853.509779 1.4361520 0.0840349 -0.1341490 -0.2501082 0.9045653 -0.0152680 0.3449265
1311875853.640737 1.4405782 0.0834218 -0.1389108 -0.2408931 0.9074328 -0.0251869 0.3433685
1311875854.240791 1.4550366 0.0795524 -0.1589000 -0.2048346 0.9110731 -0.0642425 0.3519395
1311875854.340804 1.4569988 0.0781703 -0.1631939 -0.1924904 0.9099822 -0.0757155 0.3593703
1311875854.440722 1.4611566 0.0779033 -0.1669285 -0.1869240 0.9086984 -0.0902398 0.3621925
1311875854.740744 1.4739156 0.0784131 -0.1757928 -0.1680969 0.8965252 -0.1331942 0.3876149
1311875855.272809 1.4838440 0.0750104 -0.1828932 -0.1316852 0.8769801 -0.1887587 0.4218234
1311875855.440796 1.4843749 0.0748281 -0.1849911 -0.1185312 0.8705199 -0.2056245 0.4311196
1311875856.508685 1.4900316 0.0679823 -0.1937443 -0.0628104 0.8586600 -0.2733726 0.4289818
1311875856.572784 1.4904652 0.0675203 -0.1943747 -0.0594052 0.8568245 -0.2741129 0.4326488
1311875856.640800 1.4907031 0.0673577 -0.1946539 -0.0551030 0.8557393 -0.2785881 0.4325073
1311875857.108600 1.4927785 0.0654695 -0.1987070 -0.0271063 0.8302187 -0.3156637 0.4586487
1311875857.840753 1.4926500 0.0607421 -0.2042896 0.0080947 0.8018413 -0.3778524 0.4628311
1311875858.140624 1.4948220 0.0590205 -0.2073865 -0.0187659 0.8118839 -0.3538002 0.4640235
1311875858.472562 1.4969239 0.0563980 -0.2103314 -0.0553922 0.8205239 -0.3181609 0.4716418
1311875858.540692 1.4972476 0.0560104 -0.2106696 -0.0556587 0.8233367 -0.3091622 0.4726918
1311875858.772683 1.4988043 0.0551868 -0.2124570 -0.0545571 0.8313096 -0.2839037 0.4747067
1311875859.046586 1.4998374 0.0540977 -0.2130904 -0.0526278 0.8440074 -0.2530778 0.4699291
1311875859.340893 1.5016570 0.0532665 -0.2148942 -0.0701547 0.8611180 -0.2054147 0.4597379
1311875859.676565 1.5010737 0.0525980 -0.2168811 -0.0946735 0.8651251 -0.1786932 0.4589818
1311875859.808681 1.5017793 0.0522196 -0.2177068 -0.1033905 0.8676823 -0.1590466 0.4595020
1311875860.340705 1.5031371 0.0510807 -0.2189450 -0.1324874 0.8748835 -0.0917454 0.4567370
1311875860.408606 1.5033312 0.0510662 -0.2190196 -0.1406744 0.8719429 -0.0825336 0.4616433
1311875860.476677 1.5048728 0.0503950 -0.2207864 -0.1466463 0.8667148 -0.0818655 0.4696789
1311875860.576710 1.5041575 0.0510060 -0.2194211 -0.1628470 0.8661504 -0.0687796 0.4674759
1311875860.876632 1.5039485 0.0507438 -0.2195939 -0.1755223 0.8779609 -0.0226140 0.4448204
1311875860.976632 1.5041598 0.0507618 -0.2196546 -0.1818077 0.8811877 -0.0160142 0.4361168
1311875861.176680 1.5041831 0.0506179 -0.2196765 -0.1966546 0.8824592 0.0045370 0.4272845
1311875862.176671 1.5061656 0.0515942 -0.2192327 -0.2197040 0.9247770 0.0326558 0.3089517
1311875862.708630 1.5066234 0.0517575 -0.2194455 -0.1914442 0.9389752 -0.0372137 0.2833546
1311875862.808559 1.5067402 0.0517706 -0.2195464 -0.1827191 0.9381804 -0.0469013 0.2902268
1311875863.008482 1.5069802 0.0517020 -0.2199896 -0.1708034 0.9363914 -0.0774334 0.2966502
1311875863.240676 1.5071929 0.0516848 -0.2202656 -0.1547834 0.9305827 -0.1229077 0.3081422
1311875863.476781 1.5074247 0.0516211 -0.2206110 -0.1530357 0.9220237 -0.1704122 0.3121092
1311875864.276595 1.5081685 0.0516376 -0.2212663 -0.1445697 0.8857819 -0.2971577 0.3258640
1311875864.340700 1.5082327 0.0515087 -0.2212189 -0.1379938 0.8834612 -0.3044655 0.3282604
1311875864.676445 1.5085731 0.0513656 -0.2217693 -0.1373904 0.8728648 -0.3454769 0.3160327
1311875865.108560 1.5090955 0.0508871 -0.2219423 -0.1334246 0.8670186 -0.3685503 0.3076479
1311875865.208487 1.5091933 0.0508557 -0.2219092 -0.1182462 0.8654078 -0.3761510 0.3091885
1311875865.508500 1.5094784 0.0508126 -0.2218339 -0.0809890 0.8661448 -0.4113181 0.2721240
1311875865.576524 1.5095166 0.0507959 -0.2218384 -0.0727803 0.8670720 -0.4176998 0.2615645
1311875866.040682 1.5099357 0.0506968 -0.2216921 -0.0518402 0.8575510 -0.4497931 0.2441416
1311875866.108459 1.5099899 0.0507435 -0.2216794 -0.0505883 0.8597726 -0.4461136 0.2433405
1311875866.308771 1.5101924 0.0507079 -0.2215775 -0.0333962 0.8769517 -0.4191965 0.2326258
1311875866.376379 1.5102544 0.0507114 -0.2215012 -0.0259278 0.8848046 -0.4049651 0.2290236
1311875866.908457 1.5106668 0.0505823 -0.2215504 -0.0397099 0.9364303 -0.2895767 0.1940791
1311875867.008548 1.5106995 0.0505674 -0.2215843 -0.0497650 0.9438329 -0.2685992 0.1858963
1311875867.276529 1.5108593 0.0502702 -0.2220711 -0.0754431 0.9642511 -0.1959977 0.1615952
1311875867.408590 1.5108693 0.0502634 -0.2220878 -0.0799393 0.9730185 -0.1641541 0.1410608
1311875867.740642 1.5110642 0.0502369 -0.2224386 -0.0788221 0.9890670 -0.0873793 0.0888734
1311875868.240526 1.5112599 0.0502029 -0.2227415 -0.0701000 0.9967470 -0.0110183 0.0382109
1311875868.508388 1.5113066 0.0501497 -0.2229203 -0.0695153 0.9959636 0.0247688 0.0510934
1311875868.808685 1.5113645 0.0501411 -0.2230361 -0.0683339 0.9939313 0.0649037 0.0567325
1311875868.908536 1.5113685 0.0501297 -0.2230611 -0.0656893 0.9922274 0.0918018 0.0523653
1311875869.076437 1.5114607 0.0501593 -0.2230426 -0.0581876 0.9903224 0.1162279 0.0486491
1311875869.108525 1.5114710 0.0501637 -0.2230523 -0.0557385 0.9899856 0.1209900 0.0467251
