1311870427.199132 0.0000000 0.0000000 0.0000000 0.0000000 0.0000000 0.0000000 1.0000000
1311870430.899451 0.0088671 -0.0015196 -0.0037180 0.0037237 0.0025807 -0.0052743 0.9999758
1311870430.931499 0.0093910 -0.0015308 -0.0037457 0.0039087 0.0030106 -0.0056292 0.9999720
1311870435.467618 0.1394057 0.0130379 0.0093730 -0.1076247 0.0297020 -0.0312880 0.9932551
1311870435.567656 0.1418937 0.0134123 0.0110748 -0.1139133 0.0280111 -0.0317158 0.9925892
1311870436.067746 0.1557516 0.0124012 0.0190026 -0.1277902 0.0287801 -0.0358748 0.9907343
1311870444.568395 0.4093039 -0.0712531 0.1613421 -0.0898370 -0.3652653 -0.2022192 0.9042223
1311870444.701032 0.4160835 -0.0679206 0.1637780 -0.1014049 -0.3653883 -0.2021877 0.9029554
1311870444.800418 0.4201587 -0.0647738 0.1668790 -0.1123447 -0.3609635 -0.2108167 0.9014657
1311870447.468472 0.4761618 -0.0922406 0.2612979 -0.1323780 -0.5057537 -0.3310686 0.7855462
1311870447.568454 0.4746540 -0.0934400 0.2632558 -0.1321041 -0.5110038 -0.3366170 0.7798158
1311870447.836560 0.4656086 -0.0980191 0.2670104 -0.1318035 -0.5023168 -0.3466276 0.7811241
1311870449.936773 0.3920909 -0.1219616 0.3090365 -0.1119763 -0.6269786 -0.4130879 0.6509359
1311870450.100915 0.3918621 -0.1213611 0.3164937 -0.1131549 -0.6315249 -0.4192507 0.6423403
1311870450.701290 0.4137325 -0.1172931 0.3240522 -0.1348148 -0.6523473 -0.4209625 0.6156773
1311870455.004911 0.4690304 -0.1665417 0.4751649 0.0904800 0.7931706 0.5087377 -0.3223036
1311870459.237139 0.4561784 -0.1715195 0.4993043 0.1055227 0.7955775 0.5109801 -0.3079297
1311870459.905336 0.4446658 -0.1888122 0.4957954 0.0868127 0.8128551 0.4656740 -0.3389365
1311870461.305245 0.4705080 -0.2111339 0.5648572 0.0791032 0.7503513 0.4892423 -0.4374445
1311870461.505256 0.4805802 -0.2171870 0.5631537 0.0829553 0.7417630 0.4758966 -0.4652188
1311870462.069279 0.4986960 -0.2288747 0.5635579 0.0675473 0.7495705 0.4510681 -0.4797072
1311870462.373322 0.4967231 -0.2406513 0.5686020 0.0489343 0.7768691 0.4193849 -0.4671148
1311870462.605454 0.4944399 -0.2502732 0.5727243 0.0279668 0.7971670 0.4060365 -0.4459563
1311870462.805607 0.4943745 -0.2549642 0.5750681 0.0218009 0.8176580 0.4013435 -0.4121693
1311870463.573593 0.5166476 -0.2496406 0.5619657 0.0106220 0.8652716 0.4150130 -0.2809917
1311870463.705442 0.5215498 -0.2456786 0.5573585 0.0157106 0.8676208 0.4183955 -0.2682025
1311870464.337856 0.5399324 -0.2341039 0.5517002 0.0223981 0.8509001 0.4372482 -0.2903126
1311870464.473642 0.5431835 -0.2322686 0.5516378 0.0261440 0.8486981 0.4427920 -0.2880333
1311870464.873634 0.5453916 -0.2257279 0.5530725 0.0353366 0.8343158 0.4598028 -0.3020759
1311870466.137755 0.5408561 -0.2088973 0.5686939 0.0898664 0.7931768 0.5136622 -0.3145563
1311870466.638080 0.5404075 -0.2143677 0.5633841 0.0716652 0.8091511 0.4888915 -0.3179995
1311870472.841981 0.5475690 -0.2334076 0.5396024 0.0342798 0.8379355 0.3913437 -0.3788655
1311870473.606498 0.5447569 -0.2236557 0.5253442 0.0370485 0.8345899 0.3975522 -0.3795252
1311870475.006531 0.5278729 -0.2133581 0.4983414 0.0248292 0.8149642 0.3718566 -0.4437787
1311870475.174253 0.5333444 -0.2118738 0.4931539 0.0226935 0.8096480 0.3713151 -0.4539605
1311870475.342286 0.5396072 -0.2098417 0.4891566 0.0216601 0.8045906 0.3692546 -0.4645598
1311870477.642455 0.5792704 -0.2063099 0.4833168 -0.0230770 -0.7776331 -0.3727353 0.5057892
1311870479.974540 0.5636632 -0.1834554 0.4017524 0.0079451 -0.7624652 -0.3207432 0.5618785
1311870481.010488 0.5912820 -0.1748252 0.3953608 0.0004708 -0.7280429 -0.3298921 0.6009364
1311870481.610928 0.6001299 -0.1755098 0.4127089 -0.0156597 -0.7261915 -0.3485800 0.5923619
1311870482.274596 0.6178619 -0.1667682 0.3932340 -0.0231063 -0.7151656 -0.3382784 0.6112053
1311870483.975520 0.6040371 -0.1521919 0.3497501 -0.0178556 -0.7258503 -0.3257525 0.6055641
1311870485.714523 0.6069491 -0.1208191 0.2881154 -0.0250946 -0.6738564 -0.3268728 0.6621495
1311870486.747476 0.5757416 -0.1229489 0.2636245 -0.0059851 -0.6675232 -0.2950508 0.6836095
1311870486.910964 0.5767524 -0.1244339 0.2529300 -0.0009324 -0.6555712 -0.2758816 0.7029330
1311870487.013483 0.5787693 -0.1237983 0.2467642 0.0075706 -0.6522528 -0.2661686 0.7096924
1311870490.081807 0.5980611 -0.0657228 0.1879859 -0.0686957 -0.5591114 -0.2992155 0.7701593
1311870490.281109 0.5994838 -0.0613588 0.1849160 -0.0750727 -0.5560005 -0.3035747 0.7701104
1311870490.711269 0.6052103 -0.0625990 0.1785022 -0.0692399 -0.5517527 -0.3011779 0.7746397
1311870491.943254 0.6117654 -0.0951646 0.2174983 -0.0419362 -0.5885897 -0.2842907 0.7556337
1311870492.211322 0.6138332 -0.0993341 0.2300620 -0.0429157 -0.5889793 -0.2853794 0.7548643
1311870492.479330 0.6159708 -0.1026428 0.2414758 -0.0414299 -0.5940808 -0.2886110 0.7497035
1311870498.579847 0.6333147 -0.1321181 0.3172742 -0.0178405 -0.6669369 -0.3416264 0.6619428
1311870498.911793 0.6320377 -0.1240135 0.2925384 -0.0287421 -0.6531577 -0.3123547 0.6891978
1311870499.347761 0.6295595 -0.1103576 0.2647800 -0.0233009 -0.6360321 -0.3054406 0.7082558
1311870501.147952 0.5805768 -0.0788600 0.1707215 -0.0032459 -0.5655906 -0.2679415 0.7799385
1311870501.647864 0.5840350 -0.0622586 0.1339724 -0.0144158 -0.5491478 -0.2660631 0.7921107
1311870501.879841 0.5820099 -0.0563389 0.1238631 -0.0127231 -0.5446760 -0.2647755 0.7956507
1311870503.748145 0.5263471 -0.0209047 0.0311184 -0.0183615 -0.4446645 -0.2317846 0.8649926
1311870503.980018 0.5228604 -0.0161361 0.0193935 -0.0167196 -0.4414389 -0.2285896 0.8675246
1311870504.212116 0.5182490 -0.0145268 0.0157837 -0.0121594 -0.4342584 -0.2259364 0.8719086
1311870504.847987 0.4979672 -0.0247462 0.0275249 -0.0137804 -0.4105875 -0.1983443 0.8898806
1311870505.012129 0.4933193 -0.0280129 0.0309836 -0.0114395 -0.3996221 -0.1928120 0.8960998
1311870505.880081 0.4725377 -0.0406270 0.0020891 -0.0551237 -0.3573719 -0.1675639 0.9171527
1311870506.348187 0.4535593 -0.0437495 -0.0194580 -0.0349726 -0.3317270 -0.1581027 0.9293749
1311870506.580315 0.4411499 -0.0462105 -0.0231740 -0.0318934 -0.3277477 -0.1532021 0.9317153
1311870506.780407 0.4280725 -0.0475568 -0.0234508 -0.0254638 -0.3247910 -0.1448732 0.9342774
1311870507.448147 0.3802026 -0.0580924 -0.0277487 -0.0136937 -0.3094638 -0.1419231 0.9401609
1311870507.881029 0.3530900 -0.0573911 -0.0411237 -0.0229431 -0.2792685 -0.1239600 0.9519016
1311870508.112310 0.3421052 -0.0604040 -0.0485247 -0.0256038 -0.2511228 -0.1136109 0.9609237
1311870509.049529 0.3024505 -0.0738471 -0.0522154 -0.0374809 -0.1840691 -0.0932644 0.9777604
1311870510.148444 0.2454458 -0.0760788 -0.0635156 -0.0400377 -0.1077224 -0.0641946 0.9912981
1311870510.348425 0.2333529 -0.0736015 -0.0710936 -0.0459149 -0.0935190 -0.0570171 0.9929225
1311870510.548480 0.2220733 -0.0712011 -0.0752677 -0.0449680 -0.0877677 -0.0619656 0.9931943
1311870511.048272 0.1936819 -0.0668757 -0.0731262 -0.0492055 -0.0925051 -0.0667866 0.9922506
1311870511.380430 0.1707925 -0.0717515 -0.0652930 -0.0447163 -0.0950449 -0.0712673 0.9919112
1311870512.248891 0.1219456 -0.0641278 -0.0533588 -0.0431464 -0.0438146 -0.0670013 0.9958562
1311870513.716551 0.0570193 -0.0258484 -0.0477755 -0.0282519 -0.0024759 -0.0403561 0.9987828
1311870513.981164 0.0492356 -0.0215634 -0.0412229 -0.0268357 0.0099225 -0.0363026 0.9989312
1311870514.816669 0.0129625 -0.0006872 -0.0469743 -0.0471480 0.0427592 -0.0098472 0.9979237
1311870516.448748 -0.0209302 0.0294693 -0.0276410 -0.0502193 0.1461080 0.0048699 0.9879811
1311870516.880949 -0.0389272 0.0369948 -0.0330816 -0.0734314 0.1652839 0.0210332 0.9832836
1311870517.048730 -0.0486717 0.0381114 -0.0390393 -0.0717124 0.1673077 0.0318985 0.9827756
1311870521.950099 -0.1706506 0.0239602 0.0285786 -0.0882318 0.3879801 0.1781832 0.8999652
1311870522.086425 -0.1760275 0.0238431 0.0308106 -0.0890557 0.3981671 0.1864862 0.8937309
1311870522.318002 -0.1816651 0.0228349 0.0384902 -0.0928447 0.4101950 0.1891100 0.8873316
1311870526.049541 -0.2321760 -0.0224023 0.1526608 -0.0942539 0.4976244 0.2638326 0.8209010
1311870526.485363 -0.2545137 -0.0264384 0.1587162 -0.0854786 0.5287042 0.2833532 0.7955352
1311870527.185439 -0.2813056 -0.0309395 0.1675482 -0.0849272 0.5488632 0.2804243 0.7828785
1311870527.417505 -0.2788621 -0.0316362 0.1714347 -0.0806889 0.5540952 0.2837794 0.7784196
1311870530.985770 -0.3314125 -0.0547591 0.2211255 -0.0755394 0.6102101 0.3148498 0.7230540
1311870532.153955 -0.3604485 -0.0595508 0.2387028 -0.0788263 0.6167451 0.3132562 0.7178318
1311870534.217924 -0.3586345 -0.0766032 0.2584318 -0.0541491 0.6292919 0.3153338 0.7082543
1311870534.353864 -0.3624278 -0.0783690 0.2603008 -0.0539048 0.6297323 0.3132454 0.7088081
1311870534.654074 -0.3689851 -0.0805517 0.2643034 -0.0498558 0.6298892 0.3149296 0.7082185
1311870535.254036 -0.3801979 -0.0810177 0.2677000 -0.0474161 0.6315949 0.3181287 0.7054316
1311870535.653954 -0.3810441 -0.0793117 0.2653927 -0.0609722 0.6333585 0.3168171 0.7033963
1311870536.453990 -0.3755682 -0.0643646 0.2287294 -0.0676850 0.6141436 0.2926421 0.7297993
1311870536.654414 -0.3727468 -0.0598456 0.2184065 -0.0737587 0.5996035 0.2834916 0.7447603
1311870536.986393 -0.3699837 -0.0534385 0.2023368 -0.0799369 0.5732362 0.2676081 0.7703221
1311870537.486083 -0.3669899 -0.0505069 0.1954274 -0.0813546 0.5796879 0.2773376 0.7618577
1311870538.386094 -0.3595797 -0.0494882 0.1829090 -0.0712813 0.5620867 0.2676347 0.7793261
1311870539.154145 -0.3459817 -0.0319245 0.1427063 -0.0813067 0.5211861 0.2457665 0.8132362
1311870539.354172 -0.3442561 -0.0288406 0.1364610 -0.0837925 0.5120847 0.2464459 0.8185429
1311870539.722235 -0.3391315 -0.0248341 0.1341977 -0.0922048 0.5047458 0.2677941 0.8154853
1311870540.954328 -0.3058203 -0.0193321 0.1045126 -0.0810964 0.4768838 0.2357559 0.8428668
1311870541.154508 -0.2982897 -0.0166637 0.0947040 -0.0829952 0.4631393 0.2274882 0.8525625
1311870541.322625 -0.2946108 -0.0136513 0.0872934 -0.0886036 0.4528015 0.2208853 0.8592612
1311870543.386750 -0.2654486 -0.0100733 0.0556083 -0.0872586 0.3949178 0.1972207 0.8930452
1311870543.586450 -0.2603666 -0.0053474 0.0428473 -0.0870615 0.3798159 0.1886615 0.9014250
1311870544.154676 -0.2481999 0.0029237 0.0260814 -0.0913285 0.3740619 0.1933531 0.9024142
1311870545.354649 -0.2108981 0.0165200 0.0024408 -0.1043134 0.3428263 0.1854394 0.9149869
1311870545.490531 -0.2060850 0.0199042 -0.0058613 -0.1100287 0.3277669 0.1819446 0.9205209
1311870545.722708 -0.2014238 0.0257610 -0.0203737 -0.1124206 0.3061548 0.1752251 0.9289386
1311870548.222826 -0.1227420 0.0418423 -0.0669066 -0.1073025 0.2009017 0.1215270 0.9661034
1311870549.522845 -0.1316015 0.0435701 -0.0663403 -0.1131856 0.1915470 0.1202996 0.9674848
1311870549.755228 -0.1392939 0.0402177 -0.0609307 -0.1123638 0.1979041 0.1262248 0.9655442
1311870552.123025 -0.1617889 0.0352831 -0.0503380 -0.1161034 0.2086017 0.1121780 0.9645836
1311870556.391507 -0.1565053 0.0332217 -0.0575958 -0.0334002 0.2458725 0.1025754 0.9632806
1311870561.129749 -0.1426659 0.0459970 -0.0644465 -0.0862920 0.2285166 0.1137232 0.9630166
1311870563.068108 -0.1535186 0.0389304 -0.0572058 -0.0591848 0.2420937 0.1217915 0.9607573
1311870564.903714 -0.1626406 0.0380044 -0.0515568 -0.0679229 0.2410125 0.1140249 0.9614040
