1311875136.350775 0.0000000 0.0000000 0.0000000 0.0000000 0.0000000 0.0000000 1.0000000
1311875136.918290 -0.0330186 0.0013124 0.0431024 0.0036187 -0.0113806 -0.0101814 0.9998769
1311875136.950345 -0.0360820 -0.0015454 0.0461498 0.0037705 -0.0123980 -0.0074314 0.9998884
1311875137.118329 -0.0488992 0.0025012 0.0545681 0.0029868 -0.0218719 0.0037192 0.9997494
1311875137.750438 -0.0971040 0.0010312 0.0988074 0.0017412 -0.1205677 0.0070310 0.9926787
1311875138.186216 -0.1273643 0.0000125 0.1279448 0.0136189 -0.1761602 0.0101460 0.9842150
1311875138.650284 -0.1614081 0.0002786 0.1388854 -0.0011798 -0.2471791 0.0036664 0.9689621
1311875138.918221 -0.1860906 0.0017861 0.1387134 -0.0003835 -0.2730512 0.0043597 0.9619895
1311875139.318287 -0.2212724 -0.0008127 0.1286682 0.0011696 -0.3029403 0.0187997 0.9528233
1311875139.386315 -0.2267116 -0.0005062 0.1285057 -0.0008519 -0.3092920 0.0176891 0.9508022
1311875140.451391 -0.2884075 -0.0008533 0.1310159 -0.0149163 -0.4612291 0.0113703 0.8870828
1311875141.386340 -0.3176908 0.0013307 0.1070165 -0.0208329 -0.5986614 0.0166530 0.8005581
1311875141.550428 -0.3223185 0.0005380 0.0999365 -0.0153394 -0.6171473 0.0153080 0.7865492
1311875141.850235 -0.3285871 0.0000496 0.0835315 -0.0160818 -0.6406694 0.0201561 0.7673838
1311875142.250275 -0.3373075 0.0012318 0.0619184 -0.0160051 -0.6580572 0.0143016 0.7526620
1311875142.486229 -0.3477118 0.0012808 0.0524283 -0.0306022 -0.6725059 0.0173385 0.7392555
1311875142.918260 -0.3822561 0.0038182 0.0351354 -0.0281683 -0.7135597 0.0293313 0.6994131
1311875143.386158 -0.4218477 0.0001608 0.0176336 -0.0306289 -0.7586148 0.0210073 0.6504800
1311875143.552278 -0.4349917 -0.0002638 0.0111971 -0.0276029 -0.7661278 0.0221984 0.6417113
1311875144.186129 -0.4720412 -0.0021818 -0.0329178 -0.0257436 -0.7787142 0.0290519 0.6261768
1311875144.486124 -0.4836546 -0.0014899 -0.0531428 -0.0392116 -0.7865068 0.0304858 0.6155811
1311875144.986197 -0.5024811 -0.0035011 -0.0886509 -0.0369246 -0.8365062 0.0347267 0.5456078
1311875145.053540 -0.5057261 -0.0014027 -0.0926328 -0.0351014 -0.8436588 0.0346068 0.5346121
1311875145.254018 -0.5116330 -0.0029334 -0.1061617 0.0384890 0.8656189 -0.0274619 -0.4984659
1311875146.120887 -0.5387794 -0.0019251 -0.1460198 0.0287497 0.9155490 -0.0170622 -0.4008146
1311875146.321253 -0.5365606 -0.0014265 -0.1607507 0.0231918 0.9227547 -0.0193017 -0.3842049
1311875146.451365 -0.5381278 -0.0044774 -0.1714711 0.0330145 0.9253050 -0.0232046 -0.3770706
1311875146.589036 -0.5317435 -0.0068006 -0.1828572 0.0354895 0.9266205 -0.0379475 -0.3723909
1311875146.788756 -0.5301106 -0.0085873 -0.1969085 0.0363423 0.9328541 -0.0512647 -0.3547314
1311875146.850151 -0.5276923 -0.0088893 -0.2009762 0.0326995 0.9348593 -0.0535798 -0.3494252
1311875146.919474 -0.5247464 -0.0069456 -0.2090551 0.0286128 0.9363397 -0.0553709 -0.3455189
