1341846318.514144 0.0000000 0.0000000 0.0000000 0.0000000 0.0000000 0.0000000 1.0000000
1341846318.782036 -0.0034879 0.0001035 -0.0001037 0.0035105 -0.0038909 -0.0033444 0.9999807
1341846318.814121 -0.0040130 0.0001151 0.0000060 0.0032664 -0.0089072 -0.0036354 0.9999484
1341846318.883516 -0.0048349 0.0001141 0.0003464 0.0061445 -0.0224676 -0.0075613 0.9997001
1341846319.150093 -0.0083436 0.0000621 -0.0005683 0.0215721 -0.0635178 -0.0021980 0.9977451
1341846319.286594 -0.0089613 0.0008309 -0.0003353 0.0130835 -0.0511746 -0.0013167 0.9986032
1341846319.922039 -0.0166481 0.0007336 -0.0006712 -0.0082086 -0.0882200 0.0267176 0.9957088
1341846320.289887 -0.0131188 -0.0000313 0.0006907 0.0180694 -0.1007454 0.0219150 0.9945067
1341846320.357890 -0.0116819 0.0007980 0.0012905 0.0339338 -0.1029533 0.0212061 0.9938810
1341846322.502433 0.0103854 -0.0077615 0.0017181 0.0027897 0.0361836 -0.0393937 0.9985645
1341846323.573913 0.0121797 -0.0186679 0.0046133 0.0288113 0.0205010 -0.0299969 0.9989243
1341846326.222162 0.0107647 0.0058596 0.0055421 0.0635609 0.0355399 0.0214405 0.9971145
1341846327.361939 0.0129794 0.0233713 0.0069516 0.0061317 0.0972814 -0.0024233 0.9952351
1341846327.830054 0.0126264 0.0322775 0.0078757 -0.0266705 0.0794841 0.0042046 0.9964704
1341846327.998073 0.0129457 0.0348380 0.0077937 -0.0477849 0.0813051 -0.0013592 0.9955422
1341846328.166023 0.0124615 0.0339813 0.0078460 -0.0593881 0.0807788 0.0034811 0.9949551
1341846328.333917 0.0121612 0.0300805 0.0078375 -0.0525045 0.0745479 0.0022584 0.9958317
1341846328.433920 0.0120546 0.0270702 0.0073918 -0.0326104 0.0730544 0.0006358 0.9967945
1341846328.570125 0.0121439 0.0223467 0.0076661 -0.0309676 0.0757695 -0.0167460 0.9965037
1341846328.636433 0.0118005 0.0202478 0.0070314 -0.0209263 0.0628677 -0.0122443 0.9977273
1341846333.697964 0.0162392 0.0053367 0.0274575 -0.0563649 0.0448243 -0.0143656 0.9973001
1341846333.965889 0.0157149 0.0047148 0.0258411 -0.0409622 0.0501226 -0.0188576 0.9977245
1341846338.925948 0.0077130 0.0048867 0.0012617 -0.0696912 0.0032480 -0.0195560 0.9973716
1341846339.326577 0.0089358 0.0068713 0.0066781 -0.0812540 0.0108706 -0.0129684 0.9965498
1341846339.426160 0.0097655 0.0070273 0.0081771 -0.0884036 0.0097730 -0.0145199 0.9959310
1341846339.530143 0.0106634 0.0070547 0.0095964 -0.0865124 0.0148973 -0.0175287 0.9959852
1341846339.731977 0.0117926 0.0070805 0.0122127 -0.0827958 0.0213891 -0.0236365 0.9960566
1341846340.501858 0.0149964 0.0071190 0.0191111 -0.0760119 0.0274544 -0.0177723 0.9965704
1341846341.538156 0.0156935 0.0064562 0.0164949 -0.0544080 0.0140560 -0.0265448 0.9980669
1341846341.842595 0.0157929 0.0061307 0.0156395 -0.0508063 0.0029883 -0.0134432 0.9986136
