1341839113.657637 0.0000000 0.0000000 0.0000000 0.0000000 0.0000000 0.0000000 1.0000000
1341839114.665607 -0.0189306 0.0077474 -0.0029428 -0.0184303 0.0015546 0.0019348 0.9998271
1341839114.697721 -0.0188594 0.0083616 -0.0012269 -0.0185319 0.0013657 -0.0008421 0.9998270
1341839116.237744 -0.1609270 0.0313705 -0.0482693 -0.0258905 0.0661901 0.0348204 0.9968631
1341839119.589618 -0.5798053 0.0487746 -0.0664694 -0.0518664 0.1610155 0.0694953 0.9831349
1341839120.429559 -0.6772222 0.0465786 -0.0563845 -0.0461081 0.1896156 0.0855458 0.9770373
1341839121.233546 -0.7844174 0.0358715 -0.0365909 -0.0451230 0.2041955 0.0935541 0.9734042
1341839121.501558 -0.8021111 0.0199679 -0.0236011 -0.0440901 0.1996711 0.0923723 0.9745024
1341839124.785678 -1.1232586 -0.0351206 0.1236784 -0.0322371 0.2584392 0.0896875 0.9613147
1341839125.389732 -1.1620443 -0.0360993 0.1345897 -0.0316012 0.2777558 0.0739389 0.9572806
1341839125.725674 -1.1699338 -0.0525441 0.1573762 -0.0424734 0.2956615 0.0827046 0.9507577
1341839127.333679 -1.2405196 -0.0992207 0.2736608 -0.0219417 0.3550749 0.0931450 0.9299271
1341839128.909718 -1.3102783 -0.1373085 0.4011199 -0.0181152 0.4246008 0.1469516 0.8931916
1341839129.109520 -1.3275821 -0.1364314 0.4260238 -0.0188812 0.4330783 0.1464342 0.8891814
1341839133.633642 -1.4858143 -0.2947321 0.8141592 -0.0221154 0.5321955 0.2299025 0.8145083
1341839133.876620 -1.5036775 -0.2946880 0.8347397 -0.0179890 0.5340019 0.2352983 0.8118824
1341839135.109696 -1.5748818 -0.3557199 0.9700013 0.0032120 0.5382292 0.2213301 0.8132110
1341839142.213523 -1.6126697 -0.5659115 1.5661010 -0.0428990 0.7384708 0.2703199 0.6162367
1341839142.949726 -1.5876018 -0.5910926 1.6196617 -0.0445341 0.7702464 0.2727980 0.5747333
1341839143.385603 -1.5866089 -0.5982393 1.6530532 -0.0524031 0.7754453 0.2694846 0.5686094
1341839143.789597 -1.5737435 -0.6079214 1.6917131 -0.0675910 0.7847121 0.2837816 0.5469245
1341839143.921613 -1.5703009 -0.6127166 1.7040092 -0.0687529 0.7898179 0.2823921 0.5401070
1341839144.189633 -1.5618565 -0.6169653 1.7227371 -0.0652506 0.7927868 0.2823635 0.5361923
1341839144.761455 -1.5440366 -0.6303567 1.7441077 -0.0630754 0.7941853 0.2825410 0.5342861
1341839144.961563 -1.5385990 -0.6336958 1.7435615 -0.0639042 0.7950512 0.2806467 0.5338982
