1341846446.410081 0.0000000 0.0000000 0.0000000 0.0000000 0.0000000 0.0000000 1.0000000
1341846446.474066 0.0036149 0.0013711 -0.0003129 -0.0049649 -0.0073981 -0.0008839 0.9999599
1341846446.510038 0.0079270 0.0013362 -0.0003238 -0.0075993 -0.0164848 -0.0038625 0.9998278
1341846447.110128 0.0615772 0.0094209 -0.0110026 -0.0453697 -0.0744132 -0.0215690 0.9959614
1341846448.786053 0.0719564 -0.0084584 -0.0319743 -0.1378003 -0.0590451 -0.0410832 0.9878446
1341846449.222044 0.0734825 -0.0253151 -0.0309918 -0.1731357 -0.0506070 -0.0556155 0.9820234
1341846449.357984 0.0735931 -0.0304469 -0.0292263 -0.1809762 -0.0474932 -0.0434880 0.9813770
1341846449.794073 0.0707810 -0.0563777 -0.0047944 -0.1966990 -0.0388118 -0.0358230 0.9790403
1341846449.861992 0.0630280 -0.0640265 -0.0004530 -0.1990503 -0.0342368 -0.0401245 0.9785688
1341846450.230042 0.0607001 -0.0827063 0.0241809 -0.2089449 -0.0284687 -0.0549609 0.9759666
1341846450.529969 0.0544636 -0.0981863 0.0464736 -0.2179067 -0.0477689 -0.0796723 0.9715385
1341846451.202275 0.0445393 -0.1136349 0.0741756 -0.2648786 -0.0957495 -0.1163041 0.9524415
1341846451.266056 0.0421338 -0.1150682 0.0780766 -0.2716937 -0.0977932 -0.1118154 0.9508503
1341846451.770041 0.0518834 -0.1004297 0.0510228 -0.2215632 -0.0621413 -0.1085227 0.9670941
1341846451.838004 0.0522502 -0.0975619 0.0449155 -0.2204408 -0.0564833 -0.1106687 0.9674544
1341846452.978269 0.0514553 -0.0462003 -0.0181146 -0.1064278 -0.0681627 -0.0533606 0.9905451
1341846453.046005 0.0509520 -0.0415287 -0.0205256 -0.1070203 -0.0617897 -0.0585131 0.9906083
1341846453.346478 0.0398952 -0.0340400 -0.0177470 -0.0637534 -0.0568144 -0.0780828 0.9932828
1341846453.447282 0.0372170 -0.0311725 -0.0184736 -0.0373513 -0.0535902 -0.0911624 0.9936913
1341846453.520074 0.0376304 -0.0263220 -0.0182556 -0.0099610 -0.0588353 -0.0835415 0.9947160
1341846454.355934 0.0345022 0.0304642 -0.0172666 0.0646847 -0.0611279 -0.0730865 0.9933467
1341846455.358098 0.0344646 0.0792428 -0.0001662 0.1413859 -0.0714117 -0.0136773 0.9872808
1341846455.422100 0.0338994 0.0781790 -0.0014505 0.1329011 -0.0720037 -0.0164927 0.9883728
1341846455.926012 0.0340469 0.0731872 -0.0036444 0.1582660 -0.0861821 -0.0179982 0.9834636
1341846456.194021 0.0335621 0.0709026 -0.0051728 0.1837259 -0.0827786 -0.0332597 0.9789210
1341846456.262012 0.0340889 0.0701704 -0.0063871 0.1886859 -0.0811313 -0.0371802 0.9779739
1341846457.198024 0.0333806 0.0682681 -0.0092858 0.1957268 -0.0898779 -0.0461994 0.9754376
1341846457.334093 0.0330838 0.0673853 -0.0103385 0.1926456 -0.0828599 -0.0474997 0.9766093
1341846457.738024 0.0324993 0.0675272 -0.0090694 0.1642995 -0.0542963 -0.0410248 0.9840602
1341846458.306111 0.0322321 0.0721774 -0.0053125 0.1645158 -0.0268330 -0.0286704 0.9855925
1341846458.373993 0.0320142 0.0733869 -0.0045299 0.1659394 -0.0286415 -0.0230306 0.9854509
1341846458.473980 0.0317438 0.0749934 -0.0034331 0.1644794 -0.0291004 -0.0184290 0.9857789
1341846458.573927 0.0315205 0.0768412 -0.0022690 0.1607057 -0.0313296 -0.0134478 0.9864134
1341846458.710158 0.0315741 0.0784500 -0.0021114 0.1453651 -0.0378375 -0.0099002 0.9886047
1341846458.979658 0.0321887 0.0821129 0.0000426 0.1199151 -0.0527338 -0.0280576 0.9909855
1341846459.078195 0.0322238 0.0829220 0.0004027 0.1050274 -0.0557983 -0.0364643 0.9922329
1341846459.310125 0.0319706 0.0854735 0.0001673 0.0791607 -0.0488531 -0.0539695 0.9942003
1341846459.578086 0.0324053 0.0870255 0.0009340 0.0670921 -0.0258562 -0.1218213 0.9899443
1341846459.814161 0.0328199 0.0873161 0.0019961 0.0668695 -0.0312256 -0.2456746 0.9665389
1341846460.685981 0.0393249 0.0941881 -0.0183497 -0.0231671 -0.0835696 -0.5664505 0.8195201
1341846460.786132 0.0395068 0.0943051 -0.0200859 -0.0390797 -0.0864645 -0.5932441 0.7994111
1341846461.490119 0.0317307 0.0911104 -0.0170089 -0.0419805 -0.0436769 -0.5734029 0.8170306
1341846462.431940 0.0317163 0.0868873 -0.0108813 0.0917350 -0.0773171 -0.1491723 0.9815062
1341846463.029970 0.0319583 0.0832859 -0.0149530 0.1417465 -0.0863290 0.1204295 0.9787502
1341846463.134111 0.0322661 0.0832000 -0.0155413 0.1404387 -0.0898333 0.1606134 0.9728362
1341846464.306089 0.0351707 0.0816676 -0.0194872 0.1337212 -0.0288297 0.5716653 0.8090033
1341846464.406125 0.0450532 0.0786493 -0.0230350 0.1515365 -0.0195683 0.6111822 0.7766016
1341846464.506083 0.0411916 0.0810989 -0.0232106 0.1545698 0.0020005 0.6357619 0.7562479
1341846464.642006 0.0389500 0.0819334 -0.0268075 0.1320254 0.0196878 0.6568546 0.7421077
1341846465.614033 0.0321273 0.0861743 -0.0254553 0.0506056 -0.0034344 0.6034710 0.7957701
1341846467.890215 0.0446852 0.0906307 -0.0399959 0.1209548 -0.1489156 -0.0032691 0.9814191
1341846467.990124 0.0547912 0.0906057 -0.0498580 0.1166665 -0.1578306 -0.0066064 0.9805278
1341846468.094305 0.0727535 0.0934976 -0.0481310 0.0989728 -0.1666463 -0.0091899 0.9809939
1341846468.226561 0.0814924 0.0974214 -0.0635084 0.0579074 -0.1539327 -0.0121792 0.9863079
1341846468.594314 0.0958574 0.0897959 -0.0580400 0.0110668 -0.1092880 -0.0338816 0.9933709
1341846468.730126 0.0952070 0.0893429 -0.0578032 0.0166513 -0.0996206 -0.0370868 0.9941947
1341846469.934183 0.1103736 0.0894368 -0.0571953 0.0345584 -0.0713417 -0.0242690 0.9965576
1341846470.238185 0.1112806 0.0893735 -0.0588359 0.0582198 -0.0594415 -0.0082187 0.9964987
1341846470.370014 0.1111496 0.0893686 -0.0587228 0.0688186 -0.0594444 -0.0015552 0.9958554
1341846470.506110 0.1111291 0.0892622 -0.0588996 0.0752802 -0.0630896 0.0013154 0.9951637
