1341840083.789974 0.0000000 0.0000000 0.0000000 0.0000000 0.0000000 0.0000000 1.0000000
1341840085.634035 -0.0780877 0.0150465 0.0011359 0.0061272 0.0358561 0.0363146 0.9986781
1341840086.577127 -0.2463765 0.0151698 -0.0035218 0.0034443 0.0549422 0.0773954 0.9954795
1341840086.781079 -0.2886671 -0.0065023 0.0037641 0.0001221 0.0614657 0.0814142 0.9947832
1341840089.018030 -0.6601863 -0.1496533 0.0468806 0.0417050 0.1680491 0.2279536 0.9581531
1341840089.393209 -0.7043850 -0.1928026 0.0744970 0.0396963 0.1813952 0.2429447 0.9521018
1341840090.525928 -0.8860061 -0.3284092 0.1544826 0.0479060 0.2238042 0.3135133 0.9215889
1341840090.994115 -0.9545509 -0.4013452 0.1914599 0.0324039 0.2431942 0.3494213 0.9042739
1341840092.034037 -1.1095920 -0.5190488 0.2704352 0.0311683 0.2593308 0.4008284 0.8781303
1341840094.382137 -1.2343550 -0.9051974 0.4952131 0.0135428 0.3633761 0.5821443 0.7272430
1341840097.162122 -1.2352418 -1.3974764 0.7822384 -0.0083738 0.4554479 0.7185196 0.5255727
1341840097.630355 -1.1828725 -1.4972129 0.8321707 -0.0154813 0.4589526 0.7505329 0.4752085
1341840097.866563 -1.1717223 -1.5354648 0.8462230 -0.0150427 0.4628016 0.7474214 0.4763922
1341840098.066017 -1.1713899 -1.5662849 0.8724630 -0.0200408 0.4724528 0.7461872 0.4686058
1341840099.005991 -1.1390877 -1.7795129 0.9984731 -0.0244747 0.4690838 0.7618182 0.4460879
1341840099.138052 -1.1286689 -1.8027511 1.0116656 -0.0292919 0.4646690 0.7624978 0.4492458
1341840100.178200 -1.0052183 -1.9427629 1.1079295 -0.0380565 0.4668563 0.7956815 0.3840414
1341840101.349978 -0.8523635 -2.1370792 1.1904433 -0.0055224 0.5438842 0.7469337 0.3824258
1341840101.721937 -0.8276178 -2.1839473 1.2318625 0.0167189 0.5702011 0.7388448 0.3587471
1341840102.725995 -0.6784796 -2.2332010 1.2912372 -0.0093036 0.5485907 0.7928481 0.2652425
1341840102.826150 -0.6600493 -2.2370601 1.2877793 -0.0139275 0.5439337 0.7986258 0.2571750
1341840107.954044 0.1573661 -2.5602648 1.4531573 -0.0196405 0.5440578 0.8331233 -0.0975749
1341840108.526066 0.2101641 -2.5983794 1.4924214 -0.0353248 0.5566484 0.8253365 -0.0878323
1341840108.926397 0.2612799 -2.5780330 1.4954392 -0.0258959 0.5410325 0.8302647 -0.1314293
1341840109.497952 0.3862673 -2.5784717 1.5159371 -0.0373463 0.5371519 0.8338435 -0.1215655
1341840111.038080 0.6208260 -2.5557244 1.4644122 -0.0411956 0.6078029 0.7778923 -0.1541497
1341840111.709993 0.7247553 -2.5698328 1.4847710 -0.0539300 0.5877910 0.7929896 -0.1508670
1341840112.110041 0.8275490 -2.5926476 1.4888508 -0.0534537 0.5799576 0.7971235 -0.1593297
1341840112.246294 0.8559323 -2.6019735 1.4889412 -0.0504471 0.5770120 0.7984095 -0.1644827
1341840112.714010 0.9553324 -2.6160588 1.5040407 -0.0454990 0.5692568 0.8041300 -0.1650802
1341840114.726177 1.3713557 -2.5538943 1.4909194 -0.0507348 0.5118490 0.8052073 -0.2950897
1341840115.462047 1.5061769 -2.5230052 1.4735248 -0.0684132 0.5007683 0.7879766 -0.3516300
1341840117.706154 1.8726747 -2.3106222 1.3194647 0.0810516 -0.4738223 -0.6969953 0.5320907
1341840121.258000 1.9243309 -1.7611572 1.0726833 0.0723475 -0.3713211 -0.5843111 0.7179604
1341840123.306046 1.8883715 -1.4532053 0.8483996 0.0750838 -0.3553370 -0.5425453 0.7574580
1341840123.405986 1.8836768 -1.4371848 0.8429446 0.0723447 -0.3674546 -0.5427105 0.7518036
1341840124.174717 1.7831786 -1.2786034 0.7794294 0.0706860 -0.3530160 -0.5446144 0.7574816
1341840124.709971 1.7508943 -1.1966757 0.7400573 0.0526946 -0.3725741 -0.5411831 0.7520190
1341840124.982274 1.7349238 -1.1538436 0.7195128 0.0528829 -0.3672135 -0.5440177 0.7525971
1341840126.017980 1.6765342 -0.9580801 0.6310530 0.0393149 -0.3569106 -0.5313055 0.7673224
1341840126.254004 1.6499865 -0.9224700 0.6341426 0.0400479 -0.3588264 -0.5286866 0.7681994
1341840128.366047 1.4056311 -0.6633636 0.5209438 0.0243218 -0.2757269 -0.4650975 0.8408731
1341840128.734647 1.3853421 -0.6024722 0.4914744 0.0358987 -0.2611923 -0.4480645 0.8542412
1341840128.902014 1.3659177 -0.5770962 0.4790613 0.0348049 -0.2483178 -0.4404806 0.8620346
1341840132.554000 0.9319807 -0.2614586 0.3224832 0.0512487 -0.1598757 -0.3525499 0.9206095
1341840132.654055 0.9196594 -0.2598855 0.3206998 0.0567664 -0.1572366 -0.3488397 0.9221525
1341840132.858128 0.8807112 -0.2402406 0.3237374 0.0626141 -0.1570711 -0.3474049 0.9223437
1341840133.258020 0.8170498 -0.2078058 0.3116016 0.0506966 -0.1461902 -0.3486963 0.9243751
1341840135.538089 0.5016950 0.0092261 0.1980864 0.0201970 -0.0626972 -0.2788042 0.9580863
1341840136.642106 0.3186308 0.0446498 0.1878645 0.0100767 -0.0039126 -0.1843987 0.9827921
1341840136.742055 0.2965361 0.0391241 0.1883080 0.0052022 0.0023616 -0.1815781 0.9833599
1341840138.825178 -0.0482281 0.0400898 0.1566566 -0.0267258 0.0258943 -0.0255861 0.9989797
1341840139.160945 -0.0877579 0.0260139 0.1686535 -0.0287476 0.0274878 -0.0223970 0.9989576
1341840139.334563 -0.1096490 0.0299441 0.1734897 -0.0226540 0.0304679 -0.0226714 0.9990218
1341840139.458157 -0.1363694 0.0145393 0.1792549 -0.0323750 0.0323888 -0.0151375 0.9988362
1341840139.657947 -0.1478155 0.0081684 0.1868863 -0.0329296 0.0437018 -0.0194082 0.9983131
1341840139.762004 -0.1517837 0.0055687 0.1881320 -0.0300320 0.0423852 -0.0229581 0.9983860
1341840140.030374 -0.1683566 -0.0000769 0.1919562 -0.0300203 0.0461254 -0.0203489 0.9982771
1341840140.162059 -0.1709474 0.0045283 0.1877197 -0.0229472 0.0437678 -0.0173363 0.9986277
