1341845950.691815 0.0000000 0.0000000 0.0000000 0.0000000 0.0000000 0.0000000 1.0000000
1341845950.853851 0.0016721 -0.0240960 -0.0025315 -0.0110730 0.0041266 0.0015029 0.9999291
1341845950.953822 0.0042029 -0.0423992 0.0007553 -0.0128818 0.0092783 0.0006678 0.9998738
1341845952.835955 0.0316470 -0.1823857 0.0368071 -0.0615605 -0.0176592 0.0074990 0.9979190
1341845956.953936 -0.0993351 0.1385876 0.1084586 0.2516147 -0.0054009 0.0429212 0.9668602
1341845958.493906 -0.0878595 0.2400390 0.2423224 0.4198625 0.0184692 0.0759572 0.9042150
1341845960.107770 -0.1216305 0.3559403 0.3971540 0.5279281 -0.0019970 0.1142235 0.8415705
1341845960.207727 -0.1228840 0.3629387 0.4078786 0.5304927 -0.0010087 0.1137661 0.8400201
1341845960.475859 -0.1209004 0.3630549 0.4339943 0.5369539 0.0003979 0.1209401 0.8348975
1341845961.509791 -0.1165314 0.3274080 0.3570294 0.5137008 0.0024090 0.0865966 0.8535846
1341845961.609802 -0.1157191 0.3193378 0.3361590 0.4991253 -0.0043073 0.0893219 0.8619031
1341845961.945896 -0.1256520 0.2672810 0.2728430 0.4480018 -0.0058341 0.0917772 0.8892903
1341845962.349929 -0.1319699 0.1905231 0.2049329 0.4094502 0.0010298 0.0836990 0.9084844
1341845963.621850 -0.1312397 0.0899996 0.0742491 0.2817520 0.0834602 0.0959376 0.9510238
1341845963.721864 -0.1429667 0.0798641 0.0867803 0.2771403 0.1081456 0.1048519 0.9489489
1341845965.198514 -0.3004231 0.0057123 0.1407488 0.2434615 0.3202278 0.1842290 0.8967944
1341845965.261899 -0.3036506 0.0008547 0.1482559 0.2402295 0.3289842 0.1888692 0.8935254
1341845965.840020 -0.3603075 -0.0479235 0.1984262 0.2171453 0.4125161 0.2526553 0.8478465
1341845965.971777 -0.3717484 -0.0541892 0.2043553 0.2166488 0.4140072 0.2555146 0.8463886
1341845966.239904 -0.3801712 -0.0564706 0.2129570 0.2105641 0.4009122 0.2522206 0.8551707
1341845966.375773 -0.3889591 -0.0515767 0.2006546 0.2075345 0.3810666 0.2536582 0.8645086
1341845967.173814 -0.3099089 0.0213930 0.1480133 0.2142503 0.2433846 0.1755534 0.9295384
1341845967.409855 -0.2806274 0.0331292 0.1482047 0.2120708 0.1962969 0.1612047 0.9436665
1341845967.845933 -0.2212121 0.0615170 0.1482184 0.1929947 0.1675576 0.1352466 0.9572805
1341845967.945831 -0.2077519 0.0656468 0.1454163 0.1879702 0.1574094 0.1269762 0.9611278
1341845968.381845 -0.1496455 0.0867170 0.1289743 0.1913015 0.0831455 0.0809820 0.9746448
1341845969.553864 0.0971034 0.1213657 0.1403793 0.1993480 -0.0224425 -0.0292185 0.9792359
1341845969.653912 0.1118176 0.1163336 0.1503950 0.1994426 -0.0358046 -0.0254940 0.9789233
1341845970.121869 0.1955416 0.1189982 0.1592871 0.2018124 -0.1094152 -0.0526819 0.9718666
1341845970.258244 0.2269070 0.1176086 0.1638271 0.2020675 -0.1279745 -0.0705276 0.9684096
1341845970.357771 0.2479040 0.1205604 0.1655364 0.1971667 -0.1416140 -0.0878196 0.9661048
1341845970.867820 0.3154083 0.1133393 0.1899562 0.2100219 -0.2203939 -0.0957618 0.9477062
1341845971.167793 0.3521668 0.0972730 0.2203937 0.2228746 -0.2452431 -0.1101539 0.9370426
1341845971.335818 0.3729992 0.0886542 0.2408061 0.2142944 -0.2594413 -0.1212398 0.9338464
1341845971.467656 0.3889302 0.0812086 0.2507528 0.2111039 -0.2718796 -0.1338261 0.9293047
1341845971.903763 0.4350292 0.0658189 0.2777093 0.2237462 -0.2785290 -0.1143601 0.9269741
1341845972.369757 0.4049489 0.0651934 0.2642844 0.2405389 -0.2710863 -0.0919020 0.9274736
1341845972.537909 0.3762435 0.0642045 0.2552677 0.2489713 -0.2589326 -0.0729310 0.9304022
1341845973.173821 0.2603476 0.0608937 0.2236632 0.2857755 -0.1914913 -0.0220607 0.9387102
1341845973.373892 0.2297153 0.0634333 0.2131625 0.2969435 -0.1755165 -0.0121732 0.9385470
1341845973.509824 0.2073120 0.0697779 0.2012528 0.3047775 -0.1600579 0.0000525 0.9388781
1341845977.161883 -0.0399215 0.0912922 0.1090107 0.1925881 0.1509971 -0.6282608 0.7385107
1341845978.970707 -0.0374156 0.0565585 0.1270763 0.3680407 0.0060122 0.2172870 0.9040444
1341845979.373833 -0.0204930 0.0485330 0.1334168 0.3793421 -0.0008633 0.4277298 0.8204547
1341845979.573970 -0.0162425 0.0513213 0.1380473 0.3725835 -0.0167636 0.5223039 0.7668762
1341845983.771983 0.0123173 0.2470536 0.0090812 0.1800807 -0.0021323 0.0265246 0.9832919
1341845983.904546 0.0185367 0.2602613 -0.0028161 0.1851163 -0.0068631 0.0248688 0.9823779
1341845984.071924 0.0262364 0.2868879 -0.0221192 0.1990801 -0.0129737 0.0365072 0.9792171
1341845984.403843 0.0359421 0.3257923 -0.0574560 0.2365488 0.0236074 0.0618064 0.9693644
1341845985.105902 0.0500942 0.3220483 -0.0768419 0.2553771 0.0676303 0.0416499 0.9635735
1341845985.274008 0.0517297 0.3239512 -0.0840114 0.2642943 0.0704325 0.0401675 0.9610277
1341845985.873899 0.0550832 0.3243850 -0.0916994 0.2735665 0.0648483 0.0478439 0.9584712
