1341839327.392692 0.0000000 0.0000000 0.0000000 0.0000000 0.0000000 0.0000000 1.0000000
1341839329.965703 -0.0592804 0.0082387 -0.0109735 -0.0015050 0.0480775 0.0008036 0.9988422
1341839330.201660 -0.1110840 0.0118125 -0.0186386 -0.0012816 0.0571955 0.0044428 0.9983523
1341839331.809615 -0.3349028 -0.0050888 0.0481939 0.0073063 0.0726126 -0.0116951 0.9972649
1341839333.992556 -0.6504678 -0.0336787 0.0875338 0.0257731 0.0886850 0.0114373 0.9956605
1341839334.196648 -0.6708941 -0.0409003 0.0957203 0.0245055 0.0935099 0.0158063 0.9951912
1341839334.357594 -0.6794094 -0.0366754 0.1018606 0.0199614 0.0977721 0.0126927 0.9949276
1341839336.301605 -0.8684237 -0.0947302 0.1989374 0.0241698 0.2635152 0.1294873 0.9556195
1341839336.769713 -0.9408838 -0.0934353 0.2205194 0.0280779 0.3075437 0.1676089 0.9362349
1341839337.405771 -1.0218921 -0.0922043 0.2391330 0.0215283 0.3476202 0.1912661 0.9176677
1341839338.309709 -1.0660602 -0.1262289 0.2905620 0.0217058 0.4316610 0.2390835 0.8695037
1341839339.113711 -1.0920244 -0.1665566 0.3901374 0.0313443 0.5298258 0.3071895 0.7898967
1341839340.053574 -1.0879915 -0.2138840 0.4773645 0.0343763 0.5629656 0.3179161 0.7621137
1341839340.321580 -1.0822254 -0.2241349 0.5125507 0.0414406 0.5579672 0.3137439 0.7671506
1341839340.825682 -1.0855451 -0.2442237 0.5725315 0.0817919 0.5630888 0.2792127 0.7734866
1341839341.461594 -1.0833163 -0.2747284 0.6412103 0.1315425 0.5607303 0.2459242 0.7796149
1341839341.593691 -1.0827738 -0.2797825 0.6489037 0.1397262 0.5547884 0.2336489 0.7861900
1341839341.997665 -1.0534617 -0.2992692 0.6865553 0.1464107 0.5336767 0.2084624 0.8064097
1341839342.265857 -1.0336851 -0.3048428 0.7179261 0.1420931 0.5121195 0.1962648 0.8240287
1341839342.801681 -1.0016023 -0.3261674 0.7469798 0.1524326 0.4652289 0.1612241 0.8569325
1341839343.001730 -0.9929396 -0.3293753 0.7570851 0.1462599 0.4476322 0.1467971 0.8698759
1341839343.137584 -0.9817322 -0.3357140 0.7601430 0.1409874 0.4336289 0.1451004 0.8780856
1341839343.573926 -0.9951574 -0.3424297 0.7897626 0.1247763 0.3875902 0.1286251 0.9042457
1341839345.756797 -1.0339226 -0.3749796 0.8695961 0.1236871 0.2282066 0.0656559 0.9634898
1341839346.228607 -1.0560855 -0.3750162 0.8838539 0.1228734 0.1895876 0.0500839 0.9728568
1341839346.360711 -1.0696764 -0.3829069 0.8925880 0.1258254 0.1799926 0.0394254 0.9747904
1341839346.460699 -1.0776339 -0.3886257 0.8941108 0.1292263 0.1669753 0.0313538 0.9769528
1341839347.364685 -1.1534793 -0.3975499 0.9003257 0.1087215 0.0720774 -0.0089030 0.9914157
1341839349.237802 -1.2839473 -0.3904007 0.9148723 0.0987756 -0.0059807 -0.0194999 0.9949007
1341839349.473716 -1.2911977 -0.3940777 0.9143505 0.0992316 -0.0031254 -0.0033073 0.9950539
1341839350.109658 -1.3015722 -0.3852357 0.9116384 0.0859915 0.0190050 -0.0012595 0.9961138
1341839350.913769 -1.3757077 -0.3642004 0.8842846 0.0840899 0.1264026 0.0394811 0.9876196
1341839351.349751 -1.4332321 -0.3720374 0.8904701 0.0841470 0.1497704 0.0580766 0.9834201
1341839352.385803 -1.5271946 -0.3886435 0.9651942 0.0670933 0.2190232 0.1071086 0.9674994
1341839354.165742 -1.7144011 -0.4539347 1.0516652 0.0672880 0.3493330 0.1690980 0.9191543
1341839354.329689 -1.7415518 -0.4615347 1.0598871 0.0739519 0.3627294 0.1792285 0.9115018
1341839354.497576 -1.7548494 -0.4701749 1.0718942 0.0738151 0.3706340 0.1880371 0.9065450
1341839356.709843 -1.8454812 -0.5742877 1.2609571 0.0474340 0.5078174 0.2723799 0.8158926
1341839357.514956 -1.9323999 -0.6253213 1.3608868 0.0644404 0.5713900 0.3010120 0.7607580
1341839357.681786 -1.9378587 -0.6440548 1.3789948 0.0574538 0.5753613 0.3070370 0.7559013
1341839358.485712 -1.9409939 -0.6903768 1.4882431 0.0438692 0.5916512 0.2985156 0.7476047
1341839359.525779 -1.9506803 -0.7771137 1.6184835 0.0382295 0.6007760 0.3137042 0.7343000
1341839359.694301 -1.9507241 -0.7895740 1.6426526 0.0416769 0.5985810 0.3145475 0.7355432
1341839362.542222 -1.9763180 -1.0554039 2.0226736 0.0647849 0.6071229 0.3063837 0.7302970
1341839362.784599 -1.9836483 -1.0662242 2.0520313 0.0719815 0.6024414 0.3123800 0.7309595
1341839363.620692 -1.9804845 -1.0860889 2.0813968 0.0655635 0.6023061 0.3102636 0.7325744
1341839364.049835 -1.9755623 -1.0855978 2.0951385 0.0578661 0.5967467 0.3160304 0.7353024
