1341847980.722988 0.0000000 0.0000000 0.0000000 0.0000000 0.0000000 0.0000000 1.0000000
1341847981.658738 -0.0296258 0.0030467 -0.0100595 0.0043091 0.0114737 0.0055479 0.9999095
1341847981.758846 -0.0379995 0.0063769 -0.0106316 0.0040228 0.0142495 0.0059315 0.9998728
1341847983.502767 -0.1805695 -0.0048048 -0.0078271 -0.0073020 0.0603633 0.0250895 0.9978344
1341847984.074737 -0.2763475 0.0068227 -0.0184570 0.0069384 0.0824097 0.0333317 0.9960168
1341847984.306662 -0.3149947 0.0133461 -0.0065147 -0.0083787 0.0887405 0.0299035 0.9955705
1341847984.442894 -0.3323671 0.0133494 0.0061295 -0.0153052 0.0853903 0.0348787 0.9956193
1341847985.210840 -0.3974332 -0.0270588 0.1113296 -0.0139893 0.1084399 0.0567253 0.9923847
1341847985.782765 -0.4311155 -0.0625781 0.1901872 0.0041524 0.1509092 0.0750487 0.9856859
1341847985.914968 -0.4401147 -0.0750406 0.2033061 0.0124561 0.1580625 0.0869030 0.9835187
1341847986.118719 -0.4500110 -0.0914407 0.2278681 0.0095757 0.1765243 0.0919468 0.9799455
1341847986.218674 -0.4540784 -0.0989845 0.2435042 0.0081470 0.1886233 0.0940714 0.9774996
1341847987.422820 -0.4815494 -0.1696744 0.4077550 -0.0057704 0.2958011 0.1380790 0.9451998
1341847987.626925 -0.4938494 -0.1653205 0.4310731 0.0140765 0.3195114 0.1507419 0.9354097
1341847989.202743 -0.5907793 -0.1944243 0.5528837 0.0201302 0.3613715 0.1966731 0.9112218
1341847989.634745 -0.6384640 -0.2199507 0.5589404 0.0084801 0.3625071 0.1682393 0.9166309
1341847989.770735 -0.6535439 -0.2216103 0.5585320 0.0065893 0.3704194 0.1667751 0.9137462
1341847990.606790 -0.7649454 -0.2434517 0.5712159 0.0118533 0.3772755 0.1838668 0.9075878
1341847990.942685 -0.7955064 -0.2509194 0.5820228 0.0100690 0.3923419 0.2008224 0.8975728
1341847991.078680 -0.8042164 -0.2555439 0.5890094 0.0108087 0.4008582 0.2040946 0.8930516
1341847991.782657 -0.8516241 -0.2864014 0.6306502 0.0162603 0.4437942 0.2539994 0.8592244
1341847992.818723 -0.9348069 -0.3419946 0.7076175 0.0156448 0.5143349 0.2758743 0.8118548
1341847992.922713 -0.9415022 -0.3459539 0.7159835 0.0110030 0.5183786 0.2779394 0.8086485
1341847993.086751 -0.9501929 -0.3528391 0.7301307 0.0091918 0.5248622 0.2810696 0.8033897
1341847993.590981 -0.9688007 -0.3803323 0.7842359 0.0165554 0.5511038 0.3012407 0.7779875
1341847994.269680 -0.9822422 -0.4261946 0.8493665 0.0073243 0.5845504 0.3085515 0.7503620
1341847994.369712 -0.9860617 -0.4343495 0.8598770 0.0105069 0.5920706 0.3085843 0.7443908
1341847994.569734 -1.0000384 -0.4501061 0.8838619 0.0219485 0.6007608 0.3157956 0.7340831
1341847995.198787 -1.0197349 -0.4851481 0.9539793 0.0101047 0.6381710 0.3444304 0.6884791
1341847995.466776 -1.0216227 -0.4997509 0.9789283 0.0094378 0.6519730 0.3477331 0.6737387
1341847995.602698 -1.0235863 -0.5063437 0.9932836 0.0187722 0.6501720 0.3585932 0.6695781
1341847996.842763 -1.0261295 -0.5445142 1.0743089 0.0058980 0.7044078 0.3893962 0.5934185
1341847997.278756 -1.0373996 -0.5723852 1.1272515 0.0127236 0.7101183 0.3881437 0.5872943
1341847997.778734 -1.0180233 -0.6076072 1.1763715 0.0131753 0.7403046 0.3750232 0.5577930
1341847998.253760 -0.9921420 -0.6417966 1.2301095 0.0226496 0.7405545 0.3891161 0.5474073
1341847998.382723 -0.9842043 -0.6506335 1.2456743 0.0199358 0.7371692 0.3877170 0.5530457
1341847998.618771 -0.9754524 -0.6654285 1.2769125 0.0044903 0.7333531 0.3833710 0.5614265
1341847998.750838 -0.9720466 -0.6733354 1.2970779 0.0012494 0.7340822 0.3847264 0.5595599
1341847999.290995 -0.9535767 -0.6979471 1.3654876 -0.0017359 0.7459120 0.3997728 0.5327232
1341847999.454933 -0.9458594 -0.7059960 1.3789526 0.0117319 0.7559506 0.4027482 0.5159408
1341847999.858757 -0.9114232 -0.7178186 1.4045341 0.0300556 0.7856740 0.4176363 0.4554042
1341848000.194808 -0.8757110 -0.7136750 1.4153280 0.0230700 0.7934086 0.4535512 0.4052923
1341848000.530849 -0.8428517 -0.7085481 1.4184520 0.0170531 0.7975508 0.4713099 0.3761501
1341848000.695377 -0.8244548 -0.7083516 1.4192650 0.0202407 0.8062978 0.4689385 0.3599596
1341848000.930722 -0.7964153 -0.7127840 1.4228576 0.0325089 0.8164506 0.4696129 0.3343879
1341848001.098800 -0.7747607 -0.7156035 1.4263148 0.0378676 0.8194706 0.4724645 0.3221974
1341848001.366701 -0.7405829 -0.7111591 1.4329903 0.0235202 0.8331129 0.4680584 0.2937534
1341848001.702767 -0.7050455 -0.7001357 1.4258864 0.0113932 0.8529842 0.4676542 0.2314901
1341848002.002731 -0.6717542 -0.6935229 1.4150872 0.0177616 0.8612836 0.4724032 0.1863071
1341848002.606780 -0.6122139 -0.6702088 1.3966100 0.0096020 0.8615916 0.4926750 0.1218153
1341848002.742817 -0.6004072 -0.6635829 1.3960042 0.0026435 0.8590373 0.4981324 0.1179497
1341848002.875238 -0.5864347 -0.6562995 1.3954698 0.0055338 0.8582155 0.5000734 0.1155946
1341848003.042638 -0.5681776 -0.6526058 1.3948350 0.0069940 0.8606901 0.4927900 0.1277560
1341848003.175700 -0.5543135 -0.6507237 1.3946139 -0.0024074 0.8611840 0.4901019 0.1347457
1341848003.617886 -0.5073125 -0.6372085 1.3945299 -0.0210792 0.8595467 0.4771976 0.1817072
1341848003.753761 -0.4934494 -0.6331232 1.3921810 -0.0282163 0.8575879 0.4716640 0.2031745
1341848003.885751 -0.4819071 -0.6269265 1.3868008 -0.0301317 0.8540223 0.4703942 0.2201530
1341848004.121698 -0.4601687 -0.6142095 1.3732327 -0.0276307 0.8470969 0.4708385 0.2448968
1341848004.357934 -0.4370168 -0.6001589 1.3637803 -0.0322343 0.8365813 0.4700146 0.2796047
1341848004.589761 -0.4153225 -0.5861155 1.3614299 -0.0468792 0.8208586 0.4736357 0.3156940
1341848005.093879 -0.3901647 -0.5712091 1.3638172 -0.0619790 0.7944333 0.4810928 0.3654915
1341848005.225713 -0.3853865 -0.5698055 1.3644332 -0.0605210 0.7879786 0.4815484 0.3788641
1341848006.569740 -0.3319924 -0.5818573 1.3950391 -0.0348429 0.7457967 0.4337018 0.5044560
1341848007.766913 -0.2862923 -0.6481041 1.4671131 -0.0017866 0.7822816 0.4545765 0.4259020
1341848007.934851 -0.2749065 -0.6569459 1.4758751 -0.0024766 0.7902655 0.4672167 0.3964630
1341848008.103209 -0.2655915 -0.6635710 1.4881300 0.0039688 0.7957472 0.4739286 0.3770442
1341848008.538786 -0.2305025 -0.6824350 1.5120320 0.0101545 0.8055789 0.4991969 0.3189701
1341848009.242869 -0.1840394 -0.7037330 1.5440044 0.0096225 0.8259037 0.5122030 0.2354541
1341848009.578814 -0.1576637 -0.7024341 1.5550560 0.0044423 0.8293639 0.5260785 0.1880885
1341848009.746819 -0.1395273 -0.7016900 1.5561585 -0.0021835 0.8319506 0.5219285 0.1882659
1341848009.914782 -0.1238185 -0.6956630 1.5583262 -0.0001325 0.8327286 0.5201045 0.1898802
1341848010.382819 -0.0832441 -0.6731802 1.5242925 0.0035675 0.8296505 0.5317402 0.1700577
1341848011.118701 -0.0616159 -0.6557108 1.4744097 0.0094669 0.8327161 0.5435436 0.1051406
1341848011.386749 -0.0552537 -0.6515322 1.4668524 0.0078935 0.8355423 0.5437475 0.0783931
1341848011.858763 -0.0485455 -0.6356367 1.4491013 0.0104559 0.8305357 0.5564140 0.0224630
1341848012.626774 -0.0464853 -0.5866714 1.3918788 -0.0273136 0.8137539 0.5789303 0.0435693
1341848012.930848 -0.0379818 -0.5716508 1.3777015 -0.0527921 0.8117221 0.5734132 0.0975578
1341848013.198719 -0.0314840 -0.5630253 1.3759058 -0.0614262 0.8092093 0.5652941 0.1478168
1341848013.598764 -0.0162228 -0.5567260 1.3846134 -0.0766080 0.7889047 0.5625631 0.2351242
1341848013.866791 -0.0036370 -0.5577236 1.3875643 -0.0821308 0.7825490 0.5439895 0.2914566
1341848014.002717 0.0030458 -0.5561184 1.3913318 -0.0852594 0.7782464 0.5371729 0.3138609
1341848014.102686 0.0083011 -0.5541484 1.3922634 -0.0914454 0.7705001 0.5328816 0.3376457
1341848014.270714 0.0240647 -0.5520261 1.3977550 -0.1040866 0.7583598 0.5243965 0.3729138
1341848014.438848 0.0422727 -0.5514176 1.4065919 -0.1101106 0.7467330 0.5106020 0.4117660
1341848014.606858 0.0571923 -0.5525817 1.4158024 -0.1131887 0.7358890 0.4864326 0.4572080
1341848014.774750 0.0731210 -0.5553258 1.4216311 -0.1045112 0.7270782 0.4701594 0.4892698
1341848014.906647 0.0806043 -0.5542009 1.4233447 -0.0881445 0.7144554 0.4622349 0.5178059
1341848016.589825 0.1124518 -0.5541751 1.4392351 -0.0737424 0.5613613 0.3765058 0.7332659
1341848016.657837 0.1107222 -0.5549963 1.4419904 -0.0641518 0.5630832 0.3818909 0.7300556
1341848016.757848 0.1081681 -0.5590726 1.4471588 -0.0613686 0.5643619 0.3811631 0.7296878
1341848017.186855 0.0838569 -0.5810714 1.4704913 -0.0619304 0.5808969 0.3903195 0.7115996
1341848017.386825 0.0678582 -0.5933818 1.4766771 -0.0427553 0.6080426 0.3915789 0.6892911
1341848017.686820 0.0503141 -0.6070520 1.4823102 -0.0259083 0.6361915 0.3968313 0.6611460
1341848017.822756 0.0405325 -0.6122474 1.4846318 -0.0108020 0.6470392 0.3942361 0.6525347
1341848018.058766 0.0318636 -0.6189597 1.4919480 -0.0128602 0.6578044 0.3963397 0.6403459
1341848018.501822 0.0273908 -0.6363422 1.5178206 -0.0052126 0.6855293 0.4228407 0.5926450
1341848018.833759 0.0261527 -0.6585079 1.5538629 -0.0093164 0.7074205 0.4325845 0.5588739
1341848019.002336 0.0239144 -0.6717421 1.5696760 -0.0037339 0.7145467 0.4331311 0.5493692
1341848019.162652 0.0212717 -0.6847112 1.5823793 -0.0051079 0.7238382 0.4336694 0.5366219
1341848019.530821 0.0158640 -0.7122628 1.6254468 -0.0118617 0.7542054 0.4398955 0.4873658
1341848019.934782 0.0157126 -0.7392838 1.6740718 -0.0050209 0.7739161 0.4512265 0.4443234
1341848020.134758 0.0201218 -0.7470582 1.6875923 -0.0029138 0.7864721 0.4586609 0.4136221
1341848020.302754 0.0272171 -0.7551481 1.7009165 -0.0054970 0.7997546 0.4585419 0.3874296
1341848020.670809 0.0518897 -0.7712630 1.7286081 0.0100554 0.8246379 0.4651346 0.3217466
1341848021.074762 0.0817377 -0.7900963 1.7533478 0.0120513 0.8333146 0.4766674 0.2796958
1341848021.274899 0.1001227 -0.7959965 1.7650404 0.0079175 0.8427216 0.4755840 0.2521457
1341848021.778676 0.1567829 -0.8185369 1.7961791 0.0126911 0.8693707 0.4631376 0.1718635
1341848022.046709 0.1913616 -0.8219741 1.8005043 0.0028087 0.8768865 0.4598874 0.1398771
1341848022.314757 0.2292148 -0.8232875 1.7943125 0.0061940 0.8860781 0.4534217 0.0961045
1341848022.621801 0.2633122 -0.8317843 1.7787572 0.0141526 0.8951497 0.4429402 0.0480685
1341848022.850799 0.2895439 -0.8313956 1.7680397 0.0133039 0.8933088 0.4492320 0.0035922
1341848023.082738 0.3184319 -0.8235292 1.7528896 -0.0044167 0.8841475 0.4632836 -0.0602662
1341848023.318763 0.3473712 -0.8126082 1.7458835 -0.0076537 0.8713223 0.4771712 -0.1142209
1341848023.555068 0.3715868 -0.7982385 1.7334048 -0.0152762 0.8596370 0.4875336 -0.1519930
1341848023.786854 0.3893532 -0.7887194 1.7141569 -0.0141223 0.8568773 0.4807712 -0.1855290
1341848024.022671 0.4023082 -0.7762181 1.6895444 -0.0076031 0.8512826 0.4744745 -0.2239065
1341848024.222838 0.4095229 -0.7704804 1.6690714 0.0061894 0.8447433 0.4736415 -0.2490667
1341848024.458795 0.4175865 -0.7556203 1.6465876 0.0039600 0.8324274 0.4789576 -0.2786550
1341848024.962678 0.4557579 -0.7247362 1.6135195 0.0102385 0.8108863 0.4762285 -0.3399486
1341848025.230646 0.4844044 -0.7122821 1.6000261 0.0161825 0.7984069 0.4756293 -0.3688649
1341848025.462832 0.5039946 -0.7045352 1.5871637 0.0158251 0.7917798 0.4735190 -0.3855051
1341848025.698755 0.5187336 -0.6961843 1.5758262 0.0135409 0.7831545 0.4733595 -0.4030093
1341848026.434734 0.5595472 -0.6595027 1.5330199 0.0461641 0.7540917 0.4577929 -0.4686579
1341848026.906905 0.5944452 -0.6393281 1.5048461 0.0369402 0.7458122 0.4531002 -0.4869290
1341848027.274701 0.6411645 -0.6265847 1.4878016 0.0372508 0.7433542 0.4450564 -0.4979576
1341848027.642684 0.6874935 -0.6179918 1.4698168 0.0315345 0.7580861 0.4275692 -0.4914220
1341848027.842836 0.7036691 -0.6105105 1.4585822 0.0282341 0.7617334 0.4298749 -0.4839140
1341848028.011034 0.7135781 -0.6037877 1.4455330 0.0209805 0.7650927 0.4352596 -0.4740697
1341848028.347962 0.7269386 -0.5907840 1.4149419 0.0216406 0.7692786 0.4253836 -0.4762257
1341848028.914838 0.7595705 -0.5630142 1.3574910 0.0316878 0.7683423 0.4173291 -0.4842339
1341848029.118800 0.7686001 -0.5541445 1.3406314 0.0296313 0.7661996 0.4204802 -0.4850324
1341848029.554721 0.7956811 -0.5354915 1.3088372 -0.0217706 -0.7519943 -0.4202370 0.5073771
1341848029.990762 0.8395100 -0.5198162 1.2843055 -0.0306086 -0.7327268 -0.4058348 0.5454106
1341848030.322775 0.8619977 -0.5062635 1.2669349 -0.0301996 -0.7130470 -0.4049956 0.5715160
1341848030.526716 0.8706349 -0.4948713 1.2540258 -0.0296049 -0.6986088 -0.4053145 0.5888884
1341848031.062783 0.8969553 -0.4687992 1.2066240 -0.0475004 -0.6773338 -0.3604930 0.6395368
1341848031.394753 0.9144346 -0.4568912 1.1745721 -0.0592137 -0.6713881 -0.3513538 0.6498324
1341848032.203043 0.9626071 -0.4347546 1.1240737 -0.0435456 -0.6313705 -0.3199598 0.7050537
1341848032.502972 0.9812016 -0.4233557 1.1068509 -0.0394619 -0.6233565 -0.3128903 0.7155202
1341848032.634746 0.9881461 -0.4195123 1.0970846 -0.0358932 -0.6240496 -0.3068446 0.7177188
1341848032.902707 1.0012075 -0.4099456 1.0724289 -0.0329235 -0.6249186 -0.3011204 0.7195271
1341848033.206854 1.0036981 -0.3961577 1.0473471 -0.0341997 -0.6139390 -0.2906581 0.7330942
1341848034.142710 1.0156376 -0.3683752 0.9825242 -0.0285744 -0.5605147 -0.2465558 0.7900740
1341848034.386162 1.0255831 -0.3655366 0.9694163 -0.0285675 -0.5433815 -0.2264372 0.8078654
1341848034.683883 1.0439513 -0.3487057 0.9431125 -0.0305870 -0.5350944 -0.2256598 0.8135207
1341848034.814737 1.0494921 -0.3393711 0.9315181 -0.0342777 -0.5326319 -0.2254279 0.8150525
1341848035.118886 1.0562956 -0.3236728 0.9138553 -0.0371828 -0.5204428 -0.2285700 0.8218957
1341848036.691175 1.0244372 -0.2583599 0.7809401 -0.0490726 -0.4629966 -0.1634873 0.8697689
1341848036.994836 1.0204607 -0.2440732 0.7404367 -0.0413093 -0.4458293 -0.1408739 0.8829973
1341848037.430946 1.0112659 -0.2230983 0.6839321 -0.0008611 -0.4560808 -0.1281005 0.8806701
1341848037.769764 0.9933865 -0.2059254 0.6496166 0.0054409 -0.4421439 -0.1334914 0.8869381
1341848037.930939 0.9813150 -0.1975306 0.6359448 -0.0034617 -0.4281866 -0.1256606 0.8949043
1341848038.938767 0.9215230 -0.1506466 0.5463234 -0.0047776 -0.3739676 -0.1111204 0.9207484
1341848039.106775 0.9190866 -0.1397530 0.5291389 -0.0069321 -0.3607514 -0.1039091 0.9268297
1341848039.438853 0.9135086 -0.1219469 0.4957662 -0.0070174 -0.3455824 -0.0947516 0.9335661
1341848039.775334 0.8947816 -0.1089245 0.4731380 -0.0017204 -0.3293995 -0.1000473 0.9388735
1341848040.110819 0.8681890 -0.0927057 0.4495246 -0.0058542 -0.3112619 -0.0845369 0.9465386
1341848040.778774 0.8140979 -0.0814367 0.4061482 -0.0026430 -0.2519341 -0.0519055 0.9663478
1341848040.946862 0.8008761 -0.0777226 0.3995204 0.0017137 -0.2258167 -0.0416734 0.9732766
1341848041.450845 0.7642306 -0.0587888 0.3813190 -0.0239084 -0.1731145 0.0025842 0.9846081
1341848041.618743 0.7458702 -0.0562390 0.3847308 -0.0292590 -0.1520970 0.0039044 0.9879247
1341848041.954693 0.7010311 -0.0571972 0.3819470 -0.0227760 -0.1338554 0.0312850 0.9902450
1341848042.658741 0.6158809 -0.0632922 0.3926970 -0.0362082 -0.0627244 0.0776551 0.9943461
1341848043.369819 0.5433972 -0.0607274 0.3941613 -0.0404663 0.0197348 0.1238384 0.9912805
1341848044.005919 0.4712271 -0.0818629 0.4332570 -0.0483656 0.0520689 0.1491064 0.9862641
1341848044.473716 0.4346171 -0.0958683 0.4587700 -0.0548852 0.0754140 0.1674406 0.9814602
1341848044.934911 0.3982254 -0.1045349 0.4845275 -0.0469684 0.1257964 0.2155005 0.9672273
1341848045.238872 0.3757418 -0.1109462 0.5025873 -0.0555781 0.1337849 0.2224678 0.9641166
1341848046.181848 0.3076113 -0.1390058 0.5864699 -0.0563330 0.0961823 0.1804276 0.9772520
1341848046.349732 0.2926571 -0.1398693 0.5946900 -0.0630170 0.0866929 0.1649966 0.9804536
1341848046.653748 0.2630675 -0.1373850 0.5977258 -0.0672578 0.0743552 0.1468367 0.9840664
1341848047.550836 0.1657288 -0.1201393 0.5562167 -0.0608274 0.0377698 0.1244127 0.9896438
1341848047.886853 0.1305497 -0.1216323 0.5475047 -0.0594623 0.0333789 0.1152144 0.9909973
1341848048.054937 0.1141760 -0.1206538 0.5440385 -0.0534043 0.0325218 0.1147187 0.9914283
1341848049.930835 -0.0765359 -0.1293294 0.4747568 0.0188940 0.0530276 0.1043958 0.9929414
1341848050.330688 -0.1220149 -0.1197630 0.4635428 0.0181318 0.0261556 0.0778710 0.9964553
1341848051.270842 -0.2070121 -0.1274633 0.4478952 0.0271506 -0.0631404 0.0181311 0.9974705
1341848051.906707 -0.2214684 -0.1151193 0.4304280 0.0731328 -0.1347592 -0.0704264 0.9856631
1341848052.042751 -0.2166561 -0.1118265 0.4291276 0.0678179 -0.1388948 -0.0862342 0.9842117
1341848052.646710 -0.1727545 -0.0926712 0.4002522 0.0665469 -0.1049429 -0.1357937 0.9829133
1341848052.746833 -0.1655033 -0.0867915 0.3922871 0.0669011 -0.1003156 -0.1392370 0.9828907
1341848053.521747 -0.0948851 -0.0685057 0.3453104 0.0602261 -0.0158359 -0.0890742 0.9940764
1341848053.553915 -0.0913874 -0.0682475 0.3426588 0.0573825 -0.0103731 -0.0856095 0.9946209
1341848054.691021 -0.0972498 -0.0577104 0.2644168 0.0247487 0.0796796 0.0553864 0.9949729
1341848055.394711 -0.1208009 -0.0312306 0.1880855 0.0584860 0.1194970 0.1028180 0.9857628
1341848055.594685 -0.1370571 -0.0195156 0.1639363 0.0594258 0.1345903 0.1053441 0.9834921
1341848055.830810 -0.1529425 -0.0118129 0.1454578 0.0546497 0.1560309 0.1198563 0.9789292
1341848056.466830 -0.2495462 -0.0054046 0.1421392 0.0522165 0.1596059 0.1559464 0.9733859
1341848056.902748 -0.3198956 -0.0159510 0.1472805 0.0304911 0.1346550 0.1556495 0.9781163
1341848057.070964 -0.3401551 -0.0196082 0.1532387 0.0232287 0.1443529 0.1524379 0.9774382
1341848057.838760 -0.4670576 -0.0178926 0.1659885 -0.0104279 0.1950322 0.1892296 0.9623128
1341848058.006833 -0.4960473 -0.0196491 0.1695669 -0.0102251 0.1954781 0.1957743 0.9609143
1341848058.174743 -0.5237771 -0.0254479 0.1731764 -0.0009591 0.1826266 0.1893756 0.9647712
1341848058.510788 -0.5687423 -0.0420721 0.1917154 0.0090953 0.1827823 0.1874141 0.9650823
1341848060.118813 -0.6238382 -0.0590029 0.2198650 0.0605776 0.2697740 0.2053570 0.9388189
1341848060.318914 -0.6220903 -0.0563018 0.2181858 0.0636171 0.2767812 0.1951355 0.9387583
1341848060.895671 -0.6043161 -0.0473876 0.2123380 0.0785075 0.2748939 0.1727126 0.9425711
1341848063.102822 -0.4853406 -0.0575152 0.2124001 0.0896825 0.2129286 0.1492935 0.9614208
1341848063.777773 -0.4241973 -0.0466509 0.2120714 0.0663126 0.1886663 0.1323242 0.9708233
1341848064.045815 -0.3966875 -0.0587353 0.2321775 0.0682663 0.1816379 0.1240368 0.9731199
1341848065.010770 -0.2648565 -0.0706347 0.2550542 0.0773690 0.1603326 0.1264606 0.9758664
1341848067.322816 -0.0676898 -0.0672484 0.2723376 0.0853724 0.0495735 0.0269616 0.9947498
1341848067.558770 -0.0521289 -0.0629566 0.2671699 0.0827106 0.0539630 0.0417450 0.9942355
1341848067.862808 -0.0395589 -0.0618209 0.2591336 0.0940167 0.0667555 0.0500517 0.9920682
