1341845820.751833 0.0000000 0.0000000 0.0000000 0.0000000 0.0000000 0.0000000 1.0000000
1341845822.527724 -0.0040957 -0.0013231 0.0001135 0.0139668 0.0154453 -0.0043738 0.9997736
1341845822.559648 -0.0044871 -0.0011984 0.0002541 0.0130673 0.0148532 -0.0036542 0.9997976
1341845826.981873 -0.0497285 -0.0054574 0.0008122 -0.0218728 -0.0344167 0.0510887 0.9978612
1341845827.182474 -0.0486462 -0.0037393 0.0015768 -0.0418802 -0.0259590 0.0517054 0.9974461
1341845827.282532 -0.0473864 -0.0022032 0.0005168 -0.0400516 -0.0243266 0.0547490 0.9973999
1341845834.253824 0.0361616 0.0070322 -0.0035993 -0.0450351 0.0469132 0.0416674 0.9970130
1341845834.355135 0.0349631 0.0056051 -0.0020723 -0.0412881 0.0459974 0.0426758 0.9971752
1341845834.521785 0.0320865 0.0059977 -0.0021627 -0.0386309 0.0453399 0.0370323 0.9975373
1341845834.689847 0.0282575 0.0058055 -0.0019660 -0.0428705 0.0426454 0.0312100 0.9976820
1341845836.907663 -0.0099575 -0.0030010 -0.0025851 0.0350096 -0.0183198 0.0562454 0.9976348
1341845840.585765 -0.0074039 -0.0273891 0.0005244 -0.0486868 0.0534578 -0.0020342 0.9973804
1341845840.853661 -0.0095482 -0.0251058 0.0004749 -0.0452129 0.0480919 -0.0050829 0.9978062
1341845841.457784 -0.0102896 -0.0171593 0.0016605 -0.0147594 0.0442955 -0.0032061 0.9989043
1341845846.721930 -0.0110906 0.0519747 0.0073961 -0.0766528 0.0024812 0.0251915 0.9967365
1341845846.853756 -0.0112338 0.0498935 0.0073109 -0.0744280 0.0043276 0.0240836 0.9969261
1341845846.989607 -0.0117844 0.0463651 0.0072890 -0.0619996 0.0032782 0.0242551 0.9977760
1341845847.189613 -0.0115446 0.0421096 0.0070110 -0.0432737 -0.0010910 0.0211746 0.9988382
1341845847.593782 -0.0110235 0.0315593 0.0047505 -0.0390674 0.0008898 0.0098200 0.9991879
1341845847.693751 -0.0105876 0.0291130 0.0036323 -0.0340191 0.0005188 0.0145433 0.9993153
1341845859.789818 -0.0150864 0.0116032 -0.0318607 -0.0636210 0.0378832 -0.0096630 0.9972081
1341845860.057745 -0.0161181 0.0116340 -0.0324366 -0.0506357 0.0315172 -0.0140383 0.9981210
1341845860.461780 -0.0156415 0.0110938 -0.0329895 -0.0306225 -0.0112809 -0.0288190 0.9990518
1341845862.879714 -0.0121199 0.0109380 -0.0309734 -0.0236375 0.0000421 -0.0246019 0.9994178
